NR_175549.1	1532	3	0
NR_146667.2	1522	19	0
NR_125691.1	1419	8	0
NR_125600.1	1499	4	0
NR_117407.1	1488	1	0
NR_074910.1	1544	65	0
NR_173610.1	1543	1	0
NR_173598.1	1456	7	0
NR_173536.1	1459	2	0
NR_171429.1	1494	6	0
NR_171417.1	1078	3	0
NR_169500.1	1451	2	0
NR_169468.1	1495	97	0
NR_169374.1	1480	2	0
NR_169334.1	1500	1	0
NR_165748.1	1538	1	0
NR_165730.1	1505	9	0
NR_165666.1	1580	1	0
NR_164872.1	1479	1	0
NR_159926.1	1530	2	0
NR_159925.1	1530	1	0
NR_159317.1	1454	1	0
NR_159255.1	1542	3	0
NR_159235.1	1503	1	0
NR_159084.1	1542	1	0
NR_159083.1	1542	2	0
NR_158147.1	1479	1	0
NR_157778.1	1537	8	0
NR_157777.1	1531	12	0
NR_157762.1	1525	3	0
NR_157011.1	1515	1	0
NR_156989.1	1539	1	0
NR_156970.1	1489	1	0
NR_156892.1	1518	3	0
NR_156815.1	1539	2	0
NR_156148.1	1439	1	0
NR_156064.1	1480	1	0
NR_156047.1	1419	2	0
NR_153752.1	1543	3	0
NR_151916.1	1489	2	0
NR_074499.2	1481	1	0
NR_136501.2	1537	11	0
NR_149796.1	1436	1	0
NR_149789.1	1454	1	0
NR_149302.1	1542	2	0
NR_148840.1	1420	3	0
NR_148649.1	1444	5	0
NR_148635.1	1423	1	0
NR_147393.1	1464	1	0
NR_145877.1	1497	4	0
NR_145647.1	1422	5	0
NR_137380.1	1502	1	0
NR_137333.1	1495	1	0
NR_137252.1	1453	1	0
NR_137228.1	1441	3	0
NR_136820.1	1435	1	0
NR_135709.1	1489	1	0
NR_135703.1	1524	1	0
NR_134794.1	1441	2	0
NR_134077.1	1508	1	0
NR_134063.1	1462	2	0
NR_134038.1	1484	1	0
NR_134020.1	1409	2	0
NR_133875.1	1480	1	0
NR_133859.1	1451	1	0
NR_132709.1	1503	4	0
NR_108689.1	1396	12	0
NR_125690.1	1459	12	0
NR_125587.1	1397	1	0
NR_121793.1	1543	4	0
NR_118335.1	1395	1	0
NR_118238.1	1483	4	0
NR_118155.1	1498	1	0
NR_117921.1	1424	1	0
NR_117826.1	1442	1	0
NR_117823.1	1442	1	0
NR_117697.1	1516	3	0
NR_117613.1	1507	1	0
NR_117547.1	1535	10	0
NR_117296.1	1453	1	0
NR_117186.1	1472	1	0
NR_116999.1	1413	1	0
NR_116899.1	1496	1	0
NR_116651.1	1528	1	0
NR_116604.1	1422	1	0
NR_115279.1	1424	1	0
NR_114937.1	1513	1	0
NR_113361.1	1445	1	0
NR_102842.1	1526	1	0
NR_102806.1	1539	3	0
NR_102497.1	1527	1	0
NR_074869.1	1539	7	0
NR_074231.1	1475	1	0
NR_044209.1	1419	1	0
NR_043731.1	1505	1	0
NR_043618.1	1478	8	0
NR_041504.1	1483	1	0
NR_041486.1	1521	1	0
NR_043877.1	1480	1	0
NR_043648.1	1486	1	0
NR_043634.1	1478	1	0
NR_024862.1	1521	4	0
NR_156919.1	1518	2	0
NR_156052.1	1336	11	0
NR_102794.2	1543	16	0
NR_103934.2	1537	3	0
NR_029161.2	1533	2	0
NR_102493.2	1540	53	0
NR_121732.2	1557	1	0
NR_148325.2	1530	1	0
NR_149758.1	1518	1	0
NR_145562.1	1512	5	0
NR_135725.1	1483	1	0
NR_134807.1	1451	5	0
NR_126318.1	1531	1	0
NR_126317.1	1532	1	0
NR_126303.1	1501	1	0
NR_126208.1	1429	13	0
NR_122064.1	1560	1	0
NR_122057.1	1544	3	0
NR_121742.1	1542	1	0
NR_121739.1	1546	2	0
NR_121733.1	1525	9	0
NR_121724.1	1545	5	0
NR_121703.1	1542	6	0
NR_119367.1	1497	1	0
NR_119365.1	1498	3	0
NR_119279.1	1452	3	0
NR_119277.1	1452	1	0
NR_119225.1	1492	2	0
NR_119214.1	1401	1	0
NR_119005.1	1480	2	0
NR_118866.1	1354	1	0
NR_118858.1	1458	1	0
NR_118856.1	1458	1	0
NR_118853.1	1502	8	0
NR_118745.1	1479	1	0
NR_118568.1	1369	4	0
NR_118556.1	1376	4	0
NR_118537.1	1331	1	0
NR_118431.1	1493	2	0
NR_118408.1	1498	1	0
NR_118394.1	1500	2	0
NR_118387.1	1439	1	0
NR_118126.1	1345	1	0
NR_118121.1	1344	1	0
NR_118120.1	1344	2	0
NR_118088.1	1443	3	0
NR_117752.1	1427	1	0
NR_117750.1	1427	3	0
NR_117706.1	1483	1	0
NR_117678.1	1527	3	0
NR_117526.1	1396	1	0
NR_117405.1	1506	1	0
NR_117353.1	1350	1	0
NR_117269.1	1527	1	0
NR_117145.1	1542	1	0
NR_116904.1	1521	11	0
NR_116808.1	1488	1	0
NR_116800.1	1502	1	0
NR_116798.1	1505	1	0
NR_116797.1	1506	6	0
NR_116756.1	1387	4	0
NR_116752.1	1362	4	0
NR_116749.1	1387	1	0
NR_116602.1	1421	1	0
NR_116585.1	1503	1	0
NR_116302.1	1348	1	0
NR_116246.1	1344	2	0
NR_116244.1	1344	1	0
NR_116172.1	1469	16	0
NR_116124.1	1443	1	0
NR_116112.1	1348	2	0
NR_116110.1	1494	1	0
NR_116047.1	1344	1	0
NR_116044.1	1344	1	0
NR_115976.1	1461	2	0
NR_115971.1	1461	1	0
NR_115610.1	1526	1	0
NR_115609.1	1449	1	0
NR_115575.1	1479	1	0
NR_114975.1	1521	9	0
NR_114794.1	1371	5	0
NR_114736.1	1516	3	0
NR_114716.1	1509	13	0
NR_114704.1	1498	1	0
NR_114614.1	1374	1	0
NR_114550.1	1531	2	0
NR_114506.1	1436	1	0
NR_114503.1	1436	1	0
NR_114502.1	1436	2	0
NR_114479.1	1492	5	0
NR_114226.1	1462	5	0
NR_114224.1	1462	2	0
NR_114196.1	1461	1	0
NR_114195.1	1462	3	0
NR_114159.1	1466	1	0
NR_114157.1	1467	1	0
NR_114155.1	1467	3	0
NR_114154.1	1465	2	0
NR_114152.1	1465	3	0
NR_114143.1	1458	1	0
NR_114111.1	1466	1	0
NR_114108.1	1465	8	0
NR_114107.1	1465	1	0
NR_114080.1	1465	3	0
NR_114078.1	1469	1	0
NR_114043.1	1467	16	0
NR_114041.1	1463	1	0
NR_113857.1	1462	1	0
NR_113855.1	1462	2	0
NR_113706.1	1455	30	0
NR_113703.1	1467	1	0
NR_113701.1	1465	2	0
NR_113651.1	1462	4	0
NR_113629.1	1458	1	0
NR_113614.1	1465	7	0
NR_113610.1	1478	1	0
NR_113601.1	1462	3	0
NR_113580.1	1468	1	0
NR_113341.1	1462	4	0
NR_113311.1	1460	1	0
NR_113236.1	1464	32	0
NR_112986.1	1434	1	0
NR_112837.1	1414	1	0
NR_112069.1	1499	2	0
NR_112062.1	1507	1	0
NR_112010.1	1441	1	0
NR_112005.1	1449	3	0
NR_111998.1	1449	3	0
NR_109661.1	1451	2	0
NR_109325.1	1454	1	0
NR_109179.1	1449	1	0
NR_108570.1	1495	1	0
NR_108559.1	1430	2	0
NR_108441.1	1500	37	0
NR_108440.1	1419	1	0
NR_108203.1	1402	1	0
NR_108121.1	1535	1	0
NR_104943.1	1440	2	0
NR_104934.1	1527	2	0
NR_104933.1	1527	3	0
NR_104932.1	1529	13	0
NR_104925.1	1534	3	0
NR_104903.1	1480	2	0
NR_104280.1	1484	3	0
NR_104278.1	1484	1	0
NR_044736.2	1476	3	0
NR_044729.2	1488	11	0
NR_102854.1	1526	15	0
NR_102802.1	1543	1	0
NR_074107.1	1537	1	0
NR_074908.1	1544	14	0
NR_074902.1	1542	17	0
NR_074888.1	1542	14	0
NR_074099.1	1512	1	0
NR_074519.1	1510	1	0
NR_044977.1	1495	5	0
NR_044799.1	1502	5	0
NR_044613.1	1485	1	0
NR_044612.1	1490	1	0
NR_044391.1	1489	4	0
NR_044385.1	1500	9	0
NR_044371.1	1437	1	0
NR_044053.1	1363	1	0
NR_043980.1	1351	1	0
NR_043419.1	1530	1	0
NR_042881.1	1362	1	0
NR_042568.1	1494	1	0
NR_042435.1	1523	8	0
NR_042356.1	1479	2	0
NR_042349.1	1513	1	0
NR_042197.1	1474	2	0
NR_042126.1	1527	1	0
NR_042043.1	1544	1	0
NR_041979.1	1495	3	0
NR_041976.1	1497	1	0
NR_041973.1	1495	2	0
NR_041972.1	1496	1	0
NR_041923.1	1422	1	0
NR_041838.1	1514	1	0
NR_041749.1	1436	4	0
NR_041527.1	1490	1	0
NR_041391.1	1420	1	0
NR_041370.1	1491	3	0
NR_040953.1	1439	63	0
NR_040804.1	1517	4	0
NR_040798.1	1513	1	0
NR_043883.1	1347	2	0
NR_043716.1	1482	1	0
NR_043313.1	1520	1	0
NR_041927.1	1468	1	0
NR_037085.1	1454	1	0
NR_036886.1	1532	54	0
NR_036794.1	1534	1	0
NR_029148.1	1478	1	0
NR_028993.1	1451	4	0
NR_028893.1	1507	1	0
NR_028803.1	1459	1	0
NR_028801.1	1509	1	0
NR_028688.1	1530	3	0
NR_028687.1	1530	1	0
NR_028622.1	1441	1	0
NR_025550.1	1494	1	0
NR_025537.1	1494	1	0
NR_025465.1	1497	1	0
NR_025341.1	1502	1	0
NR_025339.1	1490	1	0
NR_025338.1	1516	2	0
NR_025331.1	1498	1	0
NR_025328.1	1505	2	0
NR_025001.1	1431	1	0
NR_024924.1	1513	1	0
NR_024912.1	1516	1	0
NR_024910.1	1517	2	0
NR_024883.1	1414	2	0
NR_024709.1	1519	2	0
NR_024662.1	1498	14	0
NR_024644.1	1442	1	0
NR_024643.1	1438	5	0
NR_024642.1	1449	1	0
NR_024640.1	1422	6	0
NR_026533.1	1510	1	0
NR_026332.1	1487	3	0
NR_026331.1	1488	5	0
NR_026253.1	1489	1	0
NR_026078.1	1537	3	0
NR_026049.1	1456	2	0
NR_025947.1	1529	3	0
NR_025881.1	1527	1	0
NR_042154.1	1365	2	0
NR_041980.1	1505	37	0
NR_041702.1	1528	1	0
NR_028826.1	1438	1	0
NR_028677.1	1459	3	0
NR_028656.1	1496	1	0
NR_027549.1	1473	5	0
NR_027537.1	1522	1	0
NR_025333.1	1482	1	0
NR_025248.1	1481	1	0
NR_025243.1	1403	1	0
NR_024996.1	1436	4	0
NR_024641.1	1450	5	0
NR_024570.1	1450	1	0
NR_040859.1	1484	1	0
