NG_087913.1	955	1	0
NG_087910.1	1026	2275	0
NG_087909.1	1029	2366	0
NG_087908.1	935	2	0
NG_087907.1	1001	4	0
NG_087906.1	1013	42	0
NG_087904.1	1117	1	0
NG_087903.1	1031	1	0
NG_087901.1	1695	1	0
NG_087891.1	1084	72	0
NG_087890.1	1084	88	0
NG_087889.1	1084	77	0
NG_087888.1	1084	68	0
NG_087887.1	1084	73	0
NG_087886.1	1071	71	0
NG_087885.1	1084	98	0
NG_087884.1	1084	102	0
NG_087878.1	1032	1	0
NG_087871.1	1009	144	0
NG_087870.1	1009	422	0
NG_087869.1	1009	423	0
NG_087868.1	1006	454	0
NG_087859.1	1602	1	0
NG_062606.1	1685	1	0
NG_063049.1	1651	1	0
NG_062998.1	1712	1	0
NG_062602.1	1686	1	0
NG_061019.1	1738	3	0
NG_081434.1	1696	2	0
NG_081431.1	1136	2235	0
NG_081430.1	1135	2120	0
NG_081429.1	1127	2258	0
NG_081428.1	1130	54	0
NG_081427.1	1128	71	0
NG_081424.1	1013	436	0
NG_081423.1	749	43	0
NG_081420.1	1028	47	0
NG_081419.1	1029	44	0
NG_081418.1	1018	48	0
NG_081417.1	1029	65	0
NG_081416.1	1027	51	0
NG_081412.1	1098	54	0
NG_081411.1	1071	61	0
NG_081410.1	1093	47	0
NG_081409.1	1134	50	0
NG_081405.1	1027	1	0
NG_081398.1	1028	232	0
NG_081397.1	1325	2	0
NG_081396.1	1664	15	0
NG_081392.1	1003	1	0
NG_081383.1	1014	8	0
NG_081380.1	1645	1303	0
NG_081377.1	1653	34	0
NG_081373.1	1020	3	0
NG_081366.1	1736	1805	0
NG_081364.1	1737	7042	0
NG_081361.1	1036	2	0
NG_065067.1	1010	403	0
NG_065066.1	1009	458	0
NG_067668.1	1106	82	0
NG_067667.1	1106	79	0
NG_078770.1	1106	1665	0
NG_078757.1	1647	132	0
NG_078756.1	1595	31	0
NG_078755.1	1607	34	0
NG_078753.1	578	150	0
NG_078752.1	1032	1	0
NG_078750.1	1648	1	0
NG_078741.1	1765	1556	0
NG_078738.1	1008	946	0
NG_078737.1	1007	47	0
NG_078736.1	894	49	0
NG_078735.1	1008	45	0
NG_078734.1	1008	48	0
NG_078733.1	1008	48	0
NG_078732.1	1008	53	0
NG_078730.1	1727	1	0
NG_078728.1	1733	5	0
NG_078724.1	1782	3180	0
NG_078723.1	1782	4	0
NG_065089.1	1060	1	0
NG_062617.1	1723	1	0
NG_065099.1	1008	48	0
NG_077449.1	1006	3	0
NG_077448.1	1128	429	0
NG_077447.1	1100	1611	0
NG_077445.1	1001	6	0
NG_077444.1	1008	2	0
NG_077443.1	1000	2	0
NG_077442.1	985	2	0
NG_077441.1	631	1	0
NG_077440.1	996	41	0
NG_077433.1	1262	2	0
NG_077431.1	1177	170	0
NG_077429.1	1013	2	0
NG_077428.1	1030	3	0
NG_077427.1	1038	6	0
NG_077426.1	1029	5	0
NG_077425.1	1022	8	0
NG_077424.1	1032	4	0
NG_077423.1	1023	8	0
NG_077406.1	1594	77	0
NG_077405.1	1552	30	0
NG_077404.1	1718	2	0
NG_077403.1	1718	1	0
NG_077397.1	2045	1	0
NG_070848.1	1732	2	0
NG_065470.1	1744	1	0
NG_063511.1	1713	1	0
NG_063443.1	1763	15	0
NG_063441.1	1763	11	0
NG_065501.1	1787	384	0
NG_063416.1	1782	2	0
NG_062664.1	1726	1	0
NG_076804.1	1013	2	0
NG_076803.1	1013	1	0
NG_076802.1	1013	2	0
NG_076801.1	1013	2	0
NG_076800.1	1010	1	0
NG_076799.1	1005	1	0
NG_076798.1	986	1	0
NG_076797.1	1014	1	0
NG_076796.1	1013	3	0
NG_076795.1	1008	1	0
NG_076794.1	1012	1	0
NG_076792.1	1013	1	0
NG_076791.1	1013	2	0
NG_076790.1	1012	2	0
NG_076789.1	1014	3	0
NG_076787.1	1007	1	0
NG_076786.1	1006	2	0
NG_076781.1	1011	2	0
NG_076779.1	1011	3	0
NG_076776.1	1011	4	0
NG_076775.1	995	3	0
NG_076773.1	1013	4	0
NG_076772.1	1013	1	0
NG_076771.1	1013	1	0
NG_076770.1	1012	2	0
NG_076769.1	1013	1	0
NG_076767.1	1012	4	0
NG_076766.1	1013	1	0
NG_076765.1	1013	2	0
NG_076764.1	1010	1	0
NG_076763.1	1010	4	0
NG_076762.1	1011	4	0
NG_076761.1	1013	2	0
NG_076759.1	1005	2	0
NG_076757.1	1015	1	0
NG_076754.1	990	1	0
NG_064798.1	1736	3	0
NG_063405.1	1781	2	0
NG_062996.1	1715	2	0
NG_062713.1	1696	1	0
NG_061072.1	1598	1	0
NG_017171.1	1771	444	0
NG_064936.1	2057	1	0
NG_062940.1	1654	2	0
NG_062646.1	1077	1	0
NG_074968.1	1102	41	0
NG_074967.1	985	48	0
NG_074961.1	1025	563	0
NG_074957.1	991	58	0
NG_074954.1	1678	2	0
NG_074937.1	1013	1	0
NG_074927.1	1011	1	0
NG_074908.1	1046	56	0
NG_074906.1	1625	10	0
NG_074905.1	1607	5	0
NG_074903.1	885	1	0
NG_064992.1	1183	3	0
NG_073571.1	1084	66	0
NG_073570.1	1088	46	0
NG_073569.1	1084	320	0
NG_073567.1	1714	2	0
NG_073566.1	1729	2	0
NG_073565.1	1673	3	0
NG_073564.1	1714	2	0
NG_073563.1	1700	4	0
NG_073560.1	854	1	0
NG_073542.1	1003	1	0
NG_073541.1	753	11	0
NG_073528.1	1327	1	0
NG_073527.1	1670	1	0
NG_073521.1	1654	105	0
NG_073520.1	1657	131	0
NG_073514.1	1028	4	0
NG_073510.1	1001	2	0
NG_073503.1	1686	10	0
NG_073502.1	1680	1	0
NG_073500.1	1665	1	0
NG_073499.1	1705	1	0
NG_073498.1	1737	65	0
NG_073497.1	1589	20	0
NG_073493.1	1771	1	0
NG_063584.1	1006	1	0
NG_065069.1	1009	1131	0
NG_070910.1	1672	1	0
NG_070905.1	551	2	0
NG_070689.1	1012	1	0
NG_070276.1	996	1	0
NG_070271.1	998	2	0
NG_070270.1	996	1	0
NG_070268.1	998	1	0
NG_070259.1	995	1	0
NG_070257.1	996	1	0
NG_070246.1	996	3	0
NG_016524.2	1711	1	0
NG_070882.1	1802	45	0
NG_070881.1	1781	983	0
NG_070878.1	1761	712	0
NG_070877.1	1964	4362	0
NG_070875.1	1792	4752	0
NG_070874.1	1766	2036	0
NG_070873.1	1696	1	0
NG_070868.1	1801	2	0
NG_070866.1	2272	1	0
NG_070865.1	1810	1	0
NG_070864.1	1085	22	0
NG_070862.1	2650	34	0
NG_070860.1	1140	1	0
NG_070859.1	1030	2	0
NG_070856.1	1708	1	0
NG_070853.1	2071	2	0
NG_070852.1	1748	3	0
NG_070851.1	1748	2	0
NG_070850.1	1849	389	0
NG_070849.1	1741	12	0
NG_070847.1	1780	28	0
NG_070863.1	1771	3	0
NG_070808.1	1738	5863	0
NG_070807.1	1686	31	0
NG_070806.1	1771	406	0
NG_070805.1	1771	406	0
NG_070804.1	1788	11	0
NG_070803.1	1787	9	0
NG_070802.1	1783	2	0
NG_070801.1	1776	148	0
NG_070797.1	1774	9352	0
NG_070795.1	1696	14	0
NG_070794.1	1241	13	0
NG_070792.1	1718	2	0
NG_070791.1	1787	5	0
NG_070790.1	1802	2	0
NG_070787.1	1788	1	0
NG_065605.1	1377	1	0
NG_070697.1	1839	1798	0
NG_070695.1	1592	30	0
NG_070694.1	1667	23	0
NG_070693.1	1698	32	0
NG_070692.1	1170	13	0
NG_070691.1	1731	31	0
NG_070690.1	1757	16	0
NG_070687.1	1770	47	0
NG_070685.1	1760	18	0
NG_070680.1	1010	1	0
NG_070641.1	1667	11	0
NG_070638.1	1772	1471	0
NG_070637.1	1033	5	0
NG_070635.1	1741	1037	0
NG_070634.1	1701	1	0
NG_063530.1	1738	9	0
NG_070347.1	1026	1	0
NG_070336.1	1031	1	0
NG_070325.1	1029	4	0
NG_070324.1	1013	5	0
NG_070310.1	1640	6	0
NG_070309.1	1791	3	0
NG_070308.1	1640	1	0
NG_070307.1	1637	5	0
NG_070306.1	1641	1	0
NG_070305.1	1640	25	0
NG_070304.1	1640	1	0
NG_070303.1	1641	1	0
NG_070302.1	1640	1	0
NG_070294.1	1721	5	0
NG_070292.1	1105	35	0
NG_070289.1	1106	55	0
NG_070288.1	1106	38	0
NG_070287.1	1713	28	0
NG_070283.1	1664	5	0
NG_070282.1	1719	9	0
NG_070281.1	1809	1	0
NG_070280.1	1573	1	0
NG_070279.1	1765	1	0
NG_070277.1	996	1	0
NG_070275.1	995	1	0
NG_070256.1	996	1	0
NG_070251.1	996	1	0
NG_070241.1	993	1	0
NG_070235.1	1750	8	0
NG_070233.1	1782	8	0
NG_070231.1	1762	5	0
NG_070134.1	1034	1	0
NG_070132.1	741	172	0
NG_070131.1	1132	2193	0
NG_070130.1	1126	1895	0
NG_070129.1	1133	2278	0
NG_070122.1	986	5	0
NG_070117.1	1663	9	0
NG_070115.1	1106	91	0
NG_070114.1	1011	7	0
NG_070110.1	1650	1	0
NG_070108.1	1116	1	0
NG_070107.1	1116	1	0
NG_070102.1	1115	1	0
NG_070103.1	1116	1	0
NG_064857.1	2250	3	0
NG_063521.1	1753	5	0
NG_063015.1	1587	3	0
NG_068400.1	967	93	0
NG_068360.1	1739	344	0
NG_068429.1	999	6	0
NG_068427.1	1023	2	0
NG_068415.1	1016	1	0
NG_068390.1	1010	2	0
NG_065592.1	1733	3	0
NG_065591.1	1728	1	0
NG_064893.1	1751	1	0
NG_063248.1	1737	1	0
NG_067713.1	1079	1	0
NG_067712.1	1026	1	0
NG_067705.1	1774	8540	0
NG_067704.1	1773	1061	0
NG_067696.1	1113	106	0
NG_067672.1	958	9	0
NG_067669.1	1107	3290	0
NG_067666.1	1025	440	0
NG_067665.1	1025	473	0
NG_067659.1	1015	3	0
NG_067658.1	1021	6	0
NG_067655.1	1458	1	0
NG_067645.1	1115	1	0
NG_067631.1	1597	5	0
NG_067630.1	1668	2	0
NG_067625.1	1753	1	0
NG_063433.1	1762	1	0
NG_062957.1	1655	16	0
NG_065473.1	1711	6	0
NG_065481.1	1679	3	0
NG_065480.1	1657	9	0
NG_064883.1	1762	7	0
NG_063429.1	1721	2	0
NG_063428.1	1721	5	0
NG_063415.1	1745	12	0
NG_061036.1	1735	3	0
NG_065804.1	1748	1	0
NG_065803.1	1776	1	0
NG_065798.1	1333	1	0
NG_065793.1	1023	1	0
NG_065790.1	1144	1	0
NG_065777.1	1023	1	0
NG_065763.1	1724	1	0
NG_065746.1	1074	1	0
NG_065733.1	995	34	0
NG_065732.1	1025	408	0
NG_065722.1	1897	7	0
NG_065717.1	744	73	0
NG_065707.1	1715	11	0
NG_065705.1	1043	1	0
NG_065700.1	1030	5	0
NG_065699.1	1025	5	0
NG_065698.1	1601	8	0
NG_065697.1	1575	8	0
NG_065696.1	1598	6	0
NG_065694.1	1011	1	0
NG_065692.1	2071	1	0
NG_065690.1	1045	2	0
NG_065686.1	1739	1	0
NG_065684.1	1891	7	0
NG_065681.1	1559	1	0
NG_065680.1	1001	1	0
NG_065677.1	999	9	0
NG_065676.1	999	3	0
NG_065675.1	999	16	0
NG_065668.1	1013	8	0
NG_065666.1	1639	1	0
NG_065660.1	1071	1	0
NG_065655.1	1049	1	0
NG_065653.1	1106	26	0
NG_065652.1	1106	38	0
NG_065651.1	1566	306	0
NG_065650.1	1595	387	0
NG_065644.1	1097	107	0
NG_065643.1	2170	1	0
NG_065642.1	1999	9	0
NG_065641.1	1701	1	0
NG_065633.1	996	1	0
NG_065631.1	1596	2	0
NG_065630.1	1602	2	0
NG_065625.1	1589	1	0
NG_065624.1	1744	3	0
NG_065622.1	1613	8	0
NG_065621.1	1608	5	0
NG_065619.1	1600	10	0
NG_065617.1	1584	9	0
NG_065616.1	1615	7	0
NG_065615.1	1618	5	0
NG_065614.1	1582	8	0
NG_065613.1	1578	8	0
NG_065612.1	1617	6	0
NG_065611.1	1574	5	0
NG_065610.1	1574	8	0
NG_065608.1	1571	1	0
NG_065601.1	1755	10	0
NG_065599.1	1156	2	0
NG_065598.1	1356	1	0
NG_065589.1	1753	37	0
NG_065587.1	1752	1	0
NG_065583.1	1772	2	0
NG_065582.1	1152	2	0
NG_065579.1	1325	1	0
NG_065577.1	1728	1	0
NG_065575.1	1589	1	0
NG_065561.1	1022	1	0
NG_065549.1	1711	17	0
NG_065546.1	1719	2	0
NG_065533.1	1648	3	0
NG_065532.1	1722	55	0
NG_065529.1	1687	28	0
NG_065527.1	1705	1	0
NG_065526.1	1687	3	0
NG_065525.1	1707	1	0
NG_065523.1	1689	1	0
NG_065522.1	1666	1	0
NG_065521.1	1700	2	0
NG_065520.1	1656	1	0
NG_065519.1	1656	1	0
NG_065518.1	1661	1	0
NG_065517.1	1658	1	0
NG_065513.1	1694	1	0
NG_065512.1	1713	1	0
NG_065508.1	1683	1	0
NG_065507.1	1680	1	0
NG_065506.1	1701	1	0
NG_065503.1	1756	2	0
NG_065502.1	1669	1	0
NG_065500.1	1766	2	0
NG_065498.1	1760	2	0
NG_065497.1	1787	4	0
NG_065496.1	1784	7	0
NG_065493.1	1731	1	0
NG_065492.1	1663	1	0
NG_065489.1	1715	2	0
NG_065488.1	1721	2	0
NG_065486.1	1781	2	0
NG_065485.1	1758	3	0
NG_065484.1	1706	34	0
NG_065483.1	1754	18	0
NG_065479.1	1710	23	0
NG_065478.1	1708	22	0
NG_065475.1	1724	1	0
NG_065472.1	1746	1	0
NG_065471.1	1744	1	0
NG_065469.1	1639	16	0
NG_065468.1	1748	2	0
NG_065467.1	1745	6	0
NG_065466.1	1740	9	0
NG_065464.1	1750	117	0
NG_013153.1	2033	2	0
NG_013120.1	1647	16	0
NG_063460.1	1781	3	0
NG_062980.1	1656	4	0
NG_065157.1	1804	52	0
NG_065156.1	1806	3	0
NG_065155.1	1801	1	0
NG_065121.1	1740	1	0
NG_065112.1	1723	2	0
NG_065108.1	1871	5	0
NG_065107.1	1779	3	0
NG_065106.1	1602	4	0
NG_065098.1	1006	44	0
NG_065096.1	1069	2	0
NG_065081.1	1009	1	0
NG_065080.1	1708	3	0
NG_065079.1	1022	1	0
NG_065078.1	1081	1	0
NG_065077.1	1004	152	0
NG_065070.1	1644	5	0
NG_065068.1	1009	129	0
NG_065065.1	1025	34	0
NG_065062.1	1544	1	0
NG_065057.1	1652	155	0
NG_065047.1	1179	1	0
NG_065045.1	1725	1	0
NG_065042.1	1614	3	0
NG_065020.1	1718	3	0
NG_065009.1	1017	4	0
NG_065007.1	592	1	0
NG_065001.1	1148	1	0
NG_065000.1	1585	1	0
NG_064999.1	2408	1	0
NG_064998.1	1052	3	0
NG_064997.1	1066	3	0
NG_064991.1	1138	2	0
NG_064986.1	1036	1995	0
NG_064985.1	1028	2482	0
NG_064984.1	1024	64	0
NG_064983.1	1085	54	0
NG_064982.1	1096	63	0
NG_064977.1	1735	1	0
NG_064976.1	1776	1593	0
NG_064969.1	1667	96	0
NG_064968.1	1663	87	0
NG_064963.1	1717	3	0
NG_064959.1	1073	8941	0
NG_064958.1	1724	5451	0
NG_064957.1	1698	2	0
NG_064955.1	1134	8	0
NG_064943.1	1734	1	0
NG_064938.1	1880	1	0
NG_064930.1	1717	2	0
NG_064926.1	1736	1	0
NG_064921.1	1714	5387	0
NG_064920.1	1733	3	0
NG_064917.1	2226	1	0
NG_064908.1	1724	91	0
NG_064907.1	1767	64	0
NG_064906.1	1786	18	0
NG_064902.1	1196	4	0
NG_064901.1	1668	2	0
NG_064899.1	1788	6	0
NG_064898.1	1662	1	0
NG_064897.1	1783	2	0
NG_064896.1	1735	6	0
NG_064895.1	1704	6	0
NG_064890.1	1736	2	0
NG_064889.1	2050	53	0
NG_064888.1	1804	5	0
NG_064885.1	1691	1	0
NG_064879.1	1684	4	0
NG_064878.1	1787	13	0
NG_064876.1	1770	1	0
NG_064871.1	1781	5	0
NG_064870.1	1777	5	0
NG_064869.1	1781	9	0
NG_064867.1	958	1	0
NG_064864.1	1745	24	0
NG_064863.1	1777	3	0
NG_064862.1	1148	1	0
NG_064859.1	2522	14	0
NG_064858.1	1750	12	0
NG_064839.1	1687	38	0
NG_064838.1	1721	11	0
NG_064829.1	1771	2	0
NG_064828.1	1775	3	0
NG_064826.1	1772	1	0
NG_064825.1	1798	1	0
NG_064824.1	1757	93	0
NG_064814.1	1723	2	0
NG_064813.1	1723	1	0
NG_064804.1	1733	1	0
NG_064801.1	1777	2	0
NG_064800.1	1447	110	0
NG_064799.1	2107	1	0
NG_064797.1	1750	94	0
NG_064796.1	1748	1	0
NG_064795.1	1752	158	0
NG_064794.1	1753	113	0
NG_063410.1	1743	16	0
NG_062811.1	1771	1	0
NG_063676.1	1146	1	0
NG_063646.1	1030	2	0
NG_063645.1	1029	2	0
NG_063617.1	958	1	0
NG_063602.1	1010	1	0
NG_063542.1	1733	2	0
NG_063541.1	1770	3	0
NG_063536.1	1132	2	0
NG_063535.1	1125	3	0
NG_063532.1	1734	1	0
NG_063531.1	1734	2	0
NG_063528.1	2044	9	0
NG_063527.1	1757	5	0
NG_063526.1	1753	56	0
NG_063524.1	1754	2	0
NG_063523.1	1777	4	0
NG_063522.1	1755	41	0
NG_063520.1	1777	46	0
NG_063519.1	1784	2	0
NG_063517.1	1782	51	0
NG_063514.1	1769	1	0
NG_063510.1	1789	15	0
NG_063509.1	1767	1	0
NG_063508.1	1769	1	0
NG_063500.1	1704	1	0
NG_063499.1	1754	4	0
NG_063494.1	1756	1	0
NG_063489.1	1751	1	0
NG_063487.1	1751	3	0
NG_063483.1	1752	1	0
NG_063482.1	1752	1	0
NG_063481.1	1753	2	0
NG_063480.1	1753	1	0
NG_063478.1	1735	2	0
NG_063477.1	1735	1	0
NG_063475.1	1735	3	0
NG_063474.1	1782	6	0
NG_063473.1	1754	12	0
NG_063472.1	1776	8	0
NG_063471.1	1791	7	0
NG_063470.1	1782	8	0
NG_063469.1	1782	10	0
NG_063468.1	1782	70	0
NG_063467.1	1781	6	0
NG_063466.1	1782	588	0
NG_063465.1	1782	19	0
NG_063464.1	1782	7	0
NG_063463.1	1782	17	0
NG_063462.1	1782	20	0
NG_063461.1	1782	36	0
NG_063459.1	1782	12	0
NG_063458.1	1783	73	0
NG_063457.1	1782	14	0
NG_063456.1	1756	1	0
NG_063455.1	1780	9	0
NG_063454.1	1780	4	0
NG_063453.1	1780	10	0
NG_063452.1	1781	12	0
NG_063449.1	1761	1	0
NG_063448.1	1785	2	0
NG_063446.1	1790	4	0
NG_063444.1	1766	17	0
NG_063439.1	1757	27	0
NG_063436.1	1756	8	0
NG_063435.1	1772	3	0
NG_063431.1	1778	2	0
NG_063425.1	1766	1	0
NG_063424.1	1772	3	0
NG_063421.1	1781	5	0
NG_063420.1	1784	4	0
NG_063419.1	1768	2	0
NG_063417.1	1781	1	0
NG_063413.1	1759	1	0
NG_063407.1	1767	3	0
NG_063404.1	1781	2	0
NG_063403.1	1780	1	0
NG_063399.1	1782	5	0
NG_063397.1	1782	3	0
NG_063392.1	1749	3	0
NG_063391.1	1733	1	0
NG_063388.1	1757	2	0
NG_063387.1	1751	1	0
NG_063386.1	1778	164	0
NG_063385.1	1755	6	0
NG_063383.1	1737	4	0
NG_063382.1	1745	1	0
NG_063379.1	1734	3	0
NG_063378.1	1734	1	0
NG_063377.1	1720	2	0
NG_063376.1	1737	1	0
NG_063374.1	1696	2	0
NG_063368.1	1718	1	0
NG_063367.1	1757	1	0
NG_063366.1	1761	1	0
NG_063359.1	1726	5	0
NG_063355.1	1621	1	0
NG_063351.1	1702	1	0
NG_063350.1	1734	1	0
NG_063346.1	1784	1	0
NG_063345.1	1761	1	0
NG_063341.1	1736	1	0
NG_063340.1	1712	1	0
NG_063338.1	1722	1	0
NG_063324.1	1716	2	0
NG_063322.1	1720	1	0
NG_063320.1	1719	1	0
NG_063313.1	1663	1	0
NG_063312.1	1661	1	0
NG_063311.1	1629	2	0
NG_063308.1	1668	1	0
NG_063301.1	1675	1	0
NG_063297.1	1671	1	0
NG_063291.1	1734	1	0
NG_063288.1	1737	53	0
NG_063287.1	1764	8	0
NG_063286.1	1752	7	0
NG_063285.1	1724	7	0
NG_063284.1	1724	6	0
NG_063283.1	1724	3	0
NG_063282.1	1724	8	0
NG_063281.1	1726	5	0
NG_063280.1	1724	1	0
NG_063279.1	1700	1	0
NG_063278.1	1729	2	0
NG_063277.1	1699	1	0
NG_063275.1	1722	4	0
NG_063273.1	1717	1	0
NG_063267.1	1753	5	0
NG_063266.1	1752	5	0
NG_063265.1	1752	1	0
NG_063262.1	1702	2	0
NG_063260.1	1707	2	0
NG_063256.1	1748	2	0
NG_063255.1	1748	1	0
NG_063252.1	1743	1	0
NG_063251.1	1743	1	0
NG_063249.1	1737	2	0
NG_063247.1	1737	15	0
NG_063246.1	1749	2	0
NG_063244.1	1746	1	0
NG_063240.1	1749	1	0
NG_063235.1	1787	204	0
NG_063234.1	1794	3	0
NG_063233.1	1801	3	0
NG_063232.1	1777	12	0
NG_063231.1	1751	2	0
NG_063230.1	1771	1	0
NG_063229.1	1778	2	0
NG_063081.1	1783	2	0
NG_063047.1	2053	5	0
NG_063046.1	2055	5	0
NG_063011.1	1036	1	0
NG_062774.1	1067	1	0
NG_062682.1	1753	3	0
NG_062669.1	1716	1	0
NG_062649.1	1318	1	0
NG_063109.1	1787	3	0
NG_063102.1	1744	1	0
NG_063101.1	1731	1	0
NG_063098.1	1614	1	0
NG_063091.1	1709	19	0
NG_063088.1	1739	1	0
NG_063085.1	1628	1	0
NG_063080.1	1632	5	0
NG_063079.1	1687	1	0
NG_063077.1	1738	2	0
NG_063071.1	1598	1	0
NG_063069.1	1597	1	0
NG_063061.1	1086	1	0
NG_063060.1	1538	1	0
NG_063045.1	1588	8	0
NG_063044.1	1589	4	0
NG_063043.1	1582	15	0
NG_063041.1	1586	2	0
NG_063040.1	2321	4	0
NG_063017.1	1581	1	0
NG_063016.1	1577	1	0
NG_063002.1	1542	13	0
NG_063001.1	1533	29	0
NG_063000.1	1570	23	0
NG_062995.1	1714	1	0
NG_062983.1	1598	1	0
NG_062979.1	1656	6	0
NG_062978.1	1646	1	0
NG_062977.1	1656	2	0
NG_062976.1	1659	2	0
NG_062975.1	1642	13	0
NG_062974.1	1656	4	0
NG_062973.1	1654	63	0
NG_062972.1	1657	88	0
NG_062971.1	1657	92	0
NG_062970.1	1657	81	0
NG_062969.1	1656	80	0
NG_062968.1	1657	66	0
NG_062967.1	1656	40	0
NG_062966.1	1656	51	0
NG_062965.1	1655	11	0
NG_062964.1	1654	3	0
NG_062963.1	1656	15	0
NG_062962.1	1656	12	0
NG_062960.1	1656	1	0
NG_062959.1	1655	14	0
NG_062958.1	1655	4	0
NG_062956.1	1655	2	0
NG_062955.1	1653	9	0
NG_062954.1	1655	12	0
NG_062953.1	1653	2	0
NG_062952.1	1656	1	0
NG_062951.1	1654	1	0
NG_062950.1	1655	17	0
NG_062949.1	1655	13	0
NG_062948.1	1654	13	0
NG_062947.1	1655	12	0
NG_062946.1	1653	7	0
NG_062945.1	1655	19	0
NG_062944.1	1656	46	0
NG_062943.1	1655	7	0
NG_062942.1	1656	9	0
NG_062941.1	1656	5	0
NG_062939.1	1656	6	0
NG_062938.1	1655	2	0
NG_062937.1	1657	33	0
NG_062936.1	1656	12	0
NG_062935.1	1656	9	0
NG_062934.1	1656	11	0
NG_062933.1	1655	8	0
NG_062932.1	1658	3	0
NG_062931.1	1656	14	0
NG_062924.1	1703	1	0
NG_062923.1	1686	387	0
NG_062903.1	1020	1	0
NG_062861.1	1640	1	0
NG_062859.1	1019	1	0
NG_062858.1	1141	2	0
NG_062855.1	1643	1	0
NG_062851.1	1779	2	0
NG_062850.1	1068	3	0
NG_062849.1	1068	1	0
NG_062824.1	1256	1	0
NG_062821.1	2124	1	0
NG_062820.1	1769	14	0
NG_062814.1	1767	12	0
NG_062810.1	1766	1	0
NG_062807.1	1768	15	0
NG_062797.1	1750	3	0
NG_062777.1	1682	1	0
NG_062776.1	1682	1	0
NG_062771.1	1600	1	0
NG_062770.1	1598	2	0
NG_062767.1	1590	1	0
NG_062765.1	1590	1	0
NG_062764.1	1590	1	0
NG_062753.1	1702	2	0
NG_062735.1	1697	509	0
NG_062732.1	1549	33	0
NG_062727.1	1750	1	0
NG_062726.1	1763	1	0
NG_062717.1	1556	1	0
NG_062716.1	1473	1	0
NG_062715.1	1611	1	0
NG_062711.1	1659	6	0
NG_062708.1	2861	2	0
NG_062707.1	1702	1	0
NG_062706.1	2583	4	0
NG_062705.1	1706	1	0
NG_062700.1	1691	41	0
NG_062699.1	1702	40	0
NG_062697.1	1653	1	0
NG_062693.1	1662	1	0
NG_062692.1	1181	2	0
NG_062691.1	1799	3	0
NG_062688.1	1648	1	0
NG_062685.1	1765	1	0
NG_062683.1	1744	1	0
NG_062671.1	1783	1	0
NG_062670.1	1783	8	0
NG_062667.1	1759	1	0
NG_062661.1	1724	1	0
NG_062658.1	1710	2	0
NG_062656.1	1727	23	0
NG_062655.1	1726	131	0
NG_062654.1	1089	1	0
NG_062648.1	1743	1	0
NG_062645.1	1753	22	0
NG_062641.1	1758	2	0
NG_062640.1	1761	3	0
NG_062639.1	1731	5	0
NG_062638.1	1753	4	0
NG_062636.1	1758	4	0
NG_062635.1	1750	3	0
NG_062633.1	1769	2	0
NG_062628.1	989	1	0
NG_062626.1	1766	1	0
NG_062625.1	1752	6	0
NG_062624.1	1756	70	0
NG_062623.1	1761	1	0
NG_062622.1	1757	58	0
NG_062620.1	1757	1	0
NG_062619.1	1757	81	0
NG_062618.1	1757	69	0
NG_062616.1	1782	6	0
NG_062615.1	1782	583	0
NG_062613.1	1659	1	0
NG_062612.1	1751	2	0
NG_062611.1	1792	8	0
NG_062608.1	1727	1	0
NG_062600.1	1769	6	0
NG_062599.1	1740	1	0
NG_062598.1	1741	2	0
NG_062596.1	1741	1	0
NG_062595.1	1739	6	0
NG_062593.1	1742	1	0
NG_062443.1	1769	1	0
NG_062442.1	1768	1	0
NG_062431.1	1112	1	0
NG_062430.1	1112	1	0
NG_062420.1	1461	3443	0
NG_062416.1	942	3	0
NG_062410.1	1579	4	0
NG_062407.1	1613	7	0
NG_062406.1	1575	8	0
NG_062405.1	1702	9	0
NG_062403.1	1574	3	0
NG_062402.1	1642	2	0
NG_062401.1	1637	11	0
NG_062399.1	1656	6	0
NG_062398.1	1656	4	0
NG_062396.1	1749	1	0
NG_062394.1	1024	3	0
NG_062393.1	1696	516	0
NG_062391.1	1663	14	0
NG_062386.1	1778	2	0
NG_062385.1	1734	1	0
NG_062382.1	1684	26	0
NG_062381.1	1770	53	0
NG_062380.1	1143	4	0
NG_062379.1	1138	1	0
NG_062378.1	1619	8	0
NG_062377.1	1765	3	0
NG_062376.1	1653	3	0
NG_062371.1	1770	33	0
NG_062367.1	1783	38	0
NG_062366.1	1767	4922	0
NG_062365.1	1760	2	0
NG_062197.1	1783	1	0
NG_062196.1	1783	2	0
NG_062195.1	1783	2	0
NG_062194.1	1441	10	0
NG_062192.1	1697	5	0
NG_062191.1	1697	3	0
NG_062188.1	1360	1	0
NG_062181.1	1763	10	0
NG_062178.1	1578	1	0
NG_062175.1	1558	1	0
NG_062174.1	1582	1	0
NG_062170.1	1574	1	0
NG_062169.1	1719	2	0
NG_062168.1	1719	3	0
NG_062165.1	1719	2	0
NG_062164.1	1660	1	0
NG_062163.1	1650	3	0
NG_062162.1	1651	1	0
NG_062161.1	1656	1	0
NG_062160.1	1655	1	0
NG_062159.1	1655	5	0
NG_062158.1	1656	4	0
NG_062157.1	1656	3	0
NG_062156.1	1656	4	0
NG_062147.1	1789	47	0
NG_062145.1	1799	5	0
NG_062143.1	1748	6	0
NG_062141.1	1758	33	0
NG_062140.1	1753	5	0
NG_062139.1	1686	34	0
NG_062138.1	1668	18	0
NG_062137.1	1673	20	0
NG_062136.1	1781	6	0
NG_062135.1	1782	11	0
NG_062134.1	1782	8	0
NG_062133.1	1781	137	0
NG_062132.1	1757	1	0
NG_062131.1	1733	17	0
NG_062130.1	1731	25	0
NG_062129.1	1762	1	0
NG_062128.1	1756	8	0
NG_062126.1	1762	14	0
NG_062124.1	1767	13	0
NG_062123.1	1735	6	0
NG_062122.1	1734	6	0
NG_062120.1	1779	6	0
NG_062119.1	1762	1	0
NG_062111.1	1654	1	0
NG_062110.1	1654	1	0
NG_062109.1	1657	2	0
NG_062108.1	1654	1	0
NG_062107.1	1656	6	0
NG_062105.1	1656	1	0
NG_062104.1	1659	3	0
NG_062103.1	1659	2	0
NG_062102.1	1652	6	0
NG_062101.1	1656	3	0
NG_062100.1	1656	1	0
NG_062099.1	1656	6	0
NG_062098.1	1656	7	0
NG_062097.1	1655	6	0
NG_062096.1	1657	19	0
NG_062095.1	1655	2	0
NG_062094.1	1655	13	0
NG_062092.1	1765	2	0
NG_062091.1	1758	4	0
NG_062090.1	1758	2	0
NG_062089.1	1763	2	0
NG_062088.1	1758	4	0
NG_062087.1	1762	4	0
NG_062086.1	1758	5	0
NG_062084.1	1746	1	0
NG_062083.1	1775	2	0
NG_062082.1	1758	5	0
NG_062081.1	1758	6	0
NG_062080.1	1752	2	0
NG_062078.1	1749	2	0
NG_062077.1	1786	1	0
NG_062076.1	1722	3	0
NG_062074.1	1741	4	0
NG_062073.1	1724	5	0
NG_062071.1	1721	1	0
NG_062070.1	1753	1	0
NG_062068.1	1696	1	0
NG_062064.1	1681	1	0
NG_062061.1	1661	1	0
NG_062055.1	1659	1	0
NG_062052.1	1662	1	0
NG_062051.1	1611	1	0
NG_062049.1	1668	1	0
NG_062048.1	1790	7	0
NG_062047.1	1696	1	0
NG_062045.1	1696	1	0
NG_062044.1	1696	2	0
NG_062042.1	1781	19	0
NG_062037.1	1731	1	0
NG_062033.1	1781	4	0
NG_062030.1	1775	12	0
NG_062029.1	1782	5	0
NG_062028.1	1782	6	0
NG_062027.1	1782	8	0
NG_062026.1	1782	6	0
NG_062025.1	1789	4	0
NG_062024.1	1792	16	0
NG_062023.1	1776	1	0
NG_062021.1	1773	2	0
NG_062016.1	1777	1	0
NG_062013.1	1776	2	0
NG_062012.1	1774	3	0
NG_062010.1	1754	3	0
NG_062009.1	1755	1	0
NG_062008.1	1749	2	0
NG_061301.1	1762	1	0
NG_061287.1	1050	10	0
NG_061286.1	1032	1	0
NG_061284.1	857	4877	0
NG_061275.1	1507	2	0
NG_061262.1	1783	2	0
NG_061261.1	974	3	0
NG_061258.1	2090	3	0
NG_061246.1	2310	5	0
NG_061239.1	1448	1968	0
NG_061232.1	941	2	0
NG_061226.1	1003	11	0
NG_061221.1	2699	4	0
NG_061212.1	1659	29	0
NG_061211.1	1521	1	0
NG_061209.1	1017	2	0
NG_061199.1	1670	2	0
NG_061196.1	1697	2	0
NG_061194.1	1599	1	0
NG_061186.1	1019	3	0
NG_061179.1	1606	8	0
NG_061178.1	1623	2	0
NG_061177.1	1712	2	0
NG_061176.1	1616	1	0
NG_061175.1	1685	6	0
NG_061173.1	767	1741	0
NG_061171.1	1547	142	0
NG_061166.1	1719	4	0
NG_061163.1	1459	1	0
NG_061162.1	1654	2	0
NG_061161.1	1654	4	0
NG_061160.1	1656	10	0
NG_061159.1	1656	2	0
NG_061158.1	1657	42	0
NG_061157.1	1656	5	0
NG_061156.1	1653	1	0
NG_061155.1	1656	2	0
NG_061154.1	1655	5	0
NG_061153.1	1656	9	0
NG_061152.1	1655	3	0
NG_061151.1	1656	3	0
NG_061150.1	1655	1	0
NG_061149.1	1656	3	0
NG_061148.1	1656	3	0
NG_061144.1	1764	1	0
NG_061140.1	1649	556	0
NG_061135.1	1643	3	0
NG_061133.1	1749	6	0
NG_061132.1	1749	13	0
NG_061130.1	1752	2	0
NG_061126.1	1646	22	0
NG_061125.1	1763	5	0
NG_061121.1	1005	7	0
NG_061116.1	1778	4	0
NG_061115.1	1775	1206	0
NG_061114.1	1664	27	0
NG_061113.1	1664	110	0
NG_061108.1	1201	24	0
NG_061104.1	1735	16	0
NG_061095.1	1747	1	0
NG_061089.1	1787	1	0
NG_061088.1	1744	2	0
NG_061077.1	2459	27	0
NG_061076.1	1684	35	0
NG_061070.1	1138	11	0
NG_061068.1	1020	1	0
NG_061060.1	1663	3	0
NG_061059.1	1575	53	0
NG_061056.1	1715	725	0
NG_061055.1	1785	8	0
NG_061053.1	1769	497	0
NG_061052.1	1696	2	0
NG_061050.1	1720	2	0
NG_061047.1	1600	1	0
NG_061045.1	1792	1	0
NG_061044.1	1675	1	0
NG_061042.1	1777	2	0
NG_061041.1	1730	4	0
NG_061040.1	1734	1	0
NG_061039.1	1758	7	0
NG_061038.1	1756	26	0
NG_061037.1	1739	1	0
NG_061035.1	1746	1	0
NG_061034.1	1759	45	0
NG_061033.1	1757	1	0
NG_061032.1	2157	3	0
NG_061031.1	1783	8	0
NG_061028.1	1672	4	0
NG_061026.1	1849	4	0
NG_061020.1	2161	2	0
NG_061018.1	1749	1	0
NG_061017.1	1753	1	0
NG_061014.1	2063	2	0
NG_061012.1	1010	1	0
NG_061011.1	1776	459	0
NG_061010.1	1752	61	0
NG_061009.1	1751	4	0
NG_061008.1	1762	14	0
NG_061004.1	1742	1	0
NG_060996.1	1676	30	0
NG_060991.1	990	1	0
NG_060988.1	1778	3	0
NG_060986.1	1781	51	0
NG_060985.1	1782	4	0
NG_060984.1	1781	4	0
NG_060983.1	1781	12	0
NG_060982.1	1782	12	0
NG_060980.1	1756	1	0
NG_060977.1	1752	1	0
NG_060976.1	1763	7	0
NG_060975.1	2072	4	0
NG_060974.1	1781	20	0
NG_060972.1	1740	32	0
NG_060587.1	1738	1	0
NG_016525.1	1703	1	0
NG_013175.1	1776	680	0
NG_017192.1	1736	10	0
NG_017187.1	1751	180	0
NG_017185.1	1816	247	0
NG_017179.1	1787	18	0
NG_017174.1	1770	443	0
NG_017173.1	2620	530	0
NG_017172.1	1796	229	0
NG_017168.1	1784	468	0
NG_017166.1	1860	6	0
NG_016540.1	1708	1	0
NG_016527.1	1779	1	0
NG_016502.1	1752	2	0
NG_016494.1	1686	1	0
NG_013154.1	1715	540	0
NG_012432.1	1724	1	0
NG_017176.1	1463	420	0
NG_016513.1	959	1	0
