NR_177911.1	1484	1	0
NR_177904.1	1464	2	0
NR_177903.1	1461	6	0
NR_177902.1	1464	15	0
NR_177886.1	1464	1	0
NR_177885.1	1427	12	0
NR_177882.1	1465	4	0
NR_177881.1	1465	3	0
NR_177880.1	1463	16	0
NR_177876.1	1455	16	0
NR_177871.1	1163	40	0
NR_177869.1	1480	1	0
NR_177868.1	1160	35	0
NR_177867.1	1160	40	0
NR_177866.1	1162	41	0
NR_177862.1	1462	17	0
NR_177849.1	1166	1	0
NR_177840.1	1144	2	0
NR_177837.1	1144	43	0
NR_177830.1	1144	1	0
NR_177811.1	1145	1	0
NR_177784.1	1143	1	0
NR_177782.1	1143	2	0
NR_177779.1	1143	1	0
NR_177778.1	1162	2	0
NR_177777.1	1481	1	0
NR_177775.1	1164	5	0
NR_177774.1	1164	1	0
NR_177767.1	1438	1	0
NR_177758.1	1484	7	0
NR_177748.1	1481	56	0
NR_177737.1	1485	1	0
NR_177724.1	1464	5	0
NR_177714.1	1543	15	0
NR_177705.1	1393	2	0
NR_177701.1	1293	14	0
NR_177700.1	1461	28	0
NR_177699.1	1453	15	0
NR_177688.1	1471	19	0
NR_177681.1	1146	162	0
NR_177676.1	1485	6	0
NR_177675.1	1285	6	0
NR_177671.1	1462	49	0
NR_177669.1	1430	1	0
NR_177668.1	1442	29	0
NR_177665.1	1311	1	0
NR_177664.1	1292	38	0
NR_177056.1	1486	2	0
NR_177044.1	1067	3	0
NR_177041.1	1464	2	0
NR_177032.1	1455	9	0
NR_177026.1	1385	1	0
NR_177024.1	1162	1	0
NR_177023.1	1163	1	0
NR_177019.1	1464	2	0
NR_177016.1	1164	2	0
NR_177015.1	1164	5	0
NR_177002.1	1546	1	0
NR_176994.1	1443	2	0
NR_145527.1	1552	1	0
NR_118290.1	1407	1	0
NR_113179.1	1461	2	0
NR_042068.1	1528	1	0
NR_116306.1	1448	3	0
NR_176804.1	1504	10	0
NR_176606.1	1200	6	0
NR_176604.1	1320	6	0
NR_176602.1	1234	1	0
NR_176595.1	1500	10	0
NR_176594.1	1102	1	0
NR_176593.1	1144	1	0
NR_176589.1	1435	73	0
NR_176587.1	1416	1	0
NR_176586.1	1444	10	0
NR_176584.1	1438	1	0
NR_176580.1	1001	8	0
NR_176579.1	746	2	0
NR_176578.1	1002	2	0
NR_176576.1	1002	2	0
NR_176575.1	1350	17	0
NR_176567.1	1281	2	0
NR_176557.1	1380	1	0
NR_176553.1	1500	44	0
NR_176552.1	1500	41	0
NR_176542.1	1487	2	0
NR_176539.1	1500	11	0
NR_176533.1	1560	1	0
NR_176531.1	1466	1	0
NR_176517.1	1354	10	0
NR_176515.1	1477	2	0
NR_176514.1	1471	5	0
NR_176511.1	1500	12	0
NR_176510.1	1500	9	0
NR_176504.1	1477	1	0
NR_176501.1	1471	8	0
NR_176493.1	640	44	0
NR_176486.1	1445	1	0
NR_176484.1	1353	9	0
NR_176483.1	1353	2	0
NR_176481.1	1395	4	0
NR_176480.1	1352	2	0
NR_176478.1	1388	2	0
NR_176477.1	1370	4	0
NR_176475.1	1489	2	0
NR_172677.2	1490	24	0
NR_172660.2	1483	22	0
NR_173600.1	1540	12	0
NR_175593.1	1495	1	0
NR_175592.1	1491	1	0
NR_175591.1	1528	4	0
NR_175584.1	1536	30	0
NR_175583.1	1535	41	0
NR_175582.1	1534	4	0
NR_175566.1	1500	2	0
NR_175563.1	1539	6	0
NR_175562.1	1545	1	0
NR_175555.1	1555	1	0
NR_175538.1	1489	1	0
NR_175507.1	1501	1	0
NR_175500.1	1359	1	0
NR_175492.1	1447	2	0
NR_175489.1	1436	1	0
NR_175486.1	1477	9	0
NR_175465.1	1432	1	0
NR_175460.1	1489	1	0
NR_175452.1	1527	8	0
NR_175451.1	1257	169	0
NR_175446.1	1452	3	0
NR_175434.1	1404	1	0
NR_175430.1	1457	1	0
NR_175425.1	1523	1	0
NR_175423.1	1449	4	0
NR_175422.1	1469	2	0
NR_175421.1	1441	2	0
NR_175412.1	1449	2	0
NR_174239.1	1492	1	0
NR_171395.1	1543	1	0
NR_170421.1	1520	1	0
NR_169479.1	1378	1	0
NR_165768.1	1462	15	0
NR_158146.1	1391	1	0
NR_157782.1	1412	1	0
NR_156906.1	1507	2	0
NR_152090.1	1498	1	0
NR_152050.1	1404	2	0
NR_151943.1	1424	1	0
NR_151929.1	1469	2	0
NR_134842.2	1498	10	0
NR_146667.2	1522	428	0
NR_148578.1	1408	113	0
NR_146661.1	1450	2	0
NR_146371.1	1299	13	0
NR_137210.1	1498	7	0
NR_136872.1	1342	184	0
NR_134140.1	1419	6	0
NR_134139.1	1500	200	0
NR_133711.1	1437	40	0
NR_132669.1	1448	5	0
NR_126210.1	1405	2	0
NR_125691.1	1419	6	0
NR_125600.1	1499	6	0
NR_119370.1	1484	25	0
NR_119070.1	1529	1	0
NR_118986.1	1420	11	0
NR_118950.1	1427	1	0
NR_118636.1	1418	155	0
NR_118471.1	1529	1	0
NR_118240.1	1231	1	0
NR_117627.1	1530	66	0
NR_117232.1	1529	2	0
NR_116757.1	1387	18	0
NR_116497.1	1460	13	0
NR_116411.1	1499	1	0
NR_115953.1	1533	1	0
NR_115603.1	1433	1	0
NR_115211.1	1485	1	0
NR_115202.1	1428	1	0
NR_115123.1	1412	3	0
NR_115044.1	1387	1	0
NR_115043.1	1429	1	0
NR_114979.1	1388	1	0
NR_114713.1	1500	21	0
NR_114148.1	1408	1	0
NR_114086.1	1476	1	0
NR_113989.1	1475	3	0
NR_113969.1	1496	2	0
NR_113819.1	1500	1	0
NR_113800.1	1478	1	0
NR_113653.1	1462	26	0
NR_112754.1	1477	1	0
NR_112502.1	1439	1	0
NR_112065.1	1511	30	0
NR_044836.2	1482	1	0
NR_109520.1	1508	1	0
NR_108509.1	1405	1	0
NR_108487.1	1452	9	0
NR_044715.2	1476	1	0
NR_044702.2	1516	1	0
NR_102852.1	1519	27	0
NR_102769.1	1524	53	0
NR_074142.1	1451	1	0
NR_075007.1	1555	3	0
NR_074940.1	1547	1	0
NR_074910.1	1544	875	0
NR_074854.1	1538	4	0
NR_074799.1	1534	4	0
NR_074617.1	1520	3	0
NR_074268.1	1480	3	0
NR_044450.1	1408	5	0
NR_044415.1	1403	7	0
NR_043872.1	1480	58	0
NR_043762.1	1472	1	0
NR_043591.1	1474	1	0
NR_043408.1	1521	1	0
NR_043184.1	1476	1	0
NR_043151.1	1443	1	0
NR_043073.1	1554	1	0
NR_042911.1	1477	1	0
NR_042704.1	1539	2	0
NR_042599.1	1387	3	0
NR_042584.1	1527	21	0
NR_042514.1	1518	1	0
NR_042436.1	1564	1	0
NR_042393.1	1525	15	0
NR_042168.1	1503	1	0
NR_041770.1	1469	3	0
NR_040991.1	1479	5	0
NR_040957.1	1482	2	0
NR_040880.1	1485	1	0
NR_040852.1	1521	1	0
NR_040806.1	1448	14	0
NR_044533.1	1371	5	0
NR_043567.1	1513	1	0
NR_037068.1	1441	1	0
NR_037000.1	1492	30	0
NR_029152.1	1413	2	0
NR_028902.1	1398	1	0
NR_028894.1	1505	10	0
NR_028852.1	1325	7	0
NR_028689.1	1517	21	0
NR_027575.1	1540	1	0
NR_025576.1	1453	1	0
NR_026244.1	1421	1	0
NR_026138.1	1506	1	0
NR_174334.1	1356	1	0
NR_174323.1	1490	4	0
NR_174322.1	1485	2	0
NR_174319.1	1514	2	0
NR_174303.1	1514	3	0
NR_174302.1	1532	7	0
NR_174300.1	1538	7	0
NR_174275.1	1459	1	0
NR_174267.1	1547	3	0
NR_174258.1	1528	22	0
NR_174253.1	1501	2	0
NR_174230.1	1485	224	0
NR_174227.1	1486	3	0
NR_174217.1	1354	1	0
NR_174202.1	1490	11	0
NR_173686.1	1391	1	0
NR_173685.1	1405	2	0
NR_173682.1	1389	2	0
NR_173681.1	1523	2	0
NR_173652.1	1405	2	0
NR_173636.1	1536	1	0
NR_173631.1	1445	1	0
NR_173627.1	1535	1	0
NR_173610.1	1543	16	0
NR_173607.1	1497	6	0
NR_173587.1	1528	152	0
NR_173586.1	1523	161	0
NR_173585.1	1525	165	0
NR_173584.1	1533	144	0
NR_173583.1	1533	134	0
NR_173582.1	1533	144	0
NR_173581.1	1526	146	0
NR_173580.1	1529	191	0
NR_173579.1	1504	165	0
NR_173578.1	1523	154	0
NR_173577.1	1524	156	0
NR_173576.1	1523	163	0
NR_173575.1	1525	153	0
NR_173574.1	1515	162	0
NR_173573.1	1532	2	0
NR_173572.1	1546	161	0
NR_173571.1	1546	154	0
NR_173567.1	1532	165	0
NR_173566.1	1522	158	0
NR_173565.1	1518	177	0
NR_173564.1	1528	162	0
NR_173563.1	1528	138	0
NR_173562.1	1535	160	0
NR_173561.1	1507	148	0
NR_173559.1	1534	152	0
NR_173558.1	1542	159	0
NR_173557.1	1526	159	0
NR_173556.1	1517	2	0
NR_173555.1	1497	148	0
NR_173554.1	1520	152	0
NR_173552.1	1527	154	0
NR_173536.1	1459	113	0
NR_173519.1	1388	1	0
NR_173512.1	1525	1	0
NR_115579.1	1431	1	0
NR_112632.1	1473	1	0
NR_172707.1	1161	1	0
NR_172706.1	1161	1	0
NR_172705.1	1161	3	0
NR_172704.1	1162	13	0
NR_172692.1	1162	1	0
NR_172689.1	1479	7	0
NR_172679.1	1162	2	0
NR_172676.1	1161	1	0
NR_172674.1	1161	46	0
NR_172661.1	1163	1	0
NR_172659.1	1167	1	0
NR_172578.1	1324	1	0
NR_172621.1	979	1	0
NR_172614.1	1059	1	0
NR_172606.1	1463	15	0
NR_172604.1	1478	1	0
NR_172603.1	1477	5	0
NR_172597.1	1286	33	0
NR_172585.1	1086	5	0
NR_172579.1	1498	68	0
NR_171541.1	1524	1	0
NR_171540.1	1523	1	0
NR_171538.1	1371	2	0
NR_171535.1	1523	1	0
NR_171525.1	1492	28	0
NR_171524.1	1497	20	0
NR_171515.1	1463	6	0
NR_171514.1	1508	1	0
NR_171513.1	1491	1	0
NR_171510.1	1500	8	0
NR_171508.1	1487	2	0
NR_171504.1	1524	58	0
NR_171496.1	1411	1	0
NR_171483.1	1490	1	0
NR_171482.1	1492	49	0
NR_171471.1	1452	2	0
NR_171454.1	1467	1	0
NR_171440.1	1492	1	0
NR_171434.1	1416	1	0
NR_171428.1	1395	3	0
NR_171417.1	1078	44	0
NR_171416.1	1525	24	0
NR_171393.1	1482	2	0
NR_170531.1	1485	14	0
NR_170530.1	1485	10	0
NR_170529.1	1485	14	0
NR_170528.1	1485	17	0
NR_170527.1	1485	18	0
NR_170526.1	1485	7	0
NR_170525.1	1485	4	0
NR_170524.1	1485	10	0
NR_170523.1	1485	7	0
NR_170522.1	1485	21	0
NR_170521.1	1485	13	0
NR_170520.1	1485	18	0
NR_170519.1	1485	14	0
NR_170518.1	1485	4	0
NR_170517.1	1485	26	0
NR_170516.1	1485	13	0
NR_170515.1	1485	31	0
NR_170506.1	1499	1	0
NR_170501.1	1530	2	0
NR_170474.1	1441	1	0
NR_170465.1	1412	28	0
NR_170444.1	1541	2	0
NR_170437.1	1537	1	0
NR_170428.1	1500	11	0
NR_170426.1	1462	10	0
NR_170416.1	1526	1	0
NR_170414.1	1361	12	0
NR_170401.1	1523	1	0
NR_170449.1	1468	1	0
NR_170430.1	1492	1	0
NR_169498.1	1540	219	0
NR_169496.1	1508	1	0
NR_169492.1	1457	1	0
NR_169491.1	1355	1	0
NR_169485.1	1482	1	0
NR_169476.1	1536	331	0
NR_169468.1	1495	3	0
NR_169457.1	1444	1	0
NR_169438.1	1381	1	0
NR_169417.1	1453	30	0
NR_169411.1	1525	1	0
NR_169374.1	1480	1	0
NR_169368.1	1509	1	0
NR_169366.1	1460	13	0
NR_169360.1	1490	1	0
NR_169356.1	1440	1	0
NR_169334.1	1500	37	0
NR_169333.1	1500	172	0
NR_169332.1	1532	175	0
NR_169331.1	1532	164	0
NR_169330.1	1532	166	0
NR_169329.1	1540	143	0
NR_169328.1	1536	160	0
NR_169320.1	1521	163	0
NR_169316.1	1479	1	0
NR_169486.1	1429	1	0
NR_169467.1	1481	3	0
NR_169447.1	1533	1	0
NR_169446.1	1533	2	0
NR_169421.1	1395	1	0
NR_169402.1	1530	3	0
NR_169327.1	1535	137	0
NR_169326.1	1534	142	0
NR_169319.1	1506	2	0
NR_169318.1	1508	1	0
NR_165782.1	1357	2	0
NR_165776.1	1493	5	0
NR_165765.1	1431	2	0
NR_165748.1	1538	26	0
NR_165733.1	1469	1	0
NR_165719.1	1467	3	0
NR_165712.1	1564	2	0
NR_165711.1	1489	1	0
NR_165707.1	1458	1	0
NR_165706.1	1533	777	0
NR_165695.1	1475	66	0
NR_165671.1	1562	1	0
NR_165669.1	1549	1	0
NR_165666.1	1580	5	0
NR_165023.1	1424	1	0
NR_165016.1	1460	1	0
NR_165007.1	1443	1	0
NR_165004.1	1505	2	0
NR_164994.1	1456	1	0
NR_164990.1	1424	1	0
NR_164972.1	1390	2	0
NR_164971.1	1390	3	0
NR_164968.1	1351	1	0
NR_164946.1	1460	1	0
NR_164940.1	1512	1	0
NR_164871.1	1495	1	0
NR_164633.1	1495	1	0
NR_164627.1	1466	9	0
NR_164620.1	1490	1	0
NR_163603.1	1408	1	0
NR_116675.1	1443	1	0
NR_108896.1	1427	1	0
NR_163658.1	1455	4	0
NR_163647.1	1461	1	0
NR_163645.1	1496	1	0
NR_163618.1	1478	1	0
NR_159327.1	1463	1	0
NR_108844.1	1428	1	0
NR_044680.2	1503	1	0
NR_160537.1	1553	2	0
NR_159926.1	1530	2	0
NR_159925.1	1530	15	0
NR_159919.1	1501	13	0
NR_159912.1	1409	1	0
NR_159906.1	1406	1	0
NR_159891.1	1493	1	0
NR_159352.1	1395	1	0
NR_159344.1	1475	1	0
NR_159318.1	1456	11	0
NR_159317.1	1454	22	0
NR_159311.1	1453	2	0
NR_159302.1	1417	1	0
NR_159299.1	1452	245	0
NR_159257.1	1434	1	0
NR_159255.1	1542	26	0
NR_159253.1	1501	1	0
NR_159239.1	1444	1	0
NR_159235.1	1503	3	0
NR_159232.1	1455	165	0
NR_159231.1	1518	1	0
NR_159221.1	1420	2	0
NR_159193.1	1465	1	0
NR_159190.1	1451	3	0
NR_159158.1	1473	1	0
NR_159098.1	1394	166	0
NR_159086.1	1534	12	0
NR_159085.1	1542	131	0
NR_159084.1	1542	30	0
NR_159083.1	1542	27	0
NR_158149.1	1398	1	0
NR_158124.1	1489	1	0
NR_158119.1	1423	2	0
NR_158084.1	1508	1	0
NR_158075.1	1447	1	0
NR_158050.1	1420	155	0
NR_158042.1	1398	1	0
NR_158037.1	1352	1	0
NR_158027.1	1471	1	0
NR_158012.1	1472	1	0
NR_157992.1	1491	2	0
NR_157778.1	1537	31	0
NR_157777.1	1531	62	0
NR_157775.1	1396	1	0
NR_157773.1	1432	3	0
NR_157765.1	1454	2	0
NR_157762.1	1525	1	0
NR_157722.1	1440	1	0
NR_157698.1	1509	1	0
NR_157687.1	1416	1	0
NR_157686.1	1451	1	0
NR_157674.1	1465	1	0
NR_157662.1	1452	1	0
NR_157647.1	1390	1	0
NR_157634.1	1405	11	0
NR_157602.1	1551	1	0
NR_157016.1	1449	1	0
NR_157015.1	1449	1	0
NR_157010.1	1341	2	0
NR_157009.1	1411	1	0
NR_156989.1	1539	88	0
NR_156948.1	1456	1	0
NR_156940.1	1528	1	0
NR_156939.1	1526	1	0
NR_156930.1	1368	2	0
NR_156921.1	1463	1	0
NR_156918.1	1506	7	0
NR_156914.1	1439	145	0
NR_156913.1	1453	1	0
NR_156901.1	1544	2	0
NR_156877.1	1510	1	0
NR_156863.1	1284	2	0
NR_156857.1	1431	3	0
NR_156856.1	1431	1	0
NR_156851.1	1404	1	0
NR_156845.1	1524	12	0
NR_156838.1	1538	1	0
NR_156815.1	1539	1	0
NR_156810.1	1511	1	0
NR_156801.1	1544	8	0
NR_156159.1	1408	1	0
NR_156134.1	1433	3	0
NR_156102.1	1505	1	0
NR_156099.1	1354	1	0
NR_156098.1	1469	7	0
NR_156097.1	1423	10	0
NR_156087.1	1447	7	0
NR_156074.1	1427	3	0
NR_153752.1	1543	19	0
NR_153746.1	1428	3	0
NR_153738.1	1417	2	0
NR_153726.1	1494	1	0
NR_153720.1	1409	3	0
NR_153719.1	1258	7	0
NR_153681.1	1466	1	0
NR_153675.1	1510	3	0
NR_153670.1	1494	1	0
NR_153664.1	1532	342	0
NR_152715.1	1498	2	0
NR_152710.1	1412	13	0
NR_152707.1	1472	1	0
NR_152705.1	1492	5	0
NR_152695.1	1438	1	0
NR_152667.1	1450	1	0
NR_152631.1	1547	61	0
NR_152630.1	1547	54	0
NR_152629.1	1547	65	0
NR_152628.1	1547	72	0
NR_152089.1	1538	12	0
NR_152088.1	1493	6	0
NR_152086.1	1545	3	0
NR_152082.1	1526	141	0
NR_152074.1	1423	5	0
NR_152069.1	1490	10	0
NR_152066.1	1430	1	0
NR_152032.1	1437	1	0
NR_152005.1	1360	2	0
NR_152002.1	1455	9	0
NR_151986.1	1521	1	0
NR_151946.1	1439	1	0
NR_151910.1	1493	1	0
NR_151907.1	1552	1	0
NR_151906.1	1552	1	0
NR_151905.1	1515	12	0
NR_074480.2	1498	1	0
NR_074484.2	1498	1	0
NR_074459.2	1498	2	0
NR_074473.2	1498	4	0
NR_042374.2	1560	2	0
NR_075027.2	1564	1	0
NR_126315.2	1531	3	0
NR_126313.2	1531	3	0
NR_136501.2	1537	26	0
NR_074335.2	1488	1	0
NR_075005.2	1550	1	0
NR_102489.2	1489	1	0
NR_102783.2	1550	1	0
NR_109025.2	1479	1	0
NR_145962.2	1490	1	0
NR_149800.1	1468	23	0
NR_149796.1	1436	1	0
NR_149302.1	1542	2	0
NR_149297.1	1485	1	0
NR_149290.1	1317	2	0
NR_149286.1	1522	1	0
NR_149272.1	1518	1	0
NR_149250.1	1479	1	0
NR_149249.1	1441	1	0
NR_149240.1	1485	1	0
NR_149236.1	1419	1	0
NR_149220.1	1425	1	0
NR_149216.1	1463	1	0
NR_149207.1	1509	1	0
NR_149201.1	1477	2	0
NR_149185.1	1421	2	0
NR_148865.1	1494	2	0
NR_148853.1	1419	2	0
NR_148852.1	1426	1	0
NR_148844.1	1490	21	0
NR_148843.1	1489	27	0
NR_148841.1	1403	1	0
NR_148820.1	1348	27	0
NR_148818.1	1472	2	0
NR_148795.1	1400	1	0
NR_148785.1	1558	1	0
NR_148770.1	1423	1	0
NR_148652.1	1414	2	0
NR_148650.1	1454	11	0
NR_148649.1	1444	26	0
NR_148643.1	1523	6	0
NR_148601.1	1456	2	0
NR_148598.1	1490	179	0
NR_148591.1	1451	1	0
NR_148582.1	1491	7	0
NR_148581.1	1322	2	0
NR_148580.1	1465	1	0
NR_148579.1	1205	4	0
NR_148576.1	1489	6	0
NR_148574.1	1472	1	0
NR_148573.1	1499	1	0
NR_148570.1	1530	1	0
NR_148569.1	1065	2	0
NR_148567.1	1212	1	0
NR_148329.1	1403	1	0
NR_148326.1	1399	1	0
NR_148251.1	1443	5	0
NR_148246.1	1409	2	0
NR_147776.1	1537	1	0
NR_147774.1	1528	6	0
NR_147771.1	1454	1	0
NR_147766.1	1432	1	0
NR_147748.1	1461	1	0
NR_147745.1	1469	1	0
NR_147738.1	1463	5	0
NR_147737.1	1461	3	0
NR_147722.1	1461	1	0
NR_147393.1	1464	3	0
NR_146848.1	1345	1	0
NR_146845.1	1345	1	0
NR_146840.1	1503	1	0
NR_146838.1	1511	1	0
NR_146830.1	1466	1	0
NR_146677.1	1452	119	0
NR_146676.1	1449	147	0
NR_146377.1	1497	1	0
NR_146376.1	1495	1	0
NR_146372.1	1365	3	0
NR_146368.1	1400	3	0
NR_146367.1	1516	1	0
NR_146352.1	1378	2	0
NR_145923.1	1451	2	0
NR_145909.1	1424	1	0
NR_145898.1	1450	1	0
NR_145865.1	1425	1	0
NR_145864.1	1458	54	0
NR_145841.1	1331	8	0
NR_145647.1	1422	33	0
NR_145644.1	1453	1	0
NR_145641.1	1480	10	0
NR_145563.1	1481	1	0
NR_145552.1	1416	1	0
NR_145543.1	1447	2	0
NR_145539.1	1483	1	0
NR_145537.1	1453	2	0
NR_145528.1	1489	1	0
NR_144694.1	1512	1	0
NR_144693.1	1345	1	0
NR_144604.1	1450	3	0
NR_144582.1	1408	16	0
NR_144581.1	1359	11	0
NR_137418.1	1405	2	0
NR_137415.1	1494	9	0
NR_137410.1	1461	1	0
NR_137398.1	1390	1	0
NR_137380.1	1502	11	0
NR_137333.1	1495	45	0
NR_137252.1	1453	1	0
NR_137236.1	1461	1	0
NR_137235.1	1459	8	0
NR_137234.1	1459	19	0
NR_137208.1	1446	1	0
NR_136876.1	1422	1	0
NR_136833.1	1437	1	0
NR_136824.1	1413	1	0
NR_136780.1	1464	5	0
NR_136770.1	1525	3	0
NR_136767.1	1461	104	0
NR_136481.1	1428	2	0
NR_136477.1	1553	1	0
NR_136472.1	1504	6	0
NR_136451.1	1501	1	0
NR_136445.1	1501	33	0
NR_136429.1	1508	4	0
NR_135876.1	1451	1	0
NR_135871.1	1463	1	0
NR_135736.1	1458	1	0
NR_135733.1	1448	2	0
NR_135727.1	1346	1	0
NR_135724.1	1494	1	0
NR_109492.1	1350	1	0
NR_135211.1	1462	12	0
NR_135210.1	1450	9	0
NR_135209.1	1383	1	0
NR_134829.1	1484	2	0
NR_134826.1	1483	148	0
NR_134825.1	1445	168	0
NR_134795.1	1403	3	0
NR_134794.1	1441	1	0
NR_134779.1	1448	2	0
NR_134756.1	1410	4	0
NR_134704.1	1464	14	0
NR_134684.1	1460	293	0
NR_134156.2	1375	1	0
NR_134219.1	1506	1	0
NR_134218.1	1275	1	0
NR_134189.1	1493	1	0
NR_134150.1	1400	7	0
NR_134148.1	1394	12	0
NR_134133.1	1468	1	0
NR_134124.1	1530	1	0
NR_134092.1	1417	1	0
NR_134090.1	1550	2	0
NR_134063.1	1462	15	0
NR_134062.1	1462	8	0
NR_134047.1	1425	1	0
NR_134038.1	1484	1	0
NR_134033.1	1465	1	0
NR_133999.1	1537	1	0
NR_133991.1	1498	16	0
NR_133988.1	1420	1	0
NR_133987.1	1301	1	0
NR_133964.1	1445	1	0
NR_133954.1	1499	2	0
NR_133953.1	1404	7	0
NR_133952.1	1497	7	0
NR_108242.1	1376	4	0
NR_108237.1	1385	1	0
NR_133881.1	1296	1	0
NR_133878.1	1418	16	0
NR_133877.1	1440	2	0
NR_133863.1	1436	1	0
NR_133848.1	1414	3	0
NR_133835.1	1432	1	0
NR_133815.1	1366	1	0
NR_133803.1	1492	3	0
NR_133798.1	1432	1	0
NR_133785.1	1447	1	0
NR_133784.1	1451	1	0
NR_133767.1	1447	1	0
NR_133755.1	1514	1	0
NR_133714.1	1445	1	0
NR_133709.1	1409	4	0
NR_133708.1	1413	1	0
NR_133685.1	1399	3	0
NR_133023.1	1459	1	0
NR_133020.1	1460	2	0
NR_132712.1	1503	1	0
NR_132708.1	1434	1	0
NR_132687.1	1456	1	0
NR_132675.1	1381	1	0
NR_132667.1	1363	1	0
NR_132597.1	1476	1	0
NR_132596.1	1456	6	0
NR_132330.1	1543	1	0
NR_132293.1	1435	3	0
NR_132289.1	1439	4	0
NG_042071.1	1612	1	0
NG_041959.1	1692	8	0
NR_044847.4	1497	5	0
NG_041941.1	1447	2	0
NR_126314.1	1546	13	0
NR_126284.1	1462	1	0
NR_126275.1	1505	1	0
NR_126274.1	1300	6	0
NR_126267.1	1501	1	0
NR_126260.1	1239	16	0
NR_126252.1	1438	1	0
NR_126223.1	1456	152	0
NR_126220.1	1472	1	0
NR_126199.1	1496	179	0
NR_126192.1	1362	2	0
NR_126182.1	1483	2	0
NR_126180.1	1453	4	0
NR_126172.1	1508	5	0
NR_125699.1	1344	1	0
NR_125698.1	1344	7	0
NR_125690.1	1459	4	0
NR_125642.1	1355	1	0
NR_125639.1	803	1	0
NR_125638.1	1490	1	0
NR_125613.1	1444	1	0
NR_125601.1	1470	1	0
NR_125587.1	1397	5	0
NR_125586.1	1404	11	0
NR_125544.1	1500	1	0
NR_125523.1	1529	29	0
NR_125512.1	1497	26	0
NR_125500.1	1454	13	0
NR_125461.1	1452	15	0
NR_125455.1	1443	2	0
NR_125454.1	1458	1	0
NR_122085.1	1475	1	0
NR_122081.1	1480	173	0
NR_121793.1	1543	7	0
NR_119223.1	1335	561	0
NR_118984.1	1434	3	0
NR_118972.1	1427	3	0
NR_118961.1	1439	1	0
NR_118872.1	1526	768	0
NR_118848.1	1464	2	0
NR_118804.1	1496	1	0
NR_118715.1	1470	1	0
NR_118684.1	1423	1	0
NR_118637.1	1524	115	0
NR_118629.1	1459	73	0
NR_118585.1	1259	10	0
NR_118559.1	1336	2	0
NR_118548.1	1345	1	0
NR_118490.1	1534	1	0
NR_118458.1	1442	1	0
NR_118448.1	1450	1	0
NR_118420.1	1498	2	0
NR_118407.1	1482	1	0
NR_118383.1	1463	2	0
NR_118351.1	1470	1	0
NR_118349.1	1539	1	0
NR_118348.1	1503	1	0
NR_118337.1	1514	1	0
NR_118335.1	1395	19	0
NR_118333.1	1500	10	0
NR_118276.1	1476	2	0
NR_118269.1	1493	2	0
NR_118268.1	1492	17	0
NR_118155.1	1498	1	0
NR_118138.1	1544	13	0
NR_118109.1	1437	1	0
NR_118049.1	1513	1	0
NR_118048.1	1422	1	0
NR_118046.1	1402	1	0
NR_118023.1	1488	2	0
NR_118022.1	1490	1	0
NR_118021.1	1488	1	0
NR_118001.1	1506	2	0
NR_117999.1	1517	1	0
NR_117972.1	1420	1	0
NR_117946.1	1448	2	0
NR_117931.1	1390	194	0
NR_117903.1	1354	6	0
NR_117902.1	1490	13	0
NR_117881.1	1449	10	0
NR_117848.1	1402	4	0
NR_117838.1	1459	26	0
NR_117834.1	1492	3	0
NR_117827.1	1442	8	0
NR_117826.1	1442	1	0
NR_117824.1	1444	2	0
NR_117794.1	1424	6	0
NR_117700.1	1512	1	0
NR_117697.1	1516	2	0
NR_117611.1	1230	1	0
NR_117561.1	1403	1	0
NR_117552.1	1452	2	0
NR_117551.1	1504	1	0
NR_117547.1	1535	32	0
NR_117541.1	1457	1	0
NR_117518.1	1448	1	0
NR_117485.1	1455	1	0
NR_117458.1	1491	5	0
NR_117446.1	1406	106	0
NR_117437.1	1507	12	0
NR_117427.1	1523	1	0
NR_117420.1	1526	1	0
NR_117304.1	1495	126	0
NR_117300.1	1527	2	0
NR_117251.1	1443	1	0
NR_117186.1	1472	12	0
NR_117118.1	1353	1	0
NR_117045.1	1404	8	0
NR_117022.1	1435	1	0
NR_116999.1	1413	12	0
NR_116987.1	1511	1	0
NR_116969.1	1431	150	0
NR_116932.1	1388	1	0
NR_116893.1	1463	7	0
NR_116842.1	1444	1	0
NR_116840.1	1419	1	0
NR_116839.1	1290	1	0
NR_116772.1	1490	5	0
NR_116676.1	1458	1	0
NR_116659.1	1497	1	0
NR_116646.1	1321	3	0
NR_116610.1	1426	1	0
NR_116604.1	1422	4	0
NR_116576.1	1363	1	0
NR_116549.1	1421	1	0
NR_116535.1	1401	1	0
NR_116502.1	1373	3	0
NR_116477.1	1332	3	0
NR_116463.1	1339	1	0
NR_116444.1	1401	1	0
NR_116403.1	1426	19	0
NR_116398.1	1404	1	0
NR_116377.1	1413	2	0
NR_116344.1	1451	1	0
NR_116338.1	1423	1	0
NR_116336.1	1422	1	0
NR_116319.1	1468	1	0
NR_116266.1	1484	1	0
NR_116248.1	1492	3	0
NR_116241.1	1435	1	0
NR_116120.1	1549	1	0
NR_116079.1	1368	2	0
NR_116071.1	1529	11	0
NR_116070.1	1529	14	0
NR_116069.1	1531	13	0
NR_116039.1	1460	150	0
NR_116033.1	1481	2	0
NR_116008.1	1410	12	0
NR_116007.1	1412	1	0
NR_116006.1	1422	1	0
NR_116005.1	1445	2	0
NR_116004.1	1481	1	0
NR_115996.1	1436	1	0
NR_115952.1	1541	1	0
NR_115943.1	1425	28	0
NR_115926.1	1319	1	0
NR_115922.1	1438	28	0
NR_115874.1	1460	15	0
NR_115871.1	1405	11	0
NR_115817.1	1467	1	0
NR_115813.1	1438	2	0
NR_115759.1	1513	3	0
NR_115739.1	1445	35	0
NR_115713.1	1467	1	0
NR_115687.1	1467	1	0
NR_115370.1	1419	1	0
NR_115338.1	1529	1	0
NR_115325.1	1511	1	0
NR_115299.1	1493	9	0
NR_115298.1	1493	5	0
NR_115283.1	1514	3	0
NR_115282.1	1420	1	0
NR_115261.1	1445	2	0
NR_115258.1	1533	460	0
NR_115225.1	1360	80	0
NR_115224.1	1363	8	0
NR_115152.1	1404	1	0
NR_115138.1	1468	1	0
NR_115098.1	1463	1	0
NR_115083.1	1484	2	0
NR_115065.1	1411	6	0
NR_115009.1	1377	1	0
NR_114999.1	1431	1	0
NR_114981.1	1391	9	0
NR_114973.1	1391	1	0
NR_114957.1	1379	4	0
NR_114902.1	1518	2	0
NR_114900.1	1468	1	0
NR_114872.1	1498	3	0
NR_114866.1	1488	2	0
NR_114807.1	1456	1	0
NR_114676.1	1396	2	0
NR_114633.1	1333	1	0
NR_114544.1	1501	1	0
NR_114366.1	1515	1	0
NR_114342.1	1482	1	0
NR_114334.1	1385	1	0
NR_114327.1	1463	1	0
NR_114312.1	1474	1	0
NR_114308.1	1406	2	0
NR_113569.1	1478	6534	0
NR_113331.1	1441	2	0
NR_113283.1	1446	1	0
NR_113269.1	1494	1	0
NR_113264.1	1474	3	0
NR_113178.1	1526	7	0
NR_113170.1	1434	3	0
NR_113148.1	1457	1	0
NR_113061.1	1467	13	0
NR_113043.1	1519	1	0
NR_113009.1	1438	4	0
NR_112972.1	1483	2	0
NR_112950.1	1378	25	0
NR_112907.1	1393	1	0
NR_112888.1	1455	1	0
NR_112886.1	1455	1	0
NR_112885.1	1455	1	0
NR_112844.1	1507	1	0
NR_112832.1	1375	11	0
NR_112808.1	1490	12	0
NR_112560.1	1393	6	0
NR_112552.1	1400	1	0
NR_112547.1	1422	1	0
NR_112186.1	1406	1	0
NR_112092.1	1482	2	0
NR_112091.1	1482	2	0
NR_108592.1	1426	1	0
NR_108118.1	1477	1	0
NR_104937.1	1527	26	0
NR_104911.1	1446	2	0
NR_104901.1	1515	19	0
NR_104890.1	1469	24	0
NR_104828.1	1508	110	0
NR_103954.1	1532	3	0
NR_103928.1	1524	67	0
NR_102890.1	1527	270	0
NR_102845.1	1524	10	0
NR_102494.1	1475	1	0
NR_102462.1	1479	1	0
NR_102440.1	1596	1	0
NR_074111.1	1432	5	0
NR_074325.2	1535	15	0
NR_075054.1	1585	2	0
NR_075034.1	1568	3	0
NR_074991.1	1553	2	0
NR_074978.1	1551	2	0
NR_074951.1	1548	4	0
NR_074933.1	1546	1	0
NR_074932.1	1546	1	0
NR_074890.1	1542	75	0
NR_074869.1	1539	24	0
NR_074731.1	1528	1	0
NR_074687.1	1526	246	0
NR_074668.1	1524	19	0
NR_074666.1	1524	13	0
NR_074665.1	1524	12	0
NR_074658.1	1524	1	0
NR_074595.1	1518	1	0
NR_074576.1	1516	1	0
NR_074394.1	1499	2	0
NR_074371.1	1496	9	0
NR_074296.1	1488	7	0
NR_074280.1	1484	1	0
NR_074209.1	1473	1	0
NR_044971.1	1415	1	0
NR_044773.1	1524	55	0
NR_044772.1	1524	71	0
NR_044753.1	1473	2	0
NR_044611.1	1402	5	0
NR_044571.1	1398	1	0
NR_044566.1	1384	2	0
NR_044454.1	1422	44	0
NR_044444.1	1502	2	0
NR_044440.1	1447	1	0
NR_044390.1	1404	23	0
NR_044367.1	1421	1	0
NR_044297.1	1442	1	0
NR_044251.1	1441	3	0
NR_044210.1	1396	1	0
NR_044209.1	1419	36	0
NR_044188.1	1442	3	0
NR_044187.1	1447	3	0
NR_044095.1	1444	1	0
NR_044075.1	1518	3	0
NR_044068.1	1492	1	0
NR_044061.1	1423	12	0
NR_044032.1	1484	1	0
NR_044019.1	1509	1	0
NR_044011.1	1383	1	0
NR_043958.1	1484	1	0
NR_043890.1	1523	1	0
NR_043858.1	1488	1	0
NR_043770.1	1403	5	0
NR_043750.1	1356	4	0
NR_043731.1	1505	1	0
NR_043624.1	1471	1	0
NR_043587.1	1454	1	0
NR_043575.1	1461	2	0
NR_043552.1	1499	114	0
NR_043542.1	1546	2	0
NR_043536.1	1489	1	0
NR_043421.1	1526	3	0
NR_043289.1	1531	15	0
NR_043276.1	1509	1	0
NR_043264.1	1415	4	0
NR_043215.1	1476	1	0
NR_043180.1	1483	4	0
NR_043174.1	1403	13	0
NR_043115.1	1529	14	0
NR_043103.1	1448	2	0
NR_043075.1	1490	1	0
NR_043023.1	1422	1	0
NR_042968.1	1433	1	0
NR_042931.1	1488	4	0
NR_042855.1	1323	1	0
NR_042768.1	1493	1	0
NR_042752.1	1340	1	0
NR_042749.1	1540	2	0
NR_042722.1	1366	4	0
NR_042636.1	1505	279	0
NR_042634.1	1502	373	0
NR_042633.1	1498	537	0
NR_042632.1	1502	178	0
NR_042397.1	1476	1	0
NR_042387.1	1516	155	0
NR_042319.1	1400	1	0
NR_042071.1	1384	2	0
NR_042050.1	1532	39	0
NR_041958.1	1510	1	0
NR_041697.1	1527	46	0
NR_041670.1	1440	1	0
NR_041623.1	1473	1	0
NR_041608.1	1472	4	0
NR_041486.1	1521	1	0
NR_041443.1	1434	3	0
NR_041440.1	1433	3	0
NR_041365.1	1495	1	0
NR_041332.1	1443	1	0
NR_041306.1	1482	1	0
NR_041288.1	1462	3	0
NR_041287.1	1470	1	0
NR_041046.1	1481	1	0
NR_041032.1	1433	1	0
NR_041024.1	1439	1	0
NR_040972.1	1424	2	0
NR_040956.1	1499	1	0
NR_040819.1	1419	3	0
NR_044569.1	1449	12	0
NR_044383.1	1473	8	0
NR_044309.1	1407	2	0
NR_044284.1	1536	2	0
NR_044283.1	1464	1	0
NR_044213.1	1361	1	0
NR_044092.1	1510	2	0
NR_044040.1	1491	7	0
NR_043981.1	1532	1	0
NR_043903.1	1485	1	0
NR_043860.1	1450	7	0
NR_043802.1	1419	1	0
NR_043790.1	1499	1	0
NR_043653.1	1436	1	0
NR_043645.1	1480	1	0
NR_043617.1	1462	1	0
NR_043333.1	1468	1	0
NR_043306.1	1523	3	0
NR_043299.1	1371	1	0
NR_043231.1	1396	1	0
NR_043169.1	1485	3	0
NR_043167.1	1439	1	0
NR_043104.1	1416	5	0
NR_043065.1	1438	1	0
NR_043010.1	1482	1	0
NR_042901.1	1485	5	0
NR_041798.1	1466	1	0
NR_037110.1	1502	2	0
NR_037099.1	1458	1	0
NR_036824.1	1400	4	0
NR_036763.1	1482	3	0
NR_029294.1	1549	1	0
NR_028875.1	1532	45	0
NR_028871.1	1526	1	0
NR_028853.1	1325	2	0
NR_027569.1	1488	1	0
NR_024882.1	1454	148	0
NR_025254.1	1533	9	0
NR_024975.1	1470	1	0
NR_024863.1	1461	2	0
NR_024862.1	1521	12	0
NR_026382.1	1417	1	0
NR_026357.1	1541	3	0
NR_026036.1	1467	1	0
NR_026035.1	1461	1	0
NR_025972.1	1456	1	0
NR_025828.1	1466	2	0
NR_025708.1	1516	22	0
NR_159305.1	1363	2	0
NR_159179.1	1512	16	0
NR_159157.1	1531	3	0
NR_159094.1	1555	1	0
NR_159080.1	1533	266	0
NR_156928.1	1423	1	0
NR_156819.1	1366	2	0
NR_156052.1	1336	120	0
NR_153750.1	1461	29	0
NR_152635.1	1484	2	0
NR_152632.1	1483	68	0
NR_152626.1	1489	1	0
NR_152623.1	1393	1	0
NR_152025.1	1493	1	0
NR_152004.1	1526	135	0
NR_151897.1	1508	2	0
NR_151867.1	1445	2	0
NR_074708.2	1523	1	0
NR_044656.2	1498	2	0
NR_074852.2	1536	1	0
NR_042373.2	1559	3	0
NR_102794.2	1543	28	0
NR_103934.2	1537	141	0
NR_109621.2	1538	1	0
NR_044740.3	1494	1	0
NR_074642.2	1519	1	0
NR_074674.2	1521	1	0
NR_074770.2	1530	2	0
NR_074793.2	1530	1	0
NR_075044.2	1565	1	0
NR_102493.2	1540	54	0
NR_112116.2	1550	1	0
NR_115286.2	1558	1	0
NR_115287.2	1557	1	0
NR_137356.2	1528	1	0
NR_137391.2	1514	3	0
NR_043022.2	1559	1	0
NR_149764.1	1515	1	0
NR_148847.1	1489	43	0
NR_148846.1	1490	4	0
NR_148845.1	1489	13	0
NR_148767.1	1502	2	0
NR_148764.1	1525	2	0
NR_148763.1	1525	1	0
NR_148750.1	1536	1	0
NR_148747.1	1521	159	0
NR_148666.1	1500	2	0
NR_148575.1	1390	147	0
NR_148572.1	1503	164	0
NR_146697.1	1530	1	0
NR_146658.1	1524	1	0
NR_146040.1	1386	1	0
NR_145912.1	1252	4	0
NR_145902.1	1469	5	0
NR_145862.1	1450	1	0
NR_145606.1	1306	13	0
NR_145605.1	1484	11	0
NR_145604.1	1484	23	0
NR_145603.1	1483	33	0
NR_145602.1	1484	25	0
NR_145601.1	1486	24	0
NR_145600.1	1484	16	0
NR_145599.1	1483	28	0
NR_145598.1	1484	214	0
NR_145597.1	1484	20	0
NR_145596.1	1484	10	0
NR_145595.1	1486	15	0
NR_145594.1	1484	14	0
NR_145584.1	1457	1	0
NR_145562.1	1512	44	0
NR_144586.1	1556	1	0
NR_137378.1	1524	1	0
NR_137370.1	1446	2	0
NR_137273.1	1461	5	0
NR_137272.1	1461	5	0
NR_136496.1	1443	103	0
NR_136495.1	1485	694	0
NR_136448.1	1456	151	0
NR_136431.1	1404	31	0
NR_135894.1	1347	33	0
NR_135866.1	1451	3	0
NR_135725.1	1483	10	0
NR_134817.1	1518	1	0
NR_134807.1	1451	110	0
NR_134793.1	1506	11	0
NR_134685.1	1527	9	0
NR_134161.1	1490	6	0
NR_134158.1	1399	1	0
NR_134120.1	1413	6	0
NR_134041.1	1389	1	0
NR_133904.1	1551	4	0
NR_133903.1	1552	6	0
NR_133858.1	1432	3	0
NR_133766.1	1422	2	0
NR_133710.1	1484	16	0
NR_133053.1	1388	1	0
NR_132692.1	1459	131	0
NR_037064.2	1356	98	0
NR_126319.1	1531	14	0
NR_126318.1	1531	13	0
NR_126317.1	1532	13	0
NR_126305.1	1501	13	0
NR_126304.1	1501	18	0
NR_126303.1	1501	17	0
NR_126291.1	1344	8	0
NR_126263.1	1452	1	0
NR_126208.1	1429	30	0
NR_117738.2	1528	9	0
NR_117737.2	1528	7	0
NR_104559.2	1553	1	0
NR_037054.2	1409	1	0
NR_115042.2	1408	36	0
NR_125711.1	1460	16	0
NR_125649.1	985	4	0
NR_125599.1	460	18	0
NR_125559.1	1501	21	0
NR_125558.1	1511	25	0
NR_125539.1	1428	14	0
NR_125524.1	1462	1	0
NR_125516.1	1505	146	0
NR_125508.1	1388	7	0
NR_125507.1	1353	13	0
NR_125506.1	1388	12	0
NR_116992.1	1425	21	0
NR_122067.1	1661	1	0
NR_122062.1	1524	1	0
NR_122060.1	1541	1	0
NR_122059.1	1541	1	0
NR_122057.1	1544	2	0
NR_122052.1	1516	1	0
NR_122050.1	1541	2	0
NR_121761.1	1544	1	0
NR_121745.1	1485	1	0
NR_121742.1	1542	5	0
NR_121739.1	1546	4	0
NR_121738.1	1509	6	0
NR_121737.1	1508	12	0
NR_121736.1	1491	1	0
NR_121733.1	1525	95	0
NR_121730.1	1532	1	0
NR_121708.1	1507	10	0
NR_121704.1	1524	3	0
NR_121703.1	1542	39	0
NR_121702.1	1509	1	0
NR_121701.1	1509	15	0
NR_121695.1	1545	82	0
NR_121678.1	1558	1	0
NR_119372.1	1484	24	0
NR_119371.1	1471	5	0
NR_119369.1	1485	1	0
NR_119368.1	1497	5	0
NR_119367.1	1497	12	0
NR_119366.1	1481	11	0
NR_119365.1	1498	3	0
NR_119364.1	1496	13	0
NR_119363.1	1484	60	0
NR_119362.1	1495	524	0
NR_119361.1	1497	1212	0
NR_119360.1	1416	54	0
NR_119359.1	1417	14	0
NR_119358.1	1416	81	0
NR_119357.1	1417	70	0
NR_119296.1	1410	3	0
NR_119279.1	1452	16	0
NR_119278.1	1452	3	0
NR_119277.1	1452	12	0
NR_119276.1	1452	3	0
NR_119267.1	1432	5	0
NR_119256.1	1499	865	0
NR_119255.1	1239	4	0
NR_119240.1	1413	1	0
NR_119239.1	1455	1	0
NR_119225.1	1492	3	0
NR_119220.1	1500	1	0
NR_119219.1	1502	1	0
NR_119214.1	1401	12	0
NR_119186.1	1092	147	0
NR_119173.1	1479	1	0
NR_119167.1	1314	1	0
NR_119160.1	1453	1	0
NR_119131.1	1200	169	0
NR_119130.1	1475	176	0
NR_119114.1	1460	3	0
NR_119113.1	1460	113	0
NR_119109.1	1443	9	0
NR_119108.1	1539	15	0
NR_119064.1	1486	1	0
NR_119062.1	1477	2	0
NR_119055.1	1465	1	0
NR_119053.1	1457	1	0
NR_119048.1	1457	27	0
NR_119043.1	1460	1	0
NR_119041.1	1460	2	0
NR_118991.1	1436	3	0
NR_118985.1	1435	8	0
NR_118944.1	1503	1	0
NR_118931.1	1482	12	0
NR_118928.1	1481	10	0
NR_118927.1	1482	10	0
NR_118925.1	1472	10	0
NR_118868.1	1482	1	0
NR_118859.1	1457	5	0
NR_118858.1	1458	3	0
NR_118857.1	1457	11	0
NR_118856.1	1458	4	0
NR_118855.1	1457	12	0
NR_118854.1	1456	12	0
NR_118853.1	1502	14	0
NR_118798.1	1456	1	0
NR_118792.1	1231	1	0
NR_118782.1	1434	1	0
NR_118773.1	1464	1	0
NR_118760.1	1477	1	0
NR_118742.1	1479	1	0
NR_118725.1	1411	1	0
NR_118717.1	1474	24	0
NR_118712.1	1474	1	0
NR_118705.1	1457	1	0
NR_118704.1	1474	581	0
NR_118703.1	1473	157	0
NR_118702.1	1466	7	0
NR_118701.1	1463	2	0
NR_118695.1	1474	57	0
NR_118688.1	1408	1	0
NR_118671.1	1481	1	0
NR_118588.1	1459	38	0
NR_118569.1	1368	1	0
NR_118568.1	1369	30	0
NR_118556.1	1376	17	0
NR_118531.1	1494	63	0
NR_118520.1	1435	1	0
NR_118487.1	1294	3	0
NR_118484.1	1448	1	0
NR_118459.1	1451	1	0
NR_118449.1	1438	45	0
NR_118443.1	1291	2	0
NR_118431.1	1493	7	0
NR_118409.1	1498	7	0
NR_118408.1	1498	5	0
NR_118394.1	1500	17	0
NR_118387.1	1439	8	0
NR_118352.1	1360	1	0
NR_118347.1	1535	12	0
NR_118328.1	1422	6	0
NR_118325.1	1271	2	0
NR_118295.1	1531	3	0
NR_118294.1	1531	5	0
NR_118293.1	1531	3	0
NR_118292.1	1530	11	0
NR_118291.1	1530	6	0
NR_118273.1	1344	39	0
NR_118258.1	1458	1	0
NR_118256.1	1525	32	0
NR_118228.1	1530	13	0
NR_118227.1	1530	10	0
NR_118226.1	1530	15	0
NR_118225.1	1530	11	0
NR_118224.1	1530	15	0
NR_118143.1	1364	2	0
NR_118142.1	1362	1	0
NR_118134.1	1494	9	0
NR_118127.1	1345	1	0
NR_118122.1	1344	152	0
NR_118121.1	1344	71	0
NR_118120.1	1344	40	0
NR_118106.1	1494	13	0
NR_118105.1	1494	30	0
NR_118095.1	1471	1	0
NR_118093.1	1471	2	0
NR_118092.1	1471	1	0
NR_118088.1	1443	13	0
NR_118087.1	1425	2	0
NR_118083.1	1124	3	0
NR_118082.1	1124	73	0
NR_118081.1	1126	2	0
NR_118080.1	1124	2	0
NR_118078.1	1124	151	0
NR_118077.1	1124	3	0
NR_118076.1	1124	1	0
NR_118075.1	1124	126	0
NR_118074.1	1124	91	0
NR_118073.1	1124	2	0
NR_118072.1	1126	3	0
NR_118071.1	1124	1	0
NR_118070.1	1124	86	0
NR_118069.1	1124	2	0
NR_118068.1	1124	48	0
NR_118067.1	1124	1	0
NR_118065.1	1124	4	0
NR_118064.1	1126	2	0
NR_118063.1	1124	61	0
NR_118062.1	1124	16	0
NR_118061.1	1124	63	0
NR_118060.1	1124	2	0
NR_118058.1	1124	22	0
NR_118057.1	1124	82	0
NR_118056.1	1124	2	0
NR_118055.1	1126	5	0
NR_118054.1	1124	1	0
NR_118053.1	1124	58	0
NR_118052.1	1124	12	0
NR_118051.1	1124	255	0
NR_118044.1	1503	1	0
NR_118042.1	1503	1	0
NR_118035.1	1400	6	0
NR_118011.1	1507	22	0
NR_118008.1	1497	1	0
NR_117969.1	1500	13	0
NR_117944.1	1300	1	0
NR_117930.1	1392	153	0
NR_117875.1	1483	1	0
NR_117869.1	1412	2	0
NR_117828.1	1478	4	0
NR_117821.1	1442	1	0
NR_117811.1	1503	3	0
NR_117799.1	1502	1	0
NR_117793.1	1471	3	0
NR_117789.1	1413	5	0
NR_117784.1	1393	33	0
NR_117763.1	1348	6	0
NR_117760.1	1327	1	0
NR_117753.1	1545	3	0
NR_117752.1	1427	11	0
NR_117751.1	1427	29	0
NR_117750.1	1427	8	0
NR_117716.1	1480	1	0
NR_117704.1	1530	5	0
NR_117698.1	1499	2	0
NR_117691.1	1415	2	0
NR_117686.1	1530	8	0
NR_117685.1	1530	8	0
NR_117684.1	1530	6	0
NR_117683.1	1530	9	0
NR_117682.1	1524	12	0
NR_117679.1	1529	15	0
NR_117678.1	1527	7	0
NR_117677.1	1515	172	0
NR_117674.1	1631	1	0
NR_117661.1	1485	102	0
NR_117648.1	1501	1	0
NR_117630.1	1529	29	0
NR_117629.1	1530	42	0
NR_117628.1	1530	7	0
NR_117626.1	1531	16	0
NR_117625.1	1531	12	0
NR_117624.1	1530	79	0
NR_117623.1	1529	47	0
NR_117622.1	1530	155	0
NR_117621.1	1530	181	0
NR_117620.1	1529	156	0
NR_117619.1	1530	123	0
NR_117600.1	1528	1	0
NR_117589.1	1724	1	0
NR_117585.1	1500	1	0
NR_117578.1	1501	1	0
NR_117575.1	1536	3	0
NR_117565.1	1509	1	0
NR_117553.1	1475	120	0
NR_117540.1	1351	1	0
NR_117538.1	1445	1	0
NR_117530.1	1320	1	0
NR_117526.1	1396	5	0
NR_117508.1	1375	7	0
NR_117480.1	1405	1	0
NR_117429.1	1439	3	0
NR_117424.1	1421	3	0
NR_117405.1	1506	46	0
NR_117353.1	1350	7	0
NR_117305.1	1494	137	0
NR_117303.1	1504	1	0
NR_117269.1	1527	544	0
NR_117193.1	1527	53	0
NR_117173.1	1537	1	0
NR_117166.1	1547	1	0
NR_117146.1	1545	1	0
NR_117145.1	1542	2	0
NR_117122.1	1541	1	0
NR_117117.1	1455	4	0
NR_117109.1	1549	1	0
NR_117061.1	1518	1	0
NR_117052.1	1416	1	0
NR_117000.1	1493	3	0
NR_116997.1	1453	2	0
NR_116967.1	1613	1	0
NR_116937.1	1428	1	0
NR_116914.1	1498	1	0
NR_116905.1	1530	1	0
NR_116904.1	1521	12	0
NR_116898.1	1495	4	0
NR_116880.1	1503	2	0
NR_116874.1	1379	2	0
NR_116845.1	1528	114	0
NR_116835.1	1382	1	0
NR_116819.1	1475	1	0
NR_116808.1	1488	3	0
NR_116800.1	1502	9	0
NR_116799.1	1361	22	0
NR_116798.1	1505	29	0
NR_116797.1	1506	128	0
NR_116786.1	1484	1	0
NR_116785.1	1466	1	0
NR_116783.1	1484	1	0
NR_116778.1	1430	1	0
NR_116777.1	1401	1	0
NR_116774.1	1533	147	0
NR_116758.1	1387	14	0
NR_116756.1	1387	16	0
NR_116755.1	1361	157	0
NR_116754.1	1387	16	0
NR_116753.1	1361	12	0
NR_116752.1	1362	220	0
NR_116751.1	1387	123	0
NR_116750.1	1387	513	0
NR_116749.1	1387	198	0
NR_116748.1	1376	790	0
NR_116700.1	1395	1	0
NR_116686.1	1442	1	0
NR_116678.1	1553	1	0
NR_116602.1	1421	245	0
NR_116510.1	1380	2	0
NR_116478.1	1464	286	0
NR_116430.1	1285	177	0
NR_116421.1	1420	1	0
NR_116341.1	1223	6	0
NR_116327.1	1532	1	0
NR_116305.1	1501	30	0
NR_116283.1	1494	24	0
NR_116282.1	1492	63	0
NR_116275.1	1480	1	0
NR_116254.1	1364	2	0
NR_116247.1	1344	562	0
NR_116246.1	1344	146	0
NR_116245.1	1344	848	0
NR_116244.1	1344	220	0
NR_116192.1	1168	1	0
NR_116191.1	1167	1	0
NR_116186.1	1168	2	0
NR_116185.1	1168	2	0
NR_116168.1	1505	7	0
NR_116162.1	1307	2	0
NR_116157.1	1313	122	0
NR_116156.1	1313	111	0
NR_116155.1	1313	88	0
NR_116154.1	1313	102	0
NR_116153.1	1313	82	0
NR_116152.1	1313	86	0
NR_116151.1	1313	92	0
NR_116150.1	1313	42	0
NR_116149.1	1313	111	0
NR_116148.1	1313	18	0
NR_116143.1	1315	2	0
NR_116142.1	1315	2	0
NR_116141.1	1315	1	0
NR_116140.1	1314	3	0
NR_116126.1	1262	9	0
NR_116125.1	1438	3	0
NR_116124.1	1443	22	0
NR_116115.1	1429	139	0
NR_116114.1	1443	344	0
NR_116113.1	1432	205	0
NR_116112.1	1348	101	0
NR_116111.1	1422	27	0
NR_116110.1	1494	9	0
NR_116109.1	1494	32	0
NR_116060.1	1388	1	0
NR_116051.1	1541	72	0
NR_116048.1	1345	2	0
NR_116047.1	1344	14	0
NR_116046.1	1343	15	0
NR_116045.1	1345	3	0
NR_116044.1	1344	8	0
NR_116017.1	1468	3	0
NR_115991.1	1505	1	0
NR_115988.1	1500	7	0
NR_115981.1	1472	1	0
NR_115976.1	1461	1	0
NR_115974.1	1461	2	0
NR_115971.1	1461	2	0
NR_115970.1	1461	1	0
NR_115969.1	1461	1	0
NR_115955.1	1353	1	0
NR_115942.1	1424	15	0
NR_115932.1	1251	39	0
NR_115931.1	1468	1	0
NR_115930.1	1468	1	0
NR_115929.1	1468	2	0
NR_115880.1	1485	10	0
NR_115879.1	1479	2	0
NR_115873.1	1305	28	0
NR_115869.1	1440	1	0
NR_115866.1	1502	1	0
NR_115863.1	1493	1	0
NR_115809.1	1453	1	0
NR_115750.1	1356	3	0
NR_115723.1	1245	12	0
NR_115722.1	1266	2	0
NR_115714.1	1535	1	0
NR_115615.1	1388	1	0
NR_115611.1	1370	4	0
NR_115610.1	1526	1	0
NR_115608.1	1453	1	0
NR_115519.1	1481	2	0
NR_115518.1	1472	9	0
NR_115513.1	1375	1	0
NR_115489.1	1418	1	0
NR_115484.1	1319	1	0
NR_115323.1	1520	1	0
NR_115304.1	1343	1	0
NR_115291.1	1336	1	0
NR_115290.1	1511	1	0
NR_115218.1	1362	1	0
NR_115215.1	1362	9	0
NR_115187.1	1461	5	0
NR_115186.1	1461	15	0
NR_115185.1	1461	7	0
NR_115173.1	1447	9	0
NR_115110.1	1481	1	0
NR_115035.1	1504	2	0
NR_115034.1	1472	1	0
NR_115005.1	1466	470	0
NR_114990.1	1426	2	0
NR_114987.1	1426	1	0
NR_114975.1	1521	2	0
NR_114964.1	1478	6	0
NR_114958.1	1511	115	0
NR_114922.1	1463	118	0
NR_114921.1	1462	108	0
NR_114920.1	1504	1	0
NR_114865.1	1377	2	0
NR_114855.1	1311	1	0
NR_114839.1	1405	3	0
NR_114794.1	1371	2	0
NR_114793.1	1370	5	0
NR_114764.1	1466	2	0
NR_114751.1	1369	3	0
NR_114750.1	1362	8	0
NR_114737.1	1511	11	0
NR_114736.1	1516	16	0
NR_114735.1	1512	154	0
NR_114716.1	1509	5	0
NR_114715.1	1492	14	0
NR_114712.1	1446	2	0
NR_114711.1	1477	147	0
NR_114706.1	1531	2	0
NR_114704.1	1498	2	0
NR_114659.1	1441	1	0
NR_114630.1	1514	1	0
NR_114628.1	1362	2	0
NR_114610.1	1042	1	0
NR_114589.1	1437	11	0
NR_114588.1	1498	1	0
NR_114578.1	1464	1	0
NR_114576.1	1461	1	0
NR_114575.1	1464	1	0
NR_114538.1	1509	5	0
NR_114533.1	1451	1	0
NR_114523.1	1344	79	0
NR_114522.1	1485	148	0
NR_114520.1	1480	10	0
NR_114519.1	1474	16	0
NR_114510.1	1414	1	0
NR_114507.1	1436	4	0
NR_114506.1	1436	12	0
NR_114505.1	1271	149	0
NR_114503.1	1436	33	0
NR_114502.1	1436	15	0
NR_114491.1	1462	189	0
NR_114479.1	1492	1	0
NR_114478.1	1440	16	0
NR_114477.1	1457	12	0
NR_114472.1	1459	14	0
NR_114471.1	1489	10	0
NR_114470.1	1418	2	0
NR_114455.1	1426	2	0
NR_114448.1	1504	1	0
NR_114430.1	1410	4	0
NR_114345.1	1324	10	0
NR_114296.1	1454	1	0
NR_114286.1	1467	6	0
NR_114255.1	1456	1	0
NR_114235.1	1467	8	0
NR_114232.1	1467	9	0
NR_114218.1	1478	3	0
NR_114216.1	1464	1	0
NR_114215.1	1462	44	0
NR_114196.1	1461	28	0
NR_114195.1	1462	16	0
NR_114194.1	1462	1	0
NR_114167.1	1461	14	0
NR_114164.1	1462	12	0
NR_114159.1	1466	9	0
NR_114158.1	1467	10	0
NR_114157.1	1467	1	0
NR_114156.1	1466	1	0
NR_114155.1	1467	13	0
NR_114154.1	1465	47	0
NR_114153.1	1465	8	0
NR_114152.1	1465	15	0
NR_114147.1	1477	1	0
NR_114135.1	1412	1	0
NR_114126.1	1463	11	0
NR_114121.1	1410	4	0
NR_114118.1	1456	5	0
NR_114117.1	1460	1	0
NR_114112.1	1380	1	0
NR_114111.1	1466	200	0
NR_114108.1	1465	20	0
NR_114107.1	1465	11	0
NR_114080.1	1465	59	0
NR_114079.1	1467	11	0
NR_114078.1	1469	9	0
NR_114077.1	1467	14	0
NR_114074.1	1462	27	0
NR_114072.1	1462	16	0
NR_114062.1	1450	1	0
NR_114044.1	1478	2	0
NR_114043.1	1467	13	0
NR_114042.1	1467	17	0
NR_114041.1	1463	440	0
NR_114036.1	1427	1	0
NR_114034.1	1408	1	0
NR_113996.1	1477	1	0
NR_113994.1	1475	1	0
NR_113993.1	1475	1	0
NR_113964.1	1460	3	0
NR_113963.1	1456	1	0
NR_113960.1	1472	1	0
NR_113957.1	1476	1	0
NR_113930.1	1450	32	0
NR_113925.1	1466	3	0
NR_113897.1	1414	1	0
NR_113895.1	1406	1	0
NR_113890.1	1410	1	0
NR_113889.1	1410	1	0
NR_113877.1	1457	1	0
NR_113870.1	1458	1	0
NR_113867.1	1412	2	0
NR_113859.1	1461	4	0
NR_113857.1	1462	1	0
NR_113856.1	1462	3	0
NR_113855.1	1462	1	0
NR_113789.1	1478	1	0
NR_113784.1	1477	1	0
NR_113729.1	1416	2	0
NR_113713.1	1406	1	0
NR_113703.1	1467	32	0
NR_113702.1	1465	6	0
NR_113701.1	1465	17	0
NR_113675.1	1408	1	0
NR_113652.1	1462	1	0
NR_113651.1	1462	5	0
NR_113649.1	1462	10	0
NR_113646.1	1462	11	0
NR_113645.1	1458	193	0
NR_113643.1	1458	1	0
NR_113637.1	1412	3	0
NR_113629.1	1458	103	0
NR_113618.1	1407	1	0
NR_113617.1	1462	31	0
NR_113615.1	1465	12	0
NR_113614.1	1465	12	0
NR_113612.1	1410	1	0
NR_113610.1	1478	1	0
NR_113608.1	1410	1	0
NR_113601.1	1462	1	0
NR_113600.1	1462	1	0
NR_113599.1	1461	14	0
NR_113598.1	1465	14	0
NR_113596.1	1467	11	0
NR_113595.1	1461	1	0
NR_113580.1	1468	6	0
NR_113575.1	1489	1	0
NR_113385.1	1347	2	0
NR_113377.1	1524	1	0
NR_113376.1	1524	3	0
NR_113352.1	1460	11	0
NR_113348.1	1473	1	0
NR_113347.1	1464	14	0
NR_113346.1	1460	7	0
NR_113343.1	1460	106	0
NR_113341.1	1462	7	0
NR_113340.1	1464	11	0
NR_113322.1	1462	1	0
NR_113321.1	1468	32	0
NR_113272.1	1472	1	0
NR_113268.1	1510	5	0
NR_113265.1	1472	1	0
NR_113258.1	1499	5	0
NR_113240.1	1462	2	0
NR_113237.1	1459	124	0
NR_113236.1	1464	9	0
NR_113182.1	1400	1	0
NR_113135.1	1488	1	0
NR_113028.1	1486	7	0
NR_113025.1	1456	3	0
NR_113019.1	1447	2	0
NR_112986.1	1434	10	0
NR_112951.1	1376	17	0
NR_112949.1	1400	2	0
NR_112927.1	1414	2	0
NR_112881.1	1400	1	0
NR_112771.1	1501	1	0
NR_112732.1	1464	1	0
NR_112725.1	1475	1	0
NR_112686.1	1475	1	0
NR_112685.1	1475	3	0
NR_112681.1	1472	1	0
NR_112674.1	1451	1	0
NR_112640.1	1485	1	0
NR_112637.1	1474	1	0
NR_112629.1	1475	2	0
NR_112612.1	1434	2	0
NR_112558.1	1110	19	0
NR_112557.1	1110	51	0
NR_112556.1	1110	8	0
NR_112555.1	1110	7	0
NR_112554.1	1110	16	0
NR_112532.1	1479	1	0
NR_112423.1	1479	1	0
NR_112235.1	1433	5	0
NR_112232.1	1433	6	0
NR_112219.1	1425	1	0
NR_112201.1	1489	1	0
NR_112191.1	1436	1	0
NR_112179.1	1148	1	0
NR_112168.1	1452	7	0
NR_112153.1	1488	1	0
NR_112123.1	1361	8	0
NR_112111.1	1434	1	0
NR_112110.1	1432	3	0
NR_112108.1	1443	2	0
NR_112074.1	1501	1	0
NR_112072.1	1505	5	0
NR_112070.1	1505	3	0
NR_112069.1	1499	1	0
NR_112068.1	1514	1	0
NR_112063.1	1491	6	0
NR_112062.1	1507	10	0
NR_112060.1	1506	163	0
NR_112032.1	1283	1	0
NR_112030.1	1467	2	0
NR_112027.1	1400	2	0
NR_112023.1	1440	1	0
NR_112021.1	1513	1	0
NR_112011.1	1451	21	0
NR_112010.1	1441	35	0
NR_112009.1	1449	4	0
NR_112007.1	1438	20	0
NR_112006.1	1449	18	0
NR_112005.1	1449	12	0
NR_111998.1	1449	19	0
NR_109590.1	1444	1	0
NR_044670.2	1467	1	0
NR_044712.2	1475	1	0
NR_044825.2	1482	6	0
NR_044837.2	1462	2	0
NR_044659.2	1526	1	0
NR_109750.1	1490	1	0
NR_109681.1	1464	1	0
NR_109649.1	1417	1	0
NR_109606.1	1463	1	0
NR_109603.1	1393	3	0
NR_109595.1	1509	1	0
NR_109586.1	1484	3	0
NR_109583.1	1532	10	0
NR_109507.1	1460	17	0
NR_109490.1	1407	20	0
NR_109470.1	1459	5	0
NR_109460.1	1435	2	0
NR_109427.1	1490	2	0
NR_109420.1	1422	1	0
NR_109417.1	1418	1	0
NR_109312.1	1432	4	0
NR_109297.1	1473	1	0
NR_109179.1	1449	34	0
NR_109105.1	1536	1	0
NR_108991.1	1405	6	0
NR_108902.1	1401	1	0
NR_108899.1	1500	2	0
NR_108873.1	1463	1	0
NR_108848.1	1494	12	0
NR_108841.1	1454	1	0
NR_108830.1	1416	1	0
NR_108787.1	1511	1	0
NR_108740.1	1480	1	0
NR_108738.1	1406	2	0
NR_108634.1	1488	3	0
NR_108630.1	1487	1	0
NR_108603.1	1475	1	0
NR_108559.1	1430	1	0
NR_108524.1	1350	2	0
NR_108497.1	1460	1	0
NR_108484.1	1529	2	0
NR_108469.1	1430	5	0
NR_108466.1	1424	1	0
NR_108458.1	1480	1	0
NR_108435.1	1477	1	0
NR_108295.1	1395	1	0
NR_108220.1	1375	1	0
NR_108192.1	1489	4	0
NR_108179.1	1437	1	0
NR_108146.1	1419	1	0
NR_108136.1	1422	1	0
NR_108121.1	1535	9	0
NR_108115.1	1423	2	0
NR_104980.1	1418	20	0
NR_104978.1	1485	379	0
NR_104975.1	1485	131	0
NR_104973.1	1485	92	0
NR_104962.1	1432	518	0
NR_104960.1	1483	9	0
NR_104954.1	1387	1	0
NR_104948.1	1413	11	0
NR_104943.1	1440	137	0
NR_104940.1	1478	40	0
NR_104934.1	1527	14	0
NR_104933.1	1527	40	0
NR_104932.1	1529	10	0
NR_104929.1	1533	1	0
NR_104928.1	1524	4668	0
NR_104925.1	1534	4	0
NR_104924.1	1494	70	0
NR_104923.1	1476	10	0
NR_104919.1	1456	2	0
NR_104912.1	1482	1	0
NR_104904.1	1459	9	0
NR_104903.1	1480	5	0
NR_104873.1	1538	1	0
NR_104861.1	1562	1	0
NR_104858.1	1454	11	0
NR_104839.1	1435	1	0
NR_104838.1	1460	10	0
NR_104826.1	1530	22	0
NR_104823.1	1504	23	0
NR_104822.1	1491	3	0
NR_104794.1	1513	1	0
NR_104789.1	1518	1	0
NR_104786.1	1513	1	0
NR_104778.1	1504	1	0
NR_104767.1	1510	1	0
NR_104763.1	1480	1	0
NR_104753.1	1510	1	0
NR_104752.1	1516	1	0
NR_104751.1	1508	153	0
NR_104750.1	1507	2	0
NR_104742.1	1469	4	0
NR_104724.1	1461	7	0
NR_104722.1	1474	3	0
NR_104709.1	1467	10	0
NR_104569.1	1494	153	0
NR_104563.1	1469	20	0
NR_104544.1	1441	1	0
NR_104541.1	1461	3	0
NR_104540.1	1407	1	0
NR_104280.1	1484	2	0
NR_044737.2	1433	2	0
NR_044736.2	1476	1	0
NR_044732.2	1477	1	0
NR_044729.2	1488	1	0
NR_044713.2	1478	2	0
NR_044644.2	1469	1	0
NR_104207.1	1473	1	0
NR_102854.1	1526	3	0
NR_102814.1	1537	444	0
NR_102802.1	1543	18	0
NR_102486.1	1532	1	0
NR_102469.1	1488	12	0
NR_102468.1	1481	5	0
NR_102464.1	1480	2	0
NR_102457.1	1477	1	0
NR_102447.1	1476	1	0
NR_102439.1	1507	139	0
NR_074189.1	1469	1	0
NR_074118.1	1437	1	0
NR_074107.1	1537	1	0
NR_074106.1	1493	6	0
NR_074312.2	1529	58	0
NR_074299.2	1528	61	0
NR_037065.2	1475	30	0
NR_075022.1	1563	1	0
NR_075009.1	1556	1	0
NR_074959.1	1549	1	0
NR_074952.1	1548	1	0
NR_074936.1	1547	1	0
NR_074927.1	1545	2	0
NR_074915.1	1544	1	0
NR_074908.1	1544	997	0
NR_074902.1	1542	29	0
NR_074888.1	1542	964	0
NR_074886.1	1541	1	0
NR_074853.1	1538	3	0
NR_074841.1	1537	1	0
NR_074830.1	1536	6	0
NR_074823.1	1535	27	0
NR_074805.1	1534	1	0
NR_074782.1	1533	52	0
NR_074728.1	1528	1	0
NR_074092.1	1448	2	0
NR_074672.1	1525	2	0
NR_074670.1	1524	172	0
NR_074664.1	1524	65	0
NR_074603.1	1518	1	0
NR_074534.1	1512	161	0
NR_074529.1	1511	1	0
NR_074521.1	1510	150	0
NR_074466.1	1508	1	0
NR_074443.1	1506	3	0
NR_074442.1	1505	1	0
NR_074438.1	1505	1	0
NR_074436.1	1505	18	0
NR_074379.1	1497	2	0
NR_074337.1	1492	1	0
NR_074317.1	1489	6	0
NR_074314.1	1489	36	0
NR_074297.1	1488	157	0
NR_074282.1	1485	1	0
NR_074266.1	1480	7	0
NR_074261.1	1479	6	0
NR_074244.1	1476	6	0
NR_044980.1	1485	3	0
NR_044978.1	1495	15	0
NR_044977.1	1495	27	0
NR_044976.1	1498	47	0
NR_044975.1	1417	4	0
NR_044935.1	1423	1	0
NR_044924.1	1536	12	0
NR_044912.1	1464	3	0
NR_044901.1	1467	1	0
NR_044838.1	1454	8	0
NR_044827.1	1499	15	0
NR_044818.1	1476	1	0
NR_044800.1	1456	875	0
NR_044799.1	1502	14	0
NR_044762.1	1433	1	0
NR_044749.1	1479	7	0
NR_044679.1	1478	1	0
NR_044646.1	1469	10	0
NR_044467.1	1504	1	0
NR_044443.1	1520	3	0
NR_044385.1	1500	3	0
NR_044378.1	1313	77	0
NR_044373.1	1368	4	0
NR_044372.1	1448	7	0
NR_044371.1	1437	6	0
NR_044370.1	1414	7	0
NR_044211.1	1432	1	0
NR_044191.1	1421	1	0
NR_044152.1	1461	3	0
NR_044101.1	1400	15	0
NR_044062.1	1361	11	0
NR_044060.1	1417	15	0
NR_044059.1	1425	16	0
NR_044058.1	1417	13	0
NR_044057.1	1380	13	0
NR_043997.1	1503	2	0
NR_043995.1	1360	2	0
NR_043990.1	1411	18	0
NR_043980.1	1351	31	0
NR_043943.1	1489	1	0
NR_043929.1	1355	1	0
NR_043898.1	1425	2	0
NR_043751.1	1356	3	0
NR_043679.1	1325	20	0
NR_043663.1	1500	4	0
NR_043662.1	1500	4	0
NR_043625.1	1463	1	0
NR_043553.1	1488	64	0
NR_043515.1	1386	5	0
NR_043425.1	1527	1	0
NR_043423.1	1526	253	0
NR_043419.1	1530	5	0
NR_043393.1	1418	1	0
NR_043388.1	1438	1	0
NR_043384.1	1515	166	0
NR_043152.1	1491	11	0
NR_043007.1	1477	1	0
NR_042939.1	1530	1	0
NR_042938.1	1365	1	0
NR_042936.1	1422	1	0
NR_042933.1	1424	1	0
NR_042878.1	1362	12	0
NR_042851.1	1421	2	0
NR_042813.1	1461	24	0
NR_042748.1	1436	95	0
NR_042706.1	1430	1	0
NR_042687.1	1381	2	0
NR_042662.1	1425	155	0
NR_042650.1	1418	1	0
NR_042635.1	1498	128	0
NR_042607.1	1489	3	0
NR_042594.1	1483	7	0
NR_042593.1	1484	3	0
NR_042580.1	1521	7	0
NR_042569.1	1512	1	0
NR_042568.1	1494	1	0
NR_042531.1	1425	2	0
NR_042487.1	1476	1	0
NR_042485.1	1488	1	0
NR_042473.1	1401	1	0
NR_042466.1	1446	147	0
NR_042465.1	1426	163	0
NR_042451.1	1497	3	0
NR_042450.1	1494	19	0
NR_042432.1	1345	1	0
NR_042422.1	1502	10	0
NR_042415.1	1517	7	0
NR_042413.1	1497	14	0
NR_042412.1	1518	2	0
NR_042411.1	1516	2	0
NR_042408.1	1418	1	0
NR_042364.1	1444	1	0
NR_042356.1	1479	9	0
NR_042349.1	1513	22	0
NR_042348.1	1410	1	0
NR_042343.1	1505	1	0
NR_042336.1	1531	1	0
NR_042328.1	1524	3	0
NR_042325.1	1529	1	0
NR_042316.1	1509	1	0
NR_042288.1	1519	2	0
NR_042249.1	1509	1	0
NR_042234.1	1374	6	0
NR_042225.1	1541	1	0
NR_042192.1	1407	1	0
NR_042191.1	1459	463	0
NR_042169.1	1435	2	0
NR_042145.1	1475	1	0
NR_042069.1	1530	1	0
NR_042067.1	1531	2	0
NR_042063.1	1528	1	0
NR_042045.1	1559	1	0
NR_042026.1	1456	13	0
NR_042016.1	1508	1	0
NR_042013.1	1509	2	0
NR_042004.1	1512	1	0
NR_042002.1	1510	3	0
NR_042001.1	1512	2	0
NR_041979.1	1495	9	0
NR_041978.1	1473	155	0
NR_041977.1	1491	23	0
NR_041976.1	1497	7	0
NR_041975.1	1509	17	0
NR_041974.1	1504	75	0
NR_041973.1	1495	14	0
NR_041972.1	1496	6	0
NR_041971.1	1497	13	0
NR_041970.1	1497	17	0
NR_041969.1	1496	1	0
NR_041964.1	1435	2	0
NR_041953.1	1492	1	0
NR_041948.1	1463	1	0
NR_041935.1	1409	1	0
NR_041922.1	1427	3	0
NR_041921.1	1413	5	0
NR_041858.1	1492	1	0
NR_041851.1	1523	8	0
NR_041838.1	1514	1	0
NR_041831.1	1461	1	0
NR_041802.1	1503	1	0
NR_041750.1	1436	11	0
NR_041749.1	1436	9	0
NR_041736.1	1512	1	0
NR_041725.1	1488	63	0
NR_041724.1	1435	1	0
NR_041720.1	1494	107	0
NR_041719.1	1494	140	0
NR_041696.1	1491	2	0
NR_041648.1	1469	1	0
NR_041647.1	1471	1	0
NR_041634.1	1474	1	0
NR_041594.1	1446	1	0
NR_041592.1	1438	6	0
NR_041577.1	1538	1	0
NR_041568.1	1426	1	0
NR_041554.1	1443	10	0
NR_041527.1	1490	6	0
NR_041455.1	1472	1	0
NR_041408.1	1485	1	0
NR_041396.1	1457	3	0
NR_041341.1	1458	1	0
NR_041259.1	1460	1	0
NR_041256.1	1509	1	0
NR_041059.1	1440	1	0
NR_041036.1	1442	6	0
NR_041035.1	1430	8	0
NR_041034.1	1451	14	0
NR_041030.1	1433	1	0
NR_041028.1	1435	1	0
NR_041026.1	1433	3	0
NR_040961.1	1540	1	0
NR_040941.1	1449	1	0
NR_040930.1	1399	7	0
NR_040928.1	1480	2	0
NR_040863.1	1459	2	0
NR_040847.1	1486	4	0
NR_040837.1	1497	1	0
NR_040830.1	1388	76	0
NR_040824.1	1477	1	0
NR_040816.1	1477	1	0
NR_040807.1	1438	1	0
NR_040804.1	1517	2	0
NR_040791.1	1433	2	0
NR_044741.1	1498	4	0
NR_044654.1	1471	1	0
NR_044396.1	1475	2	0
NR_044369.1	1383	2	0
NR_044318.1	1431	2	0
NR_044304.1	1438	1	0
NR_044208.1	1359	1	0
NR_044182.1	1443	1	0
NR_044112.1	1477	1	0
NR_044076.1	1493	13	0
NR_043952.1	1502	1	0
NR_043944.1	1491	1	0
NR_043941.1	1491	1	0
NR_043939.1	1491	1	0
NR_043906.1	1480	1	0
NR_043883.1	1347	159	0
NR_043716.1	1482	3	0
NR_043195.1	1499	1	0
NR_042960.1	1431	19	0
NR_042893.1	1441	3	0
NR_042858.1	1492	14	0
NR_042854.1	1494	125	0
NR_042811.1	1511	2	0
NR_042776.1	1546	2	0
NR_041927.1	1468	46	0
NR_041816.1	1517	20	0
NR_036911.2	1503	1	0
NR_037134.1	1527	6	0
NR_037112.1	1508	3	0
NR_037111.1	1502	11	0
NR_037102.1	1529	10	0
NR_037085.1	1454	30	0
NR_037067.1	1546	1	0
NR_037061.1	1522	50	0
NR_037026.1	1374	1	0
NR_037011.1	1502	1	0
NR_037010.1	1491	4	0
NR_036985.1	1518	1	0
NR_036970.1	1503	2	0
NR_036957.1	1437	1	0
NR_036925.1	1509	1	0
NR_036924.1	1529	4	0
NR_036919.1	1497	90	0
NR_036909.1	1527	1	0
NR_036908.1	1527	14	0
NR_036900.1	1478	1	0
NR_036886.1	1532	10	0
NR_036885.1	1504	3	0
NR_036830.1	1456	1	0
NR_036828.1	1476	1	0
NR_036794.1	1534	7	0
NR_036790.1	1537	1	0
NR_036779.1	1448	1	0
NR_036759.1	1520	1	0
NR_029331.1	1500	1	0
NR_029319.1	1408	10	0
NR_029289.1	1482	1	0
NR_029228.1	1466	1	0
NR_029212.1	1522	15	0
NR_029210.1	1528	1129	0
NR_029205.1	1521	1	0
NR_029195.1	1370	1	0
NR_029171.1	1484	1	0
NR_029164.1	1475	1	0
NR_029162.1	1498	1	0
NR_029149.1	1479	1	0
NR_029103.1	1531	27	0
NR_029101.1	1396	4	0
NR_029089.1	1513	4	0
NR_029066.1	1507	63	0
NR_029063.1	1531	3	0
NR_029050.1	1408	1	0
NR_029046.1	1418	1	0
NR_029044.1	1497	16	0
NR_029019.1	1438	2	0
NR_029001.1	1525	1	0
NR_028999.1	1485	2	0
NR_028993.1	1451	37	0
NR_028986.1	1492	1	0
NR_028985.1	1494	1	0
NR_028965.1	1406	3	0
NR_028959.1	1370	5	0
NR_028947.1	1475	1	0
NR_028946.1	1542	1	0
NR_028939.1	1515	17	0
NR_028935.1	1475	1	0
NR_028930.1	1497	1	0
NR_028912.1	1511	17	0
NR_028907.1	1469	1	0
NR_028893.1	1507	91	0
NR_028860.1	1518	56	0
NR_028850.1	1325	1	0
NR_028803.1	1459	19	0
NR_028802.1	1453	14	0
NR_028801.1	1509	1	0
NR_028783.1	1282	2	0
NR_028751.1	1485	18	0
NR_028750.1	1485	16	0
NR_028749.1	1485	6	0
NR_028746.1	1494	1	0
NR_028745.1	1465	1	0
NR_028735.1	1513	1	0
NR_028721.1	1517	1	0
NR_028715.1	1512	1	0
NR_028691.1	1522	151	0
NR_028688.1	1530	11	0
NR_028687.1	1530	16	0
NR_028686.1	1522	13	0
NR_028685.1	1496	3	0
NR_028684.1	1521	1	0
NR_028683.1	1468	12	0
NR_028634.1	1454	1	0
NR_028616.1	1454	1	0
NR_028009.1	1475	1	0
NR_027611.1	1423	1	0
NR_027610.1	1423	1	0
NR_027552.1	1517	1	0
NR_027521.1	1492	1	0
NR_027519.1	1492	1	0
NR_027216.1	1484	1	0
NR_025588.1	1512	1	0
NR_025585.1	1452	1	0
NR_025583.1	1447	2	0
NR_025582.1	1447	2	0
NR_025578.1	1497	2	0
NR_025566.1	1362	20	0
NR_025551.1	1532	1	0
NR_025490.1	1509	1	0
NR_025478.1	1435	2	0
NR_025472.1	1522	1	0
NR_025450.1	1531	1	0
NR_025429.1	1508	1	0
NR_025425.1	1465	7	0
NR_025412.1	1466	5	0
NR_025409.1	1486	1	0
NR_025406.1	1515	1	0
NR_025405.1	1478	1	0
NR_025385.1	1449	7	0
NR_025374.1	1440	5	0
NR_025361.1	1501	1	0
NR_025341.1	1502	1	0
NR_025339.1	1490	1	0
NR_025338.1	1516	15	0
NR_025335.1	1485	26	0
NR_025334.1	1490	3	0
NR_025331.1	1498	98	0
NR_025330.1	1495	84	0
NR_025329.1	1504	69	0
NR_025328.1	1505	82	0
NR_025327.1	1504	168	0
NR_025324.1	1442	1	0
NR_025317.1	1407	1	0
NR_025316.1	1488	11	0
NR_025315.1	1391	6	0
NR_025306.1	1522	1	0
NR_025305.1	1513	4	0
NR_025242.1	1436	3	0
NR_025236.1	1451	1	0
NR_025164.1	1492	1	0
NR_025159.1	1461	1	0
NR_025158.1	1461	2	0
NR_025142.1	1519	1	0
NR_025105.1	1540	3	0
NR_025104.1	1542	1	0
NR_025102.1	1501	1	0
NR_025097.1	1523	1	0
NR_025085.1	1483	1	0
NR_025058.1	1472	8	0
NR_025057.1	1476	2	0
NR_025046.1	1492	4	0
NR_025037.1	1529	2	0
NR_025013.1	1408	168	0
NR_025012.1	1462	1	0
NR_025006.1	1501	2	0
NR_025005.1	1475	1	0
NR_025001.1	1431	1	0
NR_024989.1	1371	1	0
NR_024978.1	1463	1	0
NR_024977.1	1461	2	0
NR_024969.1	1447	1	0
NR_024925.1	1453	30	0
NR_024909.1	1516	2	0
NR_024899.1	1504	9	0
NR_024883.1	1414	22	0
NR_024861.1	1511	6	0
NR_024858.1	1547	1	0
NR_024848.1	1494	8	0
NR_024768.1	1466	6	0
NR_024734.1	1489	12	0
NR_024721.1	1461	1	0
NR_024709.1	1519	5	0
NR_024703.1	1450	2	0
NR_024696.1	1530	2	0
NR_024693.1	1526	2	0
NR_024680.1	1494	1	0
NR_024672.1	1488	1	0
NR_024669.1	1494	1	0
NR_024644.1	1442	5	0
NR_024643.1	1438	9	0
NR_024642.1	1449	37	0
NR_024640.1	1422	58	0
NR_024637.1	1407	1	0
NR_026534.1	1465	9	0
NR_026533.1	1510	1	0
NR_026532.1	1494	1	0
NR_026519.1	1437	44	0
NR_026512.1	1408	3	0
NR_026492.1	1479	1	0
NR_026487.1	1473	1	0
NR_026480.1	1479	1	0
NR_026462.1	1432	1	0
NR_026443.1	1423	1	0
NR_026428.1	1425	1	0
NR_026421.1	1436	1	0
NR_026384.1	1500	3	0
NR_026383.1	1502	1	0
NR_026337.1	1454	1	0
NR_026332.1	1487	9	0
NR_026331.1	1488	16	0
NR_026318.1	1502	1	0
NR_026209.1	1460	85	0
NR_026208.1	1459	36	0
NR_026207.1	1460	27	0
NR_026206.1	1459	155	0
NR_026188.1	1475	2	0
NR_026156.1	1472	2	0
NR_026128.1	1465	1	0
NR_026112.1	1503	1	0
NR_026078.1	1537	28	0
NR_026063.1	1489	1	0
NR_026049.1	1456	6	0
NR_026048.1	1456	14	0
NR_026046.1	1458	14	0
NR_026045.1	1455	528	0
NR_026037.1	1467	3	0
NR_026024.1	1469	1	0
NR_026023.1	1468	1	0
NR_026004.1	1409	1	0
NR_025993.1	1413	1	0
NR_025984.1	1464	1	0
NR_025983.1	1519	2	0
NR_025975.1	1445	6	0
NR_025969.1	1481	1	0
NR_025967.1	1491	3	0
NR_025947.1	1529	14	0
NR_025922.1	1470	1	0
NR_025912.1	1439	1	0
NR_025830.1	1315	1	0
NR_025795.1	1524	1	0
NR_025794.1	1499	1	0
NR_025784.1	1446	1	0
NR_025778.1	1458	3	0
NR_025775.1	1531	1	0
NR_025769.1	1448	1	0
NR_025764.1	1482	1	0
NR_025763.1	1482	5	0
NR_025742.1	1514	1	0
NR_025713.1	1515	66	0
NR_025709.1	1514	14	0
NR_025707.1	1517	50	0
NR_025704.1	1505	75	0
NR_025698.1	1516	2	0
NR_025697.1	1516	12	0
NR_025694.1	1446	1	0
NR_025687.1	1489	24	0
NR_025683.1	1485	186	0
NR_025682.1	1500	27	0
NR_025677.1	1489	391	0
NR_025676.1	1491	21	0
NR_025673.1	1517	1	0
NR_025656.1	1484	2	0
NR_025635.1	1412	21	0
NR_025631.1	1406	1	0
NR_146849.1	1254	1	0
NR_028903.2	1510	1	0
NR_029213.2	1483	14	0
NR_042178.1	1411	1	0
NR_042154.1	1365	13	0
NR_042108.1	1438	1	0
NR_042049.1	1463	20	0
NR_041992.1	1477	1	0
NR_041980.1	1505	3	0
NR_041968.1	1504	40	0
NR_041794.1	1434	1	0
NR_041765.1	1509	2	0
NR_041715.1	1458	2	0
NR_041702.1	1528	22	0
NR_041640.1	1540	7	0
NR_041602.1	1487	3	0
NR_041547.1	1450	1	0
NR_041441.1	1439	3	0
NR_040878.1	1427	1	0
NR_041813.1	1501	2136	0
NR_036978.1	1423	2	0
NR_036952.1	1524	55	0
NR_036927.1	1516	19	0
NR_029358.1	1479	194	0
NR_029299.1	1472	1	0
NR_029225.1	1528	160	0
NR_029224.1	1425	1	0
NR_029222.1	1484	1	0
NR_029211.1	1510	124	0
NR_029209.1	1478	118	0
NR_028938.1	1502	3	0
NR_028892.1	1470	156	0
NR_028891.1	1447	137	0
NR_028848.1	1325	1	0
NR_028830.1	1523	5	0
NR_028799.1	1451	1	0
NR_028697.1	1557	1	0
NR_028682.1	1538	2	0
NR_028677.1	1459	10	0
NR_027587.1	1488	56	0
NR_027555.1	1435	4	0
NR_027554.1	1480	8	0
NR_027549.1	1473	17	0
NR_027547.1	1549	5	0
NR_027546.1	1461	1	0
NR_027545.1	1461	2	0
NR_027544.1	1461	1	0
NR_027540.1	1484	5	0
NR_027522.1	1507	1	0
NR_025569.1	1494	14	0
NR_025392.1	1439	17	0
NR_025378.1	1475	1	0
NR_025342.1	1480	30	0
NR_025337.1	1473	3	0
NR_025333.1	1482	1	0
NR_025332.1	1481	1	0
NR_025276.1	1514	1	0
NR_025262.1	1456	1	0
NR_025243.1	1403	9	0
NR_025128.1	1500	24	0
NR_025125.1	1514	2	0
NR_024996.1	1436	15	0
NR_024934.1	1487	1	0
NR_024839.1	1465	1	0
NR_024795.1	1484	28	0
NR_024777.1	1506	1	0
NR_024770.1	1399	3	0
NR_024769.1	1466	6	0
NR_024727.1	1472	1	0
NR_024706.1	1522	34	0
NR_024641.1	1450	29	0
NR_026266.1	1492	5	0
NR_026210.1	1459	21	0
NR_026171.1	1518	1	0
NR_026050.1	1455	51	0
NR_025971.1	1466	96	0
NR_025860.1	1459	3	0
NR_025855.1	1390	1	0
NR_025710.1	1516	8	0
NR_025703.1	1378	281	0
NR_025701.1	1515	9	0
NR_025680.1	1524	1	0
NR_024570.1	1450	10	0
NR_037084.1	1452	6	0
