NR_178153.1	683	1	0
NR_178141.1	628	1	0
NR_177458.1	784	407	0
NR_177181.1	963	5	0
NR_177180.1	896	1	0
NR_177176.1	784	23	0
NR_177137.1	548	1	0
NR_176776.1	583	1	0
NR_175700.1	716	88	0
NR_121305.1	750	1	0
NR_120301.1	557	362	0
NR_175660.1	652	1	0
NR_175633.1	747	1	0
NR_175186.1	571	13	0
NR_175183.1	653	8	0
NR_175101.1	641	15	0
NR_175095.1	778	29	0
NR_175078.1	717	1	0
NR_174900.1	744	24	0
NR_174819.1	628	2	0
NR_174818.1	620	5	0
NR_174803.1	726	1	0
NR_174796.1	778	3	0
NR_174792.1	780	1	0
NR_174762.1	748	1	0
NR_174760.1	735	1	0
NR_174753.1	602	1	0
NR_174752.1	564	1	0
NR_174733.1	677	20	0
NR_174732.1	667	10	0
NR_174730.1	594	14	0
NR_165582.1	630	1	0
NR_174052.1	661	182	0
NR_174051.1	660	179	0
NR_164277.1	756	704	0
NR_173961.1	472	1	0
NR_173939.1	689	231	0
NR_173904.1	692	3	0
NR_173891.1	670	1	0
NR_173881.1	617	32	0
NR_173878.1	628	8	0
NR_173874.1	735	150	0
NR_173873.1	650	1	0
NR_173872.1	675	40	0
NR_173793.1	748	75	0
NR_173762.1	751	1	0
NR_173726.1	695	10	0
NR_173706.1	741	29	0
NR_173428.1	634	3	0
NR_173427.1	637	1	0
NR_119473.1	642	58	0
NR_173372.1	576	1	0
NR_137743.1	463	1	0
NR_137742.1	488	4	0
NR_173316.1	479	6	0
NR_173189.1	791	20	0
NR_173188.1	1016	21	0
NR_172995.1	636	1	0
NR_172974.1	518	15	0
NR_172792.1	707	1	0
NR_172782.1	806	593	0
NR_172730.1	483	1	0
NR_153597.1	609	90	0
NR_119591.1	573	32	0
NR_172258.1	572	2	0
NR_172227.1	722	22	0
NR_120312.1	602	3	0
NR_172001.1	550	2	0
NR_171799.1	567	1	0
NR_171354.1	686	2	0
NR_171267.1	976	3613	0
NR_171255.1	681	2	0
NR_171139.1	622	1	0
NR_145301.1	603	1	0
NR_169674.1	544	1	0
NR_168751.1	703	1	0
NR_168750.1	699	1	0
NR_158374.1	667	31	0
NR_166037.1	662	8	0
NR_166377.1	611	1	0
NR_166302.1	780	3	0
NR_166278.1	704	13	0
NR_166237.1	641	99	0
NR_165965.1	624	1	0
NR_160610.1	697	2	0
NR_121520.1	692	67	0
NR_165200.1	829	3	0
NR_120266.2	605	6	0
NR_119557.1	580	24	0
NR_164613.1	833	1	0
NR_164543.1	615	1	0
NR_164045.1	735	95	0
NR_137870.1	614	1	0
NR_154670.1	555	1	0
NR_154604.1	656	38	0
NR_154391.1	832	2	0
NR_153863.1	801	18	0
NR_145293.1	805	1	0
NR_132841.1	647	1	0
NR_132054.1	1092	3713	0
NR_126116.1	639	2	0
NR_121446.1	637	1	0
NR_121400.1	692	101	0
NR_121398.1	691	75	0
NR_121395.1	691	69	0
NR_121394.1	689	73	0
NR_121393.1	689	80	0
NR_121392.1	689	1	0
NR_121391.1	690	98	0
NR_121390.1	694	89	0
NR_121388.1	694	81	0
NR_121387.1	691	84	0
NR_121385.1	664	3	0
NR_121384.1	664	9	0
NR_121339.1	804	3787	0
NR_119652.1	668	3701	0
NR_119650.1	681	3771	0
NR_119649.1	790	35	0
NR_119648.1	853	8	0
NR_119647.1	521	60	0
NR_119644.1	713	3615	0
NR_119595.1	544	9	0
NR_119592.1	565	26	0
NR_119590.1	749	3723	0
NR_119554.1	824	11	0
NR_103646.1	629	1	0
NR_103626.1	626	1	0
NR_077169.1	664	1	0
NR_163315.1	693	1	0
NR_160568.1	638	19	0
NR_160454.1	680	27	0
NR_160239.1	807	1	0
NR_160160.1	562	1	0
NR_159832.1	686	11	0
NR_159831.1	704	7	0
NR_119560.2	742	1	0
NR_119394.2	655	1	0
NR_121542.1	712	371	0
NR_121535.1	703	1	0
NR_121504.1	759	2	0
NR_121465.1	627	2	0
NR_121307.1	592	1	0
NR_120168.1	631	25	0
NR_120167.1	624	25	0
NR_120166.1	655	21	0
NR_120035.1	609	5	0
NR_119975.1	746	2	0
NR_119968.1	687	8	0
NR_119766.1	658	17	0
NR_119764.1	732	24	0
NR_119743.1	556	1	0
NR_119723.1	606	11	0
NR_119695.1	698	8	0
NR_119691.1	646	5	0
NR_119690.1	629	2	0
NR_119646.1	746	30	0
NR_119633.1	573	1	0
NR_119627.1	755	1	0
NR_119439.1	697	1	0
NR_077142.1	712	1	0
NR_073218.1	525	3	0
NR_159061.1	684	5	0
NR_158525.1	500	201	0
NR_158485.1	766	3	0
NR_158461.1	862	3566	0
NR_158460.1	695	742	0
NR_158333.1	639	18	0
NR_158299.1	762	2	0
NR_157915.1	645	16	0
NR_156587.1	615	1	0
NR_155369.1	392	3	0
NR_156539.1	668	1	0
NR_155964.1	701	1	0
NR_155933.1	575	202	0
NR_155910.1	661	16	0
NR_155834.1	484	11	0
NR_155695.1	500	1	0
NR_155020.1	595	54	0
NR_155011.1	401	1	0
NR_154681.1	601	1	0
NR_154669.1	892	8	0
NR_154534.1	579	1	0
NR_154533.1	577	1	0
NR_154357.1	505	1	0
NR_154354.1	600	18	0
NR_154249.1	619	1	0
NR_154119.1	675	4	0
NR_154000.1	684	9	0
NR_153644.1	504	1	0
NR_153639.1	559	1	0
NR_153577.1	633	17	0
NR_153553.1	648	53	0
NR_153525.1	717	56	0
NR_153522.1	718	1	0
NR_153482.1	543	11	0
NR_153451.1	635	1	0
NR_153449.1	677	13	0
NR_153040.1	690	10	0
NR_153039.1	682	11	0
NR_130212.1	669	18	0
NR_153029.1	613	11	0
NR_152994.1	651	1	0
NR_151770.1	663	1	0
NR_147659.1	657	260	0
NR_147528.1	744	53	0
NR_144901.1	637	32	0
NR_138411.1	617	1	0
NR_138395.1	692	1	0
NR_138220.1	469	10	0
NR_137829.1	788	1	0
NR_126150.2	778	1	0
NR_148070.1	769	1	0
NR_144985.1	678	1	0
NR_131996.1	689	1	0
NR_131891.1	605	30	0
NR_131798.1	705	19	0
NR_153300.1	651	2	0
NR_153173.1	676	116	0
NR_153151.1	693	132	0
NR_153139.1	709	130	0
NR_153135.1	748	6	0
NR_147540.1	632	1	0
NR_147535.1	633	1	0
NR_137730.1	473	2	0
NR_137710.1	803	1	0
NR_137704.1	724	1	0
NR_137021.1	682	2	0
NR_152351.1	595	1	0
NR_152348.1	724	118	0
NR_152341.1	674	2	0
