NR_178170.1	621	1	0
NR_178153.1	683	2	0
NR_178141.1	628	2	0
NR_178118.1	696	2	0
NR_177573.1	661	1	0
NR_177533.1	652	1	0
NR_177501.1	644	1	0
NR_177500.1	630	1	0
NR_177458.1	784	1169	0
NR_152978.1	740	1	0
NR_132826.1	577	1	0
NR_177181.1	963	11	0
NR_177180.1	896	2	0
NR_177176.1	784	69	0
NR_177173.1	846	1	0
NR_177137.1	548	6	0
NR_176698.1	704	3	0
NR_175700.1	716	238	0
NR_175249.1	677	1	0
NR_172553.1	716	1	0
NR_157964.1	710	1	0
NR_157955.1	678	1	0
NR_157949.1	695	1	0
NR_157946.1	674	1	0
NR_130286.1	724	2	0
NR_120301.1	557	895	0
NR_175751.1	694	1	0
NR_175696.1	711	2	0
NR_175660.1	652	1	0
NR_175633.1	747	6	0
NR_175625.1	636	1	0
NR_175250.1	681	1	0
NR_157855.1	640	2	0
NR_153016.1	701	2	0
NR_175186.1	571	47	0
NR_175183.1	653	25	0
NR_175127.1	706	2	0
NR_175112.1	655	1	0
NR_175101.1	641	35	0
NR_175095.1	778	53	0
NR_174900.1	744	55	0
NR_174819.1	628	3	0
NR_174818.1	620	8	0
NR_174799.1	760	1	0
NR_174798.1	753	2	0
NR_174797.1	776	1	0
NR_174796.1	778	2	0
NR_174794.1	780	2	0
NR_174793.1	781	1	0
NR_174792.1	780	3	0
NR_174790.1	813	3	0
NR_174771.1	743	1	0
NR_174769.1	780	1	0
NR_174765.1	735	1	0
NR_174760.1	735	1	0
NR_174757.1	632	2	0
NR_174742.1	620	1	0
NR_174734.1	710	2	0
NR_174733.1	677	39	0
NR_174732.1	667	36	0
NR_174730.1	594	38	0
NR_174724.1	651	1	0
NR_171256.1	633	2	0
NR_174668.1	667	1	0
NR_174052.1	661	495	0
NR_174051.1	660	458	0
NR_174039.1	723	1	0
NR_164277.1	756	1717	0
NR_173979.1	695	1	0
NR_173977.1	638	1	0
NR_173976.1	657	2	0
NR_173967.1	732	2	0
NR_173939.1	689	590	0
NR_173904.1	692	1	0
NR_173893.1	718	1	0
NR_173881.1	617	64	0
NR_173878.1	628	36	0
NR_173877.1	697	3	0
NR_173876.1	651	1	0
NR_173874.1	735	439	0
NR_173873.1	650	2	0
NR_173872.1	675	158	0
NR_173793.1	748	232	0
NR_173762.1	751	1	0
NR_173726.1	695	32	0
NR_173706.1	741	29	0
NR_173429.1	683	1	0
NR_173428.1	634	1	0
NR_173427.1	637	1	0
NR_119473.1	642	178	0
NR_155825.1	586	1	0
NR_137743.1	463	5	0
NR_137742.1	488	12	0
NR_173323.1	720	1	0
NR_173316.1	479	10	0
NR_173315.1	625	2	0
NR_173219.1	607	1	0
NR_173212.1	712	1	0
NR_173189.1	791	72	0
NR_173188.1	1016	62	0
NR_173179.1	476	1	0
NR_173076.1	709	1	0
NR_172995.1	636	1	0
NR_172974.1	518	37	0
NR_172782.1	806	1453	0
NR_172434.1	481	1	0
NR_153597.1	609	149	0
NR_119591.1	573	21	0
NR_172258.1	572	3	0
NR_172227.1	722	53	0
NR_172164.1	565	1	0
NR_120312.1	602	9	0
NR_172002.1	689	1	0
NR_171907.1	747	1	0
NR_158949.1	696	1	0
NR_137887.1	598	1	0
NR_171869.1	618	8	0
NR_171754.1	706	1	0
NR_171349.1	613	1	0
NR_171330.1	593	1	0
NR_171321.1	583	2	0
NR_171315.1	639	1	0
NR_171267.1	976	2828	0
NR_171255.1	681	1	0
NR_171216.1	679	1	0
NR_171159.1	578	1	0
NR_171144.1	608	3	0
NR_170738.1	815	1	0
NR_170724.1	739	1	0
NR_170723.1	675	3	0
NR_169988.1	668	1	0
NR_169921.1	704	1	0
NR_169974.1	641	2	0
NR_169683.1	889	1	0
NR_169674.1	544	2	0
NR_169668.1	795	3	0
NR_168750.1	699	2	0
NR_158374.1	667	116	0
NR_168410.1	606	1	0
NR_168142.1	715	1	0
NR_166037.1	662	60	0
NR_166302.1	780	11	0
NR_166278.1	704	41	0
NR_166237.1	641	247	0
NR_160610.1	697	3	0
NR_121520.1	692	177	0
NR_165200.1	829	2	0
NR_120266.2	605	8	0
NR_119557.1	580	67	0
NR_119524.1	722	1	0
NR_164613.1	833	5	0
NR_164539.1	666	2	0
NR_164278.1	690	1	0
NR_164045.1	735	206	0
NR_154704.1	668	1	0
NR_154667.1	666	2	0
NR_154604.1	656	28	0
NR_154391.1	832	3	0
NR_153863.1	801	45	0
NR_152948.1	626	2	0
NR_149337.1	641	1	0
NR_145276.1	600	1	0
NR_120090.2	646	1	0
NR_132054.1	1092	2806	0
NR_126116.1	639	4	0
NR_121432.1	645	2	0
NR_121407.1	661	1	0
NR_121404.1	662	1	0
NR_121400.1	692	129	0
NR_121398.1	691	112	0
NR_121395.1	691	106	0
NR_121394.1	689	101	0
NR_121393.1	689	101	0
NR_121391.1	690	98	0
NR_121390.1	694	94	0
NR_121388.1	694	108	0
NR_121387.1	691	100	0
NR_121385.1	664	1	0
NR_121384.1	664	1	0
NR_121339.1	804	2780	0
NR_119652.1	668	3016	0
NR_119650.1	681	2850	0
NR_119649.1	790	33	0
NR_119648.1	853	10	0
NR_119647.1	521	40	0
NR_119644.1	713	2950	0
NR_119592.1	565	18	0
NR_119590.1	749	2775	0
NR_119554.1	824	71	0
NR_119547.1	692	1	0
NR_119537.1	659	1	0
NR_111658.1	636	2	0
NR_103626.1	626	4	0
NR_077169.1	664	4	0
NR_163315.1	693	1	0
NR_155815.1	545	1	0
NR_161043.1	732	1	0
NR_161005.1	468	1	0
NR_161047.1	537	1	0
NR_160568.1	638	54	0
NR_160459.1	834	1	0
NR_160454.1	680	67	0
NR_160330.1	684	15	0
NR_160261.1	782	1	0
NR_160239.1	807	2	0
NR_160137.1	662	1	0
NR_159832.1	686	37	0
NR_159831.1	704	37	0
NR_121542.1	712	933	0
NR_121536.1	740	1	0
NR_121534.1	703	1	0
NR_121504.1	759	1	0
NR_121466.1	574	1	0
NR_121347.1	685	3	0
NR_121301.1	589	1	0
NR_121274.1	796	1	0
NR_120314.1	701	1	0
NR_120267.1	667	1	0
NR_120168.1	631	63	0
NR_120167.1	624	66	0
NR_120166.1	655	65	0
NR_120094.1	629	1	0
NR_120035.1	609	25	0
NR_119998.1	664	1	0
NR_119968.1	687	28	0
NR_119952.1	724	1	0
NR_119946.1	702	1	0
NR_119792.1	720	1	0
NR_119766.1	658	74	0
NR_119764.1	732	62	0
NR_119723.1	606	48	0
NR_119695.1	698	10	0
NR_119692.1	707	1	0
NR_119691.1	646	5	0
NR_119690.1	629	9	0
NR_119646.1	746	19	0
NR_119627.1	755	1	0
NR_119581.1	617	2	0
NR_119476.1	622	1	0
NR_103585.1	711	1	0
NR_077142.1	712	1	0
NR_073323.1	633	1	0
NR_159061.1	684	15	0
NR_159054.1	713	2	0
NR_155318.1	638	1	0
NR_153241.1	636	1	0
NR_158926.1	707	1	0
NR_158906.1	752	1	0
NR_158799.1	635	1	0
NR_158525.1	500	566	0
NR_158485.1	766	3	0
NR_158461.1	862	2812	0
NR_158460.1	695	1906	0
NR_158333.1	639	48	0
NR_158321.1	581	1	0
NR_158308.1	732	1	0
NR_158299.1	762	1	0
NR_158233.1	487	1	0
NR_157919.1	648	1	0
NR_157915.1	645	33	0
NR_155369.1	392	1	0
NR_156671.1	529	1	0
NR_156661.1	595	1	0
NR_156539.1	668	1	0
NR_155933.1	575	561	0
NR_155910.1	661	45	0
NR_155847.1	501	1	0
NR_155846.1	625	3	0
NR_155834.1	484	11	0
NR_155809.1	544	2	0
NR_155807.1	625	1	0
NR_155789.1	760	1	0
NR_155768.1	497	1	0
NR_155368.1	707	1	0
NR_155110.1	690	1	0
NR_155020.1	595	112	0
NR_154767.1	667	1	0
NR_154687.1	636	1	0
NR_154681.1	601	1	0
NR_154669.1	892	30	0
NR_154534.1	579	3	0
NR_154533.1	577	3	0
NR_154475.1	598	1	0
NR_154470.1	699	2	0
NR_154421.1	675	1	0
NR_154357.1	505	2	0
NR_154354.1	600	91	0
NR_154299.1	706	2	0
NR_154251.1	605	1	0
NR_154250.1	596	1	0
NR_154249.1	619	2	0
NR_154200.1	596	1	0
NR_154119.1	675	7	0
NR_154021.1	723	1	0
NR_154000.1	684	30	0
NR_153644.1	504	4	0
NR_153577.1	633	37	0
NR_153553.1	648	117	0
NR_153527.1	748	1	0
NR_153525.1	717	409	0
NR_153482.1	543	30	0
NR_153449.1	677	39	0
NR_153040.1	690	33	0
NR_153039.1	682	42	0
NR_138381.1	542	1	0
NR_130212.1	669	27	0
NR_153029.1	613	41	0
NR_152996.1	664	1	0
NR_151797.1	628	3	0
NR_151763.1	663	1	0
NR_147659.1	657	837	0
NR_147657.1	682	2	0
NR_147528.1	744	530	0
NR_146256.1	715	1	0
NR_144992.1	688	1	0
NR_144901.1	637	164	0
NR_144842.1	699	1	0
NR_138411.1	617	1	0
NR_138387.1	684	1	0
NR_138234.1	641	1	0
NR_138220.1	469	11	0
NR_138004.1	652	1	0
NR_137827.1	629	1	0
NR_132830.1	768	1	0
NR_126147.1	705	2	0
NR_144985.1	678	1	0
NR_144810.1	567	1	0
NR_131891.1	605	105	0
NR_131798.1	705	32	0
NR_153300.1	651	1	0
NR_153299.1	645	6	0
NR_153232.1	756	1	0
NR_153173.1	676	323	0
NR_153161.1	583	2	0
NR_153151.1	693	348	0
NR_153139.1	709	321	0
NR_153135.1	748	16	0
NR_147539.1	634	1	0
NR_147538.1	637	1	0
NR_147535.1	633	1	0
NR_137710.1	803	1	0
NR_137645.1	496	1	0
NR_137597.1	720	1	0
NR_137596.1	729	1	0
NR_137104.1	628	1	0
NR_137103.1	636	1	0
NR_137021.1	682	1	0
NR_136964.1	512	1	0
NR_135975.1	681	1	0
NR_135942.1	651	1	0
NR_152348.1	724	304	0
NR_152337.1	749	1	0
