NG_087910.1	1026	277	0
NG_087909.1	1029	282	0
NG_087906.1	1013	4	0
NG_087891.1	1084	4	0
NG_087890.1	1084	8	0
NG_087889.1	1084	7	0
NG_087888.1	1084	13	0
NG_087887.1	1084	5	0
NG_087886.1	1071	7	0
NG_087885.1	1084	9	0
NG_087884.1	1084	7	0
NG_087871.1	1009	14	0
NG_087870.1	1009	50	0
NG_087869.1	1009	45	0
NG_087868.1	1006	44	0
NG_062602.1	1686	1	0
NG_061019.1	1738	1	0
NG_081434.1	1696	1	0
NG_081431.1	1136	248	0
NG_081430.1	1135	228	0
NG_081429.1	1127	223	0
NG_081428.1	1130	2	0
NG_081427.1	1128	10	0
NG_081424.1	1013	34	0
NG_081423.1	749	5	0
NG_081420.1	1028	8	0
NG_081419.1	1029	4	0
NG_081418.1	1018	13	0
NG_081417.1	1029	8	0
NG_081416.1	1027	9	0
NG_081412.1	1098	5	0
NG_081411.1	1071	5	0
NG_081410.1	1093	3	0
NG_081409.1	1134	4	0
NG_081398.1	1028	24	0
NG_081397.1	1325	1	0
NG_081380.1	1645	138	0
NG_081378.1	1491	1	0
NG_081377.1	1653	4	0
NG_081366.1	1736	200	0
NG_081364.1	1737	773	0
NG_065067.1	1010	37	0
NG_065066.1	1009	42	0
NG_067668.1	1106	7	0
NG_067667.1	1106	10	0
NG_078770.1	1106	193	0
NG_078757.1	1647	12	0
NG_078756.1	1595	7	0
NG_078755.1	1607	2	0
NG_078753.1	578	16	0
NG_078741.1	1765	175	0
NG_078738.1	1008	114	0
NG_078737.1	1007	8	0
NG_078736.1	894	3	0
NG_078735.1	1008	10	0
NG_078734.1	1008	7	0
NG_078733.1	1008	2	0
NG_078732.1	1008	4	0
NG_078724.1	1782	359	0
NG_078723.1	1782	1	0
NG_065099.1	1008	8	0
NG_077449.1	1006	1	0
NG_077448.1	1128	53	0
NG_077447.1	1100	186	0
NG_077445.1	1001	1	0
NG_077440.1	996	3	0
NG_077431.1	1177	20	0
NG_077427.1	1038	1	0
NG_077423.1	1023	3	0
NG_077406.1	1594	5	0
NG_077405.1	1552	2	0
NG_077397.1	2045	4	0
NG_063443.1	1763	2	0
NG_063441.1	1763	1	0
NG_065501.1	1787	35	0
NG_076801.1	1013	1	0
NG_076795.1	1008	1	0
NG_076794.1	1012	1	0
NG_076793.1	1012	1	0
NG_076780.1	1006	1	0
NG_076777.1	1011	1	0
NG_076772.1	1013	1	0
NG_076765.1	1013	1	0
NG_017171.1	1771	5805	0
NG_074968.1	1102	10	0
NG_074967.1	985	2	0
NG_074961.1	1025	58	0
NG_074957.1	991	4	0
NG_074927.1	1011	1	0
NG_074908.1	1046	4	0
NG_074880.1	1024	1	0
NG_064992.1	1183	3	0
NG_073571.1	1084	6	0
NG_073570.1	1088	2	0
NG_073569.1	1084	44	0
NG_073563.1	1700	1	0
NG_073541.1	753	3	0
NG_073521.1	1654	10	0
NG_073520.1	1657	18	0
NG_073514.1	1028	4	0
NG_073510.1	1001	1	0
NG_073509.1	1429	1	0
NG_073503.1	1686	1	0
NG_073498.1	1737	3	0
NG_073493.1	1771	1	0
NG_065069.1	1009	159	0
NG_070910.1	1672	2	0
NG_070882.1	1802	6	0
NG_070881.1	1781	88	0
NG_070878.1	1761	85	0
NG_070877.1	1964	515	0
NG_070876.1	1063	1	0
NG_070875.1	1792	521	0
NG_070874.1	1766	251	0
NG_070867.1	1810	1	0
NG_070865.1	1810	1	0
NG_070864.1	1085	6	0
NG_070862.1	2650	3	0
NG_070852.1	1748	1	0
NG_070851.1	1748	1	0
NG_070850.1	1849	47	0
NG_070849.1	1741	1	0
NG_070847.1	1780	1	0
NG_070863.1	1771	1	0
NG_070808.1	1738	657	0
NG_070807.1	1686	2	0
NG_070806.1	1771	59	0
NG_070805.1	1771	55	0
NG_070803.1	1787	2	0
NG_070801.1	1776	19	0
NG_070797.1	1774	1025	0
NG_070791.1	1787	1	0
NG_070788.1	1748	1	0
NG_070787.1	1788	1	0
NG_070789.1	1348	1	0
NG_070697.1	1839	229	0
NG_070695.1	1592	6	0
NG_070694.1	1667	3	0
NG_070693.1	1698	3	0
NG_070692.1	1170	1	0
NG_070691.1	1731	9	0
NG_070690.1	1757	1	0
NG_070687.1	1770	1	0
NG_070685.1	1760	5	0
NG_070641.1	1667	2	0
NG_070638.1	1772	180	0
NG_070637.1	1033	2	0
NG_070635.1	1741	131	0
NG_070311.1	937	1	0
NG_070308.1	1640	2	0
NG_070305.1	1640	1	0
NG_070294.1	1721	2	0
NG_070292.1	1105	6	0
NG_070289.1	1106	4	0
NG_070288.1	1106	1	0
NG_070287.1	1713	6	0
NG_070284.1	767	1	0
NG_070283.1	1664	1	0
NG_070282.1	1719	2	0
NG_070236.1	972	1	0
NG_070233.1	1782	2	0
NG_070231.1	1762	1	0
NG_070132.1	741	28	0
NG_070131.1	1132	262	0
NG_070130.1	1126	220	0
NG_070129.1	1133	248	0
NG_070115.1	1106	9	0
NG_068400.1	967	5	0
NG_068360.1	1739	30	0
NG_065590.1	1705	1	0
NG_062642.1	1710	1	0
NG_067705.1	1774	935	0
NG_067704.1	1773	114	0
NG_067696.1	1113	9	0
NG_067672.1	958	1	0
NG_067669.1	1107	342	0
NG_067666.1	1025	55	0
NG_067665.1	1025	45	0
NG_067658.1	1021	1	0
NG_067636.1	1020	1	0
NG_067631.1	1597	1	0
NG_065481.1	1679	3	0
NG_063415.1	1745	3	0
NG_061036.1	1735	1	0
NG_065733.1	995	2	0
NG_065732.1	1025	47	0
NG_065722.1	1897	3	0
NG_065717.1	744	5	0
NG_065707.1	1715	3	0
NG_065699.1	1025	1	0
NG_065698.1	1601	1	0
NG_065696.1	1598	1	0
NG_065676.1	999	2	0
NG_065675.1	999	2	0
NG_065653.1	1106	4	0
NG_065652.1	1106	4	0
NG_065651.1	1566	42	0
NG_065650.1	1595	45	0
NG_065644.1	1097	15	0
NG_065629.1	1611	1	0
NG_065622.1	1613	1	0
NG_065619.1	1600	2	0
NG_065618.1	1688	1	0
NG_065617.1	1584	1	0
NG_065615.1	1618	2	0
NG_065612.1	1617	3	0
NG_065611.1	1574	2	0
NG_065610.1	1574	1	0
NG_065601.1	1755	1	0
NG_065589.1	1753	2	0
NG_065588.1	1747	1	0
NG_065581.1	1722	1	0
NG_065572.1	1752	1	0
NG_065566.1	2245	1	0
NG_065549.1	1711	1	0
NG_065536.1	2306	1	0
NG_065532.1	1722	8	0
NG_065529.1	1687	3	0
NG_065518.1	1661	1	0
NG_065515.1	1661	1	0
NG_065497.1	1787	1	0
NG_065496.1	1784	1	0
NG_065485.1	1758	2	0
NG_065484.1	1706	2	0
NG_065483.1	1754	2	0
NG_065478.1	1708	3	0
NG_065475.1	1724	1	0
NG_065469.1	1639	1	0
NG_065467.1	1745	1	0
NG_065466.1	1740	2	0
NG_065464.1	1750	12	0
NG_013120.1	1647	4	0
NG_065157.1	1804	9	0
NG_065108.1	1871	2	0
NG_065106.1	1602	1	0
NG_065098.1	1006	7	0
NG_065077.1	1004	29	0
NG_065068.1	1009	14	0
NG_065065.1	1025	1	0
NG_065057.1	1652	14	0
NG_065052.1	963	2	0
NG_065020.1	1718	1	0
NG_065009.1	1017	1	0
NG_065007.1	592	4	0
NG_065000.1	1585	1	0
NG_064997.1	1066	1	0
NG_064991.1	1138	1	0
NG_064986.1	1036	237	0
NG_064985.1	1028	250	0
NG_064984.1	1024	3	0
NG_064983.1	1085	6	0
NG_064982.1	1096	10	0
NG_064976.1	1776	187	0
NG_064969.1	1667	4	0
NG_064968.1	1663	6	0
NG_064959.1	1073	974	0
NG_064958.1	1724	564	0
NG_064955.1	1134	3	0
NG_064930.1	1717	1	0
NG_064921.1	1714	597	0
NG_064908.1	1724	8	0
NG_064907.1	1767	10	0
NG_064906.1	1786	3	0
NG_064899.1	1788	2	0
NG_064897.1	1783	1	0
NG_064896.1	1735	1	0
NG_064895.1	1704	1	0
NG_064889.1	2050	3	0
NG_064888.1	1804	1	0
NG_064886.1	1743	1	0
NG_064881.1	991	1	0
NG_064878.1	1787	2	0
NG_064871.1	1781	4	0
NG_064870.1	1777	1	0
NG_064869.1	1781	3	0
NG_064864.1	1745	1	0
NG_064863.1	1777	1	0
NG_064859.1	2522	1	0
NG_064839.1	1687	4	0
NG_064838.1	1721	1	0
NG_064830.1	1769	1	0
NG_064827.1	1772	1	0
NG_064824.1	1757	7	0
NG_064814.1	1723	1	0
NG_064812.1	1735	1	0
NG_064808.1	1759	1	0
NG_064802.1	1777	1	0
NG_064800.1	1447	5	0
NG_064797.1	1750	9	0
NG_064795.1	1752	17	0
NG_064794.1	1753	9	0
NG_063410.1	1743	1	0
NG_063646.1	1030	1	0
NG_063541.1	1770	1	0
NG_063539.1	1609	1	0
NG_063531.1	1734	1	0
NG_063529.1	1736	2	0
NG_063528.1	2044	2	0
NG_063526.1	1753	13	0
NG_063522.1	1755	5	0
NG_063520.1	1777	4	0
NG_063517.1	1782	5	0
NG_063515.1	1753	1	0
NG_063510.1	1789	5	0
NG_063497.1	1761	1	0
NG_063495.1	1760	1	0
NG_063483.1	1752	1	0
NG_063478.1	1735	1	0
NG_063475.1	1735	1	0
NG_063473.1	1754	1	0
NG_063470.1	1782	1	0
NG_063468.1	1782	10	0
NG_063467.1	1781	1	0
NG_063466.1	1782	61	0
NG_063463.1	1782	2	0
NG_063461.1	1782	8	0
NG_063459.1	1782	1	0
NG_063458.1	1783	14	0
NG_063457.1	1782	1	0
NG_063453.1	1780	1	0
NG_063452.1	1781	2	0
NG_063451.1	2088	1	0
NG_063439.1	1757	5	0
NG_063423.1	1772	1	0
NG_063413.1	1759	1	0
NG_063388.1	1757	1	0
NG_063386.1	1778	17	0
NG_063385.1	1755	2	0
NG_063379.1	1734	1	0
NG_063361.1	1752	1	0
NG_063359.1	1726	1	0
NG_063358.1	1751	1	0
NG_063355.1	1621	3	0
NG_063342.1	1776	1	0
NG_063323.1	1701	1	0
NG_063299.1	1640	1	0
NG_063288.1	1737	7	0
NG_063285.1	1724	1	0
NG_063282.1	1724	1	0
NG_063268.1	1752	1	0
NG_063253.1	1744	1	0
NG_063247.1	1737	4	0
NG_063235.1	1787	26	0
NG_063064.1	1026	1	0
NG_063047.1	2053	1	0
NG_063103.1	1769	1	0
NG_063098.1	1614	1	0
NG_063091.1	1709	2	0
NG_063072.1	1599	1	0
NG_063038.1	1955	1	0
NG_063002.1	1542	1	0
NG_063001.1	1533	2	0
NG_063000.1	1570	4	0
NG_062978.1	1646	1	0
NG_062976.1	1659	1	0
NG_062975.1	1642	2	0
NG_062973.1	1654	13	0
NG_062972.1	1657	4	0
NG_062971.1	1657	7	0
NG_062970.1	1657	8	0
NG_062969.1	1656	10	0
NG_062968.1	1657	12	0
NG_062967.1	1656	3	0
NG_062966.1	1656	7	0
NG_062965.1	1655	3	0
NG_062962.1	1656	1	0
NG_062958.1	1655	1	0
NG_062955.1	1653	1	0
NG_062954.1	1655	2	0
NG_062948.1	1654	1	0
NG_062945.1	1655	2	0
NG_062944.1	1656	5	0
NG_062939.1	1656	1	0
NG_062937.1	1657	1	0
NG_062936.1	1656	2	0
NG_062935.1	1656	2	0
NG_062933.1	1655	1	0
NG_062931.1	1656	4	0
NG_062923.1	1686	42	0
NG_062820.1	1769	2	0
NG_062814.1	1767	2	0
NG_062807.1	1768	1	0
NG_062735.1	1697	64	0
NG_062732.1	1549	2	0
NG_062700.1	1691	5	0
NG_062699.1	1702	1	0
NG_062670.1	1783	2	0
NG_062667.1	1759	1	0
NG_062661.1	1724	1	0
NG_062656.1	1727	2	0
NG_062655.1	1726	20	0
NG_062645.1	1753	4	0
NG_062641.1	1758	1	0
NG_062635.1	1750	1	0
NG_062625.1	1752	1	0
NG_062624.1	1756	9	0
NG_062622.1	1757	6	0
NG_062619.1	1757	5	0
NG_062618.1	1757	9	0
NG_062615.1	1782	76	0
NG_062600.1	1769	2	0
NG_062595.1	1739	2	0
NG_062593.1	1742	1	0
NG_062420.1	1461	418	0
NG_062419.1	1040	1	0
NG_062407.1	1613	1	0
NG_062406.1	1575	2	0
NG_062393.1	1696	52	0
NG_062391.1	1663	1	0
NG_062382.1	1684	2	0
NG_062381.1	1770	6	0
NG_062377.1	1765	2	0
NG_062376.1	1653	1	0
NG_062371.1	1770	3	0
NG_062367.1	1783	3	0
NG_062366.1	1767	560	0
NG_062364.1	1761	1	0
NG_062191.1	1697	1	0
NG_062158.1	1656	1	0
NG_062147.1	1789	5	0
NG_062143.1	1748	2	0
NG_062142.1	1749	1	0
NG_062141.1	1758	2	0
NG_062139.1	1686	4	0
NG_062138.1	1668	3	0
NG_062135.1	1782	1	0
NG_062133.1	1781	14	0
NG_062131.1	1733	2	0
NG_062130.1	1731	3	0
NG_062128.1	1756	1	0
NG_062126.1	1762	2	0
NG_062124.1	1767	2	0
NG_062111.1	1654	2	0
NG_062110.1	1654	1	0
NG_062109.1	1657	1	0
NG_062108.1	1654	4	0
NG_062106.1	1655	1	0
NG_062105.1	1656	1	0
NG_062103.1	1659	1	0
NG_062100.1	1656	1	0
NG_062099.1	1656	1	0
NG_062097.1	1655	1	0
NG_062096.1	1657	1	0
NG_062095.1	1655	1	0
NG_062092.1	1765	1	0
NG_062090.1	1758	1	0
NG_062089.1	1763	1	0
NG_062084.1	1746	1	0
NG_062073.1	1724	1	0
NG_062030.1	1775	2	0
NG_062025.1	1789	1	0
NG_062024.1	1792	1	0
NG_062019.1	1780	1	0
NG_062017.1	1777	1	0
NG_062012.1	1774	3	0
NG_062011.1	1776	1	0
NG_061301.1	1762	1	0
NG_061287.1	1050	2	0
NG_061284.1	857	359	0
NG_061261.1	974	1	0
NG_061246.1	2310	2	0
NG_061239.1	1448	213	0
NG_061232.1	941	1	0
NG_061212.1	1659	2	0
NG_061194.1	1599	1	0
NG_061186.1	1019	1	0
NG_061179.1	1606	3	0
NG_061177.1	1712	3	0
NG_061175.1	1685	3	0
NG_061173.1	767	213	0
NG_061171.1	1547	8	0
NG_061162.1	1654	3	0
NG_061159.1	1656	1	0
NG_061158.1	1657	3	0
NG_061155.1	1656	1	0
NG_061154.1	1655	2	0
NG_061149.1	1656	1	0
NG_061148.1	1656	1	0
NG_061140.1	1649	57	0
NG_061133.1	1749	1	0
NG_061132.1	1749	1	0
NG_061130.1	1752	4	0
NG_061126.1	1646	1	0
NG_061121.1	1005	2	0
NG_061116.1	1778	1	0
NG_061115.1	1775	140	0
NG_061114.1	1664	2	0
NG_061113.1	1664	9	0
NG_061110.1	1773	1	0
NG_061108.1	1201	4	0
NG_061104.1	1735	1	0
NG_061088.1	1744	1	0
NG_061078.1	1718	1	0
NG_061077.1	2459	4	0
NG_061076.1	1684	2	0
NG_061070.1	1138	2	0
NG_061059.1	1575	6	0
NG_061056.1	1715	91	0
NG_061053.1	1769	6022	0
NG_061045.1	1792	1	0
NG_061038.1	1756	13	0
NG_061034.1	1759	4	0
NG_061031.1	1783	1	0
NG_061026.1	1849	1	0
NG_061023.1	1753	1	0
NG_061011.1	1776	6031	0
NG_061010.1	1752	7	0
NG_061008.1	1762	1	0
NG_060996.1	1676	8	0
NG_060986.1	1781	4	0
NG_060983.1	1781	2	0
NG_060976.1	1763	3	0
NG_060974.1	1781	2	0
NG_060972.1	1740	3	0
NG_013175.1	1776	78	0
NG_017192.1	1736	1	0
NG_017187.1	1751	19	0
NG_017185.1	1816	27	0
NG_017179.1	1787	2	0
NG_017174.1	1770	33	0
NG_017173.1	2620	5982	0
NG_017172.1	1796	20	0
NG_017168.1	1784	5932	0
NG_017166.1	1860	4	0
NG_013154.1	1715	42	0
NG_017176.1	1463	39	0
