NG_088149.1	1402	3	0
NG_088148.1	1379	4	0
NG_088146.1	1391	5	0
NG_088141.1	1334	1	0
NG_079683.1	1329	7	0
NG_088360.1	859	3	0
NG_088352.1	1372	4	0
NG_088317.1	1342	11	0
NG_088316.1	1344	11	0
NG_088315.1	1344	9	0
NG_088311.1	1350	256	0
NG_088310.1	1360	5	0
NG_088307.1	1379	18	0
NG_088306.1	1388	2	0
NG_088305.1	1378	1	0
NG_088304.1	1384	2	0
NG_088298.1	1345	7	0
NG_088291.1	862	1	0
NG_088285.1	1339	3	0
NG_088282.1	868	201	0
NG_088279.1	892	2	0
NG_088254.1	933	1	0
NG_088253.1	1385	6	0
NG_088239.1	1350	5	0
NG_088237.1	1337	2	0
NG_088236.1	1283	1	0
NG_088232.1	929	3	0
NG_088231.1	892	1	0
NG_088230.1	1391	4	0
NG_088229.1	1390	15	0
NG_088228.1	1352	1	0
NG_088215.1	1384	4	0
NG_088214.1	1389	8	0
NG_088213.1	1390	6	0
NG_088208.1	602	1	0
NG_088203.1	1275	11	0
NG_088202.1	1336	2	0
NG_088198.1	1392	13	0
NG_088197.1	1334	2	0
NG_088195.1	1345	3	0
NG_088188.1	835	1	0
NG_088186.1	1353	1	0
NG_088185.1	970	30	0
NG_088184.1	968	7	0
NG_088179.1	1344	4	0
NG_088174.1	621	6	0
NG_088159.1	1393	3	0
NG_088152.1	945	5	0
NG_088151.1	868	1	0
NG_088150.1	925	2	0
NG_088142.1	1390	2	0
NG_088140.1	1355	15	0
NG_088138.1	860	1	0
NG_088124.1	847	3	0
NG_088108.1	1355	1	0
NG_088104.1	1206	1	0
NG_088103.1	1354	9	0
NG_088095.1	1265	1	0
NG_088083.1	1297	11	0
NG_088062.1	1347	1	0
NG_088061.1	1344	9	0
NG_088060.1	1334	9	0
NG_088041.1	1291	4	0
NG_088040.1	1291	3	0
NG_088039.1	1288	2	0
NG_088037.1	828	1371	0
NG_088034.1	872	1	0
NG_088020.1	1280	10	0
NG_088018.1	1314	8	0
NG_088017.1	1364	2	0
NG_088016.1	1431	10	0
NG_064326.1	893	1	0
NG_081514.1	849	2	0
NG_081469.1	665	13	0
NG_081464.1	847	6	0
NG_081453.1	882	1	0
NG_081284.1	1330	2	0
NG_081282.1	946	1	0
NG_081280.1	944	2	0
NG_081279.1	944	1	0
NG_060408.1	1375	3	0
NG_077388.1	922	1	0
NG_074502.1	937	2	0
NG_069325.1	1325	17	0
NG_069113.1	873	2	0
NG_069112.1	874	4	0
NG_068872.1	1283	14	0
NG_068871.1	1281	27	0
NG_068870.1	1255	15	0
NG_068869.1	1289	15	0
NG_068734.1	1347	2	0
NG_064340.1	885	1	0
NG_064336.1	889	1	0
NG_064332.1	877	3	0
NG_059107.1	1349	4	0
NG_058907.1	939	1	0
NG_058839.1	882	1	0
NG_058802.1	953	20	0
NG_058800.1	951	3	0
NG_058791.1	952	4	0
NG_058790.1	926	1	0
NG_058785.1	954	2	0
NG_042652.1	1344	4	0
NG_042651.1	1342	3	0
NG_042609.1	1347	4	0
NG_079710.1	1346	2	0
NG_079709.1	1340	1	0
NG_079708.1	918	1	0
NG_079706.1	1324	54	0
NG_079702.1	956	1	0
NG_079693.1	881	11	0
NG_079692.1	884	2	0
NG_079691.1	883	8	0
NG_079689.1	884	8	0
NG_079687.1	1373	9	0
NG_079686.1	1288	8	0
NG_079685.1	1316	23	0
NG_079684.1	1344	10	0
NG_079658.1	1404	1	0
NG_079640.1	1316	20	0
NG_079636.1	1291	3	0
NG_079635.1	1297	1	0
NG_079634.1	1291	7	0
NG_079633.1	1291	6	0
NG_079632.1	1291	5	0
NG_079631.1	1137	1	0
NG_079630.1	1290	9	0
NG_079628.1	800	1	0
NG_079626.1	1350	8	0
NG_079565.1	835	1	0
NG_079563.1	882	1	0
NG_079525.1	876	8	0
NG_079492.1	1315	1	0
NG_067775.1	1435	1	0
NG_078691.1	937	2	0
NG_078681.1	921	17	0
NG_078678.1	946	2	0
NG_078677.1	883	2	0
NG_078640.1	1278	11	0
NG_078637.1	1391	7	0
NG_078635.1	869	1	0
NG_078632.1	941	1	0
NG_064005.1	931	5	0
NG_077393.1	906	6	0
NG_060382.1	3250	7	0
NG_066352.1	3183	3	0
NG_064396.1	907	1	0
NG_060406.1	1379	72	0
NG_059228.1	569	2	0
NG_055354.1	3283	348	0
NG_055355.1	3269	14	0
NG_075399.1	878	1	0
NG_075397.1	1339	1	0
NG_075396.1	1357	5	0
NG_075389.1	1398	1	0
NG_075370.1	871	2	0
NG_075351.1	858	2	0
NG_075348.1	1730	1	0
NG_075341.1	1367	15	0
NG_075338.1	659	1	0
NG_075336.1	1361	7	0
NG_075330.1	1388	1	0
NG_075319.1	1341	5	0
NG_075318.1	1349	5	0
NG_075315.1	1348	5	0
NG_075311.1	1341	7	0
NG_075304.1	935	2	0
NG_075303.1	935	1	0
NG_075300.1	3106	2	0
NG_075289.1	897	1	0
NG_075288.1	1382	3	0
NG_075283.1	1395	2	0
NG_075246.1	1307	4	0
NG_075234.1	794	3	0
NG_075232.1	1347	6	0
NG_075230.1	1332	16	0
NG_075214.1	1340	8	0
NG_075213.1	1342	13	0
NG_075212.1	1345	2	0
NG_075209.1	1325	2	0
NG_075207.1	1353	1	0
NG_075206.1	1343	2	0
NG_075201.1	1044	4	0
NG_075187.1	1378	2	0
NG_075185.1	1350	9	0
NG_075184.1	1349	10	0
NG_075183.1	1347	1	0
NG_075182.1	1350	7	0
NG_075181.1	1352	6	0
NG_075180.1	1350	7	0
NG_075179.1	586	10	0
NG_075178.1	1374	5	0
NG_075177.1	563	2	0
NG_075173.1	720	1	0
NG_075167.1	1338	14	0
NG_075166.1	1392	2	0
NG_075163.1	1389	7	0
NG_075161.1	3224	8	0
NG_075155.1	1301	25	0
NG_027566.1	3087	66	0
NG_074504.1	1280	4	0
NG_074474.1	910	14	0
NG_074473.1	917	7	0
NG_074472.1	894	4	0
NG_074471.1	1018	122	0
NG_074468.1	849	1	0
NG_074467.1	979	4	0
NG_074457.1	1038	288	0
NG_074455.1	1055	8	0
NG_074454.1	877	7	0
NG_057674.1	1078	2	0
NG_064487.1	863	2	0
NG_057852.1	3295	134	0
NG_073827.1	884	23	0
NG_073786.1	911	1	0
NG_073753.1	891	5	0
NG_073750.1	892	1	0
NG_073692.1	951	2	0
NG_073672.1	1101	1	0
NG_073651.1	845	3	0
NG_073610.1	905	4	0
NG_073598.1	1339	26	0
NG_073595.1	1385	19	0
NG_073580.1	954	1	0
NG_073626.1	888	2	0
NG_060125.1	1375	62	0
NG_071250.1	917	1	0
NG_071249.1	863	4	0
NG_071246.1	1272	11	0
NG_071245.1	1326	34	0
NG_071239.1	876	1	0
NG_068816.1	900	2	0
NG_070934.1	811	2	0
NG_070932.1	831	2	0
NG_070931.1	869	2	0
NG_070522.1	1435	2	0
NG_058019.1	1350	1	0
NG_057945.1	1459	1	0
NG_057899.1	1405	4	0
NG_057898.1	1429	2	0
NG_042568.1	1429	1	0
NG_042564.1	1258	3	0
NG_042555.1	1382	1	0
NG_042550.1	1429	3	0
NG_042539.1	1429	3	0
NG_070844.1	1329	8	0
NG_070841.1	943	1	0
NG_070836.1	988	8	0
NG_070832.1	1298	1	0
NG_070824.1	966	1	0
NG_070823.1	1359	1	0
NG_070811.1	1386	4	0
NG_070809.1	1046	8	0
NG_070815.1	872	3	0
NG_070812.1	944	1	0
NG_069183.1	921	1	0
NG_069015.1	1327	1	0
NG_067434.1	1327	1	0
NG_070558.1	966	1	0
NG_070553.1	935	2	0
NG_070552.1	936	2	0
NG_070512.1	3248	4	0
NG_070502.1	1319	11	0
NG_070500.1	871	1	0
NG_060647.1	1379	9	0
NG_070438.1	1327	1	0
NG_070391.1	1436	11	0
NG_070356.1	1315	4	0
NG_070392.1	1436	3	0
NG_068542.1	1334	15	0
NG_068541.1	1393	7	0
NG_070070.1	851	1	0
NG_069555.1	1327	1	0
NG_069419.1	942	5	0
NG_069418.1	935	1	0
NG_069409.1	937	2	0
NG_069369.1	1305	2	0
NG_069368.1	1302	1	0
NG_069324.1	885	20	0
NG_069323.1	871	6	0
NG_069322.1	870	2	0
NG_069275.1	886	1	0
NG_069264.1	868	7	0
NG_069151.1	2040	7	0
NG_069150.1	2035	5	0
NG_069149.1	2029	7	0
NG_069114.1	1293	7	0
NG_069075.1	623	1	0
NG_069074.1	628	2	0
NG_069052.1	1327	1	0
NG_069025.1	1326	1	0
NG_069004.1	3250	282	0
NG_069003.1	3257	22	0
NG_068969.1	973	4	0
NG_068967.1	590	1	0
NG_068965.1	630	1	0
NG_068968.1	973	2	0
NG_068782.1	1371	18	0
NG_068910.1	915	2	0
NG_068907.1	906	3	0
NG_068903.1	1015	1	0
NG_068897.1	892	1	0
NG_068896.1	871	1	0
NG_068895.1	914	1	0
NG_068881.1	1378	7	0
NG_068873.1	1287	1052	0
NG_068868.1	1293	7	0
NG_068867.1	1273	10	0
NG_068861.1	947	1	0
NG_068860.1	1031	8	0
NG_068850.1	1312	52	0
NG_068846.1	1343	5	0
NG_068844.1	1304	1	0
NG_068822.1	1372	8	0
NG_068821.1	1312	1	0
NG_068814.1	1411	1	0
NG_068813.1	1401	3	0
NG_068808.1	935	1	0
NG_068806.1	1381	8	0
NG_068805.1	1378	4	0
NG_068795.1	896	6	0
NG_068793.1	894	118	0
NG_068777.1	927	8	0
NG_068769.1	1385	4	0
NG_068765.1	1397	4	0
NG_068764.1	1343	9	0
NG_068763.1	1362	2	0
NG_068750.1	1420	3	0
NG_068747.1	2044	1	0
NG_068740.1	856	2	0
NG_068737.1	1397	5	0
NG_068658.1	832	89	0
NG_068655.1	1392	19	0
NG_068654.1	1389	25	0
NG_068568.1	1391	2	0
NG_068564.1	1344	2	0
NG_068543.1	1394	9	0
NG_068536.1	1386	3	0
NG_068534.1	1384	13	0
NG_068673.1	891	1	0
NG_059101.1	920	32	0
NG_055136.1	3235	26	0
NG_059967.1	2045	2	0
NG_057229.1	1390	12	0
NG_057016.1	2028	56	0
NG_068295.1	862	1	0
NG_068289.1	1417	7	0
NG_068265.1	1368	5	0
NG_068252.1	2422	32	0
NG_066407.1	1353	8	0
NG_057276.1	935	4	0
NG_057274.1	870	28	0
NG_057260.1	1392	1	0
NG_057259.1	1407	31	0
NG_057248.1	1431	24	0
NG_057200.1	1428	81	0
NG_057196.1	1436	2	0
NG_057188.1	947	2	0
NG_042597.1	1429	30	0
NG_067838.1	971	11	0
NG_067824.1	1382	5	0
NG_067816.1	1369	14	0
NG_067791.1	773	1	0
NG_067777.1	853	2	0
NG_067822.1	1439	78	0
NG_067785.1	1371	9	0
NG_067776.1	1073	2	0
NG_067772.1	3257	19	0
NG_067565.1	1271	14	0
NG_067564.1	1290	7	0
NG_058739.1	5088	50	0
NG_067432.1	939	1	0
NG_067315.1	937	1	0
NG_067314.1	935	15	0
NG_059088.1	952	1	0
NG_059086.1	952	1	0
NG_058402.1	599	13	0
NG_066408.1	857	23	0
NG_066463.1	1995	6	0
NG_066418.1	1389	3	0
NG_066405.1	957	5	0
NG_066387.1	1293	577	0
NG_066385.1	758	1	0
NG_066381.1	876	1	0
NG_066355.1	3249	10	0
NG_066354.1	3259	14	0
NG_066353.1	3102	9	0
NG_066351.1	3592	4	0
NG_066350.1	3251	1	0
NG_066349.1	3228	4	0
NG_066348.1	5042	8	0
NG_066345.1	1250	1	0
NG_066247.1	943	2	0
NG_066184.1	932	8	0
NG_066154.1	3243	46	0
NG_064598.1	877	1	0
NG_064597.1	869	1	0
NG_064590.1	872	1	0
NG_064589.1	894	3	0
NG_064587.1	863	32	0
NG_064584.1	865	1	0
NG_064574.1	873	3	0
NG_064570.1	860	13	0
NG_064566.1	855	10	0
NG_064564.1	839	1	0
NG_064559.1	878	10	0
NG_064556.1	869	8	0
NG_064505.1	916	1	0
NG_064500.1	846	2	0
NG_064499.1	866	1	0
NG_064472.1	886	2	0
NG_064439.1	967	2	0
NG_064438.1	952	16	0
NG_064436.1	948	7	0
NG_064435.1	941	1	0
NG_064434.1	956	1	0
NG_064491.1	661	5	0
NG_064489.1	1380	58	0
NG_064486.1	1128	1	0
NG_064445.1	1383	10	0
NG_064444.1	1425	11	0
NG_064421.1	1239	99	0
NG_064418.1	1365	26	0
NG_064412.1	1344	2	0
NG_064411.1	1328	11	0
NG_064403.1	926	1	0
NG_064402.1	952	2	0
NG_064401.1	914	2	0
NG_064387.1	1374	2	0
NG_064404.1	1120	10	0
NG_064389.1	950	2	0
NG_064355.1	1363	1	0
NG_064354.1	1374	9	0
NG_064353.1	927	1	0
NG_064337.1	876	1	0
NG_064329.1	918	1	0
NG_064325.1	882	1	0
NG_064315.1	2846	26	0
NG_064313.1	3248	6	0
NG_064312.1	3260	9	0
NG_064305.1	865	1	0
NG_064172.1	947	1	0
NG_064171.1	942	3	0
NG_064160.1	892	1	0
NG_064126.1	935	4	0
NG_064121.1	932	1	0
NG_064095.1	914	4	0
NG_063948.1	1545	13	0
NG_055731.1	3250	4	0
NG_055729.1	1390	1	0
NG_055728.1	1350	2	0
NG_055690.1	3298	7	0
NG_055395.1	3301	13	0
NG_055394.1	3280	20	0
NG_055393.1	3076	9	0
NG_055392.1	3308	14	0
NG_055391.1	3243	12	0
NG_055365.1	3272	5	0
NG_055364.1	3249	7	0
NG_055363.1	3282	2	0
NG_055362.1	3284	13	0
NG_055361.1	3290	10	0
NG_055360.1	3275	10	0
NG_055359.1	3238	4	0
NG_055358.1	3270	5	0
NG_055357.1	3238	4	0
NG_055353.1	4349	4	0
NG_055352.1	3285	39	0
NG_055351.1	4174	99	0
NG_055350.1	4553	48	0
NG_055349.1	4788	96	0
NG_055348.1	3265	95	0
NG_055347.1	3269	84	0
NG_055346.1	3282	25	0
NG_055345.1	3282	14	0
NG_055343.1	4469	4	0
NG_055342.1	3584	13	0
NG_055341.1	4578	3	0
NG_055340.1	3718	9	0
NG_055339.1	3244	22	0
NG_055338.1	3260	17	0
NG_055337.1	3664	17	0
NG_055336.1	3678	13	0
NG_055335.1	3265	4	0
NG_055334.1	3253	12	0
NG_055333.1	3659	56	0
NG_055332.1	4949	56	0
NG_055331.1	3244	3	0
NG_055330.1	3264	2	0
NG_055329.1	3257	8	0
NG_055328.1	3242	10	0
NG_055324.1	3258	13	0
NG_055323.1	3246	7	0
NG_055322.1	3207	12	0
NG_055321.1	3258	205	0
NG_055320.1	3198	5	0
NG_055319.1	3205	4	0
NG_055214.1	3242	4	0
NG_055213.1	3241	6	0
NG_055211.1	3223	19	0
NG_055210.1	3242	8	0
NG_055202.1	3279	8	0
NG_055200.1	3260	7	0
NG_055199.1	3257	12	0
NG_055198.1	3257	7	0
NG_055197.1	3257	12	0
NG_055196.1	3231	10	0
NG_055195.1	3227	12	0
NG_055194.1	3225	9	0
NG_055193.1	3277	11	0
NG_055192.1	3278	18	0
NG_055191.1	3259	26	0
NG_055190.1	3270	48	0
NG_055189.1	4208	11	0
NG_055188.1	3269	9	0
NG_055187.1	3262	11	0
NG_055186.1	4439	8	0
NG_055185.1	3292	96	0
NG_055184.1	4689	21	0
NG_055183.1	3249	7	0
NG_055181.1	3663	13	0
NG_055180.1	3038	2	0
NG_055179.1	3231	6	0
NG_055168.1	2138	1	0
NG_055160.1	3278	12	0
NG_055159.1	3273	6	0
NG_055158.1	3282	4	0
NG_055157.1	3242	26	0
NG_055156.1	3243	16	0
NG_055154.1	3178	30	0
NG_055153.1	3180	10	0
NG_055152.1	3235	27	0
NG_055151.1	3237	21	0
NG_055150.1	3233	31	0
NG_055149.1	3181	15	0
NG_055148.1	3210	27	0
NG_055147.1	3187	25	0
NG_055146.1	3191	43	0
NG_055145.1	3229	20	0
NG_055144.1	3234	11	0
NG_055143.1	3234	35	0
NG_055142.1	3232	28	0
NG_055141.1	3211	41	0
NG_055140.1	3227	30	0
NG_055139.1	3226	16	0
NG_055138.1	3237	17	0
NG_055137.1	3230	38	0
NG_055135.1	3191	14	0
NG_055134.1	3232	12	0
NG_055133.1	3242	15	0
NG_055132.1	3238	18	0
NG_055131.1	3229	16	0
NG_055130.1	3258	8	0
NG_055129.1	3263	6	0
NG_055128.1	3209	11	0
NG_055127.1	3214	17	0
NG_055126.1	3270	2	0
NG_055125.1	3197	4	0
NG_055124.1	3321	9	0
NG_055122.1	3218	10	0
NG_055121.1	3218	16	0
NG_055120.1	3219	17	0
NG_055119.1	3220	6	0
NG_055118.1	3231	8	0
NG_055117.1	3208	18	0
NG_055116.1	3240	8	0
NG_055115.1	3233	11	0
NG_055114.1	3234	10	0
NG_055113.1	3252	13	0
NG_055112.1	3197	12	0
NG_055111.1	3199	7	0
NG_055110.1	3197	15	0
NG_055108.1	3166	20	0
NG_055107.1	3195	184	0
NG_055106.1	3199	12	0
NG_055105.1	3199	21	0
NG_055104.1	3231	22	0
NG_055103.1	3169	7	0
NG_055102.1	3166	8	0
NG_055101.1	3159	6	0
NG_055100.1	3162	4	0
NG_055099.1	3160	10	0
NG_055098.1	3098	838	0
NG_055097.1	3158	93	0
NG_055096.1	3157	11	0
NG_055063.1	3297	3	0
NG_055048.1	3213	3	0
NG_055036.1	3309	3	0
NG_055033.1	3315	6	0
NG_055032.1	3315	3	0
NG_055031.1	3301	12	0
NG_055030.1	3272	9	0
NG_055029.1	3277	7	0
NG_055028.1	3276	5	0
NG_054831.1	3230	7	0
NG_054830.1	3198	4	0
NG_054819.1	3183	9	0
NG_054805.1	3284	7	0
NG_054804.1	3284	8	0
NG_042701.1	1310	1	0
NG_042695.1	1789	740	0
NG_042694.1	1788	1117	0
NG_042693.1	1795	332	0
NG_042692.1	1781	1399	0
NG_042649.1	3385	369	0
NG_042648.1	3094	308	0
NG_042647.1	3263	66	0
NG_042646.1	3262	5	0
NG_042645.1	3222	2	0
NG_042644.1	3246	6	0
NG_042643.1	3234	3	0
NG_042642.1	3219	10	0
NG_042641.1	3217	2	0
NG_042640.1	3261	16	0
NG_042639.1	3266	11	0
NG_042638.1	3255	14	0
NG_042637.1	3256	11	0
NG_042636.1	3260	15	0
NG_042635.1	3259	9	0
NG_042634.1	3260	3	0
NG_042633.1	3251	3	0
NG_042632.1	3253	22	0
NG_042631.1	3199	336	0
NG_042630.1	3271	12	0
NG_042629.1	3279	10	0
NG_042628.1	3278	7	0
NG_042627.1	3243	2	0
NG_042626.1	3266	8	0
NG_042625.1	3278	2	0
NG_042624.1	3282	16	0
NG_042623.1	3284	3	0
NG_042622.1	3312	35	0
NG_042621.1	3298	5	0
NG_042610.1	1350	1	0
NG_042608.1	1349	2	0
NG_042607.1	1350	9	0
NG_042596.1	1423	54	0
NG_042570.1	1429	5	0
NG_042569.1	1429	1	0
NG_042566.1	1428	2	0
NG_042565.1	1356	2	0
NG_042563.1	1428	2	0
NG_042548.1	1428	1	0
NG_042547.1	1429	1	0
NG_042542.1	1372	21	0
NG_042538.1	1429	2	0
NG_042528.1	3268	7	0
NG_042527.1	2990	20	0
NG_042524.1	3678	98	0
NG_042523.1	1395	25	0
NG_042521.1	1769	6	0
NG_042480.1	600	7	0
NG_042479.1	1102	3	0
NG_042464.1	1371	25	0
NG_042446.1	3238	207	0
NG_042445.1	3211	8	0
NG_042444.1	3212	14	0
NG_042439.1	3260	6	0
NG_042438.1	3251	8	0
NG_042437.1	3261	13	0
NG_042436.1	3619	42	0
NG_042435.1	3255	49	0
NG_042434.1	3255	63	0
NG_042433.1	3807	58	0
NG_042432.1	3271	6	0
NG_042431.1	3710	6	0
NG_042430.1	3687	13	0
NG_042429.1	3701	11	0
NG_042428.1	3250	5	0
NG_042427.1	3256	3	0
NG_042426.1	3256	10	0
NG_042425.1	4685	3	0
NG_042424.1	3235	7	0
NG_042415.1	3162	39	0
NG_042414.1	3334	80	0
NG_042352.1	632	1	0
NG_042338.1	1292	1	0
NG_042329.1	1281	1	0
NG_042321.1	1282	1	0
NG_042319.1	1292	1	0
NG_027648.1	3459	211	0
NG_027646.1	2771	212	0
NG_027645.1	3237	13	0
NG_027621.1	1394	1	0
NG_027618.1	3799	491	0
NG_027616.1	3270	87	0
NG_027613.1	3188	84	0
NG_027568.1	1157	102	0
NG_027567.1	3255	1093	0
NG_027564.1	3237	59	0
NG_027561.1	3189	118	0
NG_027560.1	4318	83	0
NG_060249.1	3172	206	0
NG_060069.1	3174	77	0
NG_060067.1	984	13	0
NG_059912.1	958	25	0
NG_059518.1	3062	80	0
NG_059517.1	3072	203	0
NG_060630.1	1399	7	0
NG_027623.1	3134	48	0
NG_060251.1	2970	73	0
NG_060250.1	3180	8	0
NG_060831.1	862	3	0
NG_060795.1	1381	2	0
NG_060787.1	1957	1	0
NG_060689.1	1373	2	0
NG_060688.1	1289	4	0
NG_060687.1	1353	3	0
NG_060686.1	920	2	0
NG_060684.1	1459	11	0
NG_060677.1	932	2	0
NG_060676.1	860	1	0
NG_060665.1	971	5	0
NG_060656.1	959	69	0
NG_060655.1	961	461	0
NG_060654.1	964	163	0
NG_060653.1	901	1	0
NG_060650.1	1341	1	0
NG_060649.1	1335	7	0
NG_060648.1	1329	9	0
NG_060646.1	1338	9	0
NG_060645.1	1359	1	0
NG_060642.1	1319	6	0
NG_060639.1	1148	2	0
NG_060638.1	1366	4	0
NG_060637.1	1364	1	0
NG_060635.1	1354	5	0
NG_060632.1	1044	1	0
NG_060624.1	1412	1	0
NG_060621.1	886	14	0
NG_060154.1	1365	2	0
NG_060153.1	1392	203	0
NG_057277.1	924	2	0
NG_060398.1	1295	7	0
NG_060397.1	1242	12	0
NG_059226.1	665	1	0
NG_060425.1	1296	4	0
NG_060423.1	1292	2	0
NG_060420.1	2073	62	0
NG_060417.1	1356	2	0
NG_060415.1	870	4	0
NG_060413.1	1355	3	0
NG_060410.1	877	1	0
NG_060405.1	1451	6	0
NG_060402.1	1045	6	0
NG_060400.1	2969	162	0
NG_060393.1	743	1	0
NG_060381.1	3260	15	0
NG_060380.1	3253	16	0
NG_060379.1	3075	6	0
NG_060362.1	704	5	0
NG_060346.1	1349	1	0
NG_060311.1	606	1	0
NG_060310.1	1384	17	0
NG_060304.1	1397	2	0
NG_060302.1	835	1	0
NG_060298.1	1350	1	0
NG_060285.1	940	1	0
NG_060284.1	900	47	0
NG_060278.1	891	1	0
NG_060267.1	1118	36	0
NG_060258.1	862	19	0
NG_060179.1	1392	6	0
NG_060178.1	1379	1	0
NG_060163.1	1393	7	0
NG_060161.1	1355	1	0
NG_060150.1	652	3	0
NG_060147.1	875	25	0
NG_060131.1	1347	4	0
NG_060130.1	1347	1	0
NG_060129.1	1341	3	0
NG_060128.1	1345	1	0
NG_060124.1	850	1	0
NG_060117.1	1784	1	0
NG_060114.1	1381	2	0
NG_060102.1	1387	3	0
NG_060101.1	1387	3	0
NG_060100.1	1377	1	0
NG_060098.1	1184	1	0
NG_060085.1	903	1	0
NG_060075.1	3083	10	0
NG_060074.1	3061	8	0
NG_060072.1	886	16	0
NG_060068.1	819	8	0
NG_060064.1	1074	4	0
NG_060022.1	1408	15	0
NG_060017.1	938	4	0
NG_060016.1	1315	1	0
NG_060013.1	1204	19	0
NG_060012.1	1339	1	0
NG_059978.1	953	1	0
NG_059977.1	1378	1	0
NG_059948.1	1386	5	0
NG_059947.1	1342	9	0
NG_059922.1	1114	1	0
NG_059916.1	3265	23	0
NG_059915.1	3254	24	0
NG_055326.1	3221	1	0
NG_059855.1	907	3	0
NG_059841.1	901	6	0
NG_059828.1	902	1	0
NG_059700.1	849	9	0
NG_059656.1	1322	1	0
NG_059647.1	987	3	0
NG_059627.1	845	1	0
NG_059622.1	840	1	0
NG_059606.1	901	1	0
NG_059605.1	1306	8	0
NG_059538.1	961	4	0
NG_059521.1	1064	1	0
NG_059499.1	1405	5	0
NG_059465.1	872	21	0
NG_059445.1	1071	24	0
NG_059434.1	1398	2	0
NG_055327.1	3211	16	0
NG_055325.1	3224	13	0
NG_059268.1	1371	4	0
NG_059265.1	888	499	0
NG_059212.1	920	1	0
NG_059179.1	935	1	0
NG_059156.1	963	1	0
NG_059112.1	1320	3	0
NG_059106.1	1150	1	0
NG_059076.1	3295	84	0
NG_059042.1	892	162	0
NG_059026.1	985	4	0
NG_058991.1	922	1	0
NG_058981.1	837	1	0
NG_058953.1	1386	5	0
NG_058951.1	1314	2	0
NG_058950.1	1305	5	0
NG_058940.1	859	1	0
NG_058937.1	1255	2	0
NG_058936.1	1393	13	0
NG_058931.1	1305	10	0
NG_058918.1	819	2	0
NG_058908.1	2165	1	0
NG_058885.1	921	3	0
NG_058872.1	966	1	0
NG_058868.1	1397	3	0
NG_058856.1	1400	9	0
NG_058845.1	1372	3	0
NG_058836.1	906	2	0
NG_058816.1	1274	5	0
NG_058801.1	953	136	0
NG_058799.1	955	6	0
NG_058796.1	933	1	0
NG_058795.1	942	2	0
NG_058793.1	954	2	0
NG_058789.1	956	3	0
NG_058786.1	951	1	0
NG_058782.1	3290	148	0
NG_058776.1	1407	96	0
NG_058755.1	3255	8	0
NG_058754.1	3255	6	0
NG_058753.1	3262	6	0
NG_058752.1	3250	2	0
NG_058751.1	3250	3	0
NG_058750.1	3254	2	0
NG_058749.1	3258	8	0
NG_058748.1	3257	11	0
NG_058747.1	3273	13	0
NG_058704.1	919	2	0
NG_058701.1	684	43	0
NG_058684.1	906	2	0
NG_058656.1	1182	3	0
NG_058630.1	3329	3	0
NG_058629.1	3261	12	0
NG_058628.1	3336	15	0
NG_058606.1	1385	3	0
NG_058599.1	934	1	0
NG_058597.1	1342	7	0
NG_058593.1	870	82	0
NG_058589.1	870	1	0
NG_058588.1	870	2	0
NG_058587.1	871	2	0
NG_058581.1	1338	2	0
NG_058580.1	1339	2	0
NG_058579.1	1341	1	0
NG_058576.1	885	5	0
NG_058575.1	885	8	0
NG_058574.1	885	6	0
NG_058573.1	885	5	0
NG_058548.1	1425	23	0
NG_058416.1	635	1	0
NG_058410.1	931	2	0
NG_058403.1	978	8	0
NG_058401.1	678	5	0
NG_058352.1	658	292	0
NG_058350.1	639	1	0
NG_058345.1	680	1	0
NG_058288.1	801	1	0
NG_058277.1	656	1	0
NG_058198.1	1205	12	0
NG_058157.1	1350	4	0
NG_058036.1	1069	1	0
NG_058034.1	1067	1	0
NG_058028.1	1843	3	0
NG_058016.1	1324	1	0
NG_058012.1	1343	4	0
NG_057951.1	1182	1	0
NG_057910.1	954	52	0
NG_057902.1	1430	4	0
NG_057901.1	1430	1	0
NG_057897.1	1429	1	0
NG_057895.1	1429	2	0
NG_057880.1	588	3	0
NG_057879.1	586	2	0
NG_057855.1	3279	829	0
NG_057854.1	4009	56	0
NG_057848.1	3299	117	0
NG_057813.1	1356	1	0
NG_057796.1	1367	3	0
NG_057777.1	3283	101	0
NG_057774.1	3286	145	0
NG_057772.1	3296	98	0
NG_057771.1	1720	7	0
NG_057754.1	1244	1	0
NG_057750.1	1315	1	0
NG_057725.1	1305	1	0
NG_057720.1	801	2	0
NG_057662.1	627	2	0
NG_057283.1	899	2	0
NG_057273.1	1429	6	0
NG_057272.1	1389	12	0
NG_057270.1	1434	9	0
NG_057269.1	1437	5	0
NG_057268.1	1424	50	0
NG_057267.1	1395	15	0
NG_057266.1	1431	10	0
NG_057265.1	1418	12	0
NG_057264.1	1360	6	0
NG_057262.1	1396	10	0
NG_057261.1	1397	6	0
NG_057258.1	1358	13	0
NG_057257.1	1429	11	0
NG_057256.1	1387	4	0
NG_057255.1	1384	14	0
NG_057254.1	944	1	0
NG_057253.1	936	1	0
NG_057252.1	1364	33	0
NG_057250.1	1088	1	0
NG_057249.1	1389	20	0
NG_057247.1	1403	46	0
NG_057246.1	1427	64	0
NG_057245.1	1436	62	0
NG_057244.1	1389	19	0
NG_057243.1	1448	15	0
NG_057242.1	1301	5	0
NG_057241.1	1387	15	0
NG_057240.1	1419	3	0
NG_057239.1	1389	13	0
NG_057238.1	1442	8	0
NG_057237.1	1028	3	0
NG_057236.1	1395	12	0
NG_057235.1	1351	20	0
NG_057234.1	1389	5	0
NG_057228.1	906	1	0
NG_057227.1	1429	52	0
NG_057226.1	1386	26	0
NG_057225.1	1381	1	0
NG_057223.1	1398	6	0
NG_057222.1	1352	17	0
NG_057221.1	1424	23	0
NG_057220.1	1312	13	0
NG_057219.1	1363	2	0
NG_057218.1	1429	16	0
NG_057217.1	1397	8	0
NG_057216.1	1361	10	0
NG_057215.1	1420	9	0
NG_057214.1	1385	40	0
NG_057213.1	1426	9	0
NG_057212.1	1383	13	0
NG_057211.1	939	3	0
NG_057210.1	1421	190	0
NG_057209.1	1386	18	0
NG_057208.1	1428	14	0
NG_057207.1	929	2	0
NG_057206.1	1422	20	0
NG_057205.1	1387	8	0
NG_057204.1	1385	14	0
NG_057203.1	1425	10	0
NG_057202.1	1385	19	0
NG_057201.1	1354	8	0
NG_057199.1	1425	57	0
NG_057198.1	1421	9	0
NG_057197.1	1433	10	0
NG_057195.1	1432	304	0
NG_057194.1	884	1	0
NG_057193.1	1442	39	0
NG_057191.1	1427	9	0
NG_057190.1	1430	254	0
NG_057189.1	1430	16	0
NG_057178.1	3253	4	0
NG_057177.1	3253	15	0
NG_057176.1	3254	4	0
NG_057175.1	3254	2	0
NG_057174.1	3258	1	0
NG_057173.1	3254	2	0
NG_057172.1	3250	1	0
NG_057171.1	3249	1	0
NG_057170.1	3251	26	0
NG_057169.1	3256	23	0
NG_057168.1	3253	24	0
NG_057167.1	3255	11	0
NG_057166.1	3259	18	0
NG_057165.1	3261	21	0
NG_057164.1	3255	17	0
NG_057163.1	3282	21	0
NG_057162.1	3299	14	0
NG_057161.1	3264	5	0
NG_057160.1	3267	13	0
NG_057159.1	3267	15	0
NG_057158.1	3273	23	0
NG_057145.1	715	1	0
NG_057138.1	1331	2	0
NG_057107.1	878	1	0
NG_057106.1	873	1	0
NG_057098.1	1344	3	0
NG_057067.1	1349	1146	0
NG_057066.1	1374	2	0
NG_057065.1	1388	2	0
NG_057062.1	1454	89	0
NG_057061.1	1442	144	0
NG_057043.1	1392	8	0
NG_057042.1	968	30	0
NG_057041.1	1388	3	0
NG_057038.1	864	2	0
NG_057033.1	794	2	0
NG_057020.1	1309	42	0
NG_057015.1	1389	2	0
NG_056999.1	988	1	0
NG_056968.1	3289	111	0
NG_056956.1	619	39	0
NG_056278.1	3263	561	0
NG_056269.1	628	19	0
NG_042761.1	1797	1	0
