NG_088149.1	1402	4	0
NG_088148.1	1379	9	0
NG_088147.1	1387	4	0
NG_088146.1	1391	16	0
NG_088141.1	1334	3	0
NG_079683.1	1329	17	0
NG_088360.1	859	13	0
NG_088358.1	881	1	0
NG_088352.1	1372	16	0
NG_088318.1	1333	1	0
NG_088317.1	1342	39	0
NG_088316.1	1344	27	0
NG_088315.1	1344	27	0
NG_088311.1	1350	676	0
NG_088310.1	1360	7	0
NG_088309.1	1348	1	0
NG_088307.1	1379	37	0
NG_088306.1	1388	4	0
NG_088305.1	1378	5	0
NG_088304.1	1384	4	0
NG_088298.1	1345	17	0
NG_088294.1	810	1	0
NG_088292.1	893	1	0
NG_088291.1	862	8	0
NG_088285.1	1339	2	0
NG_088282.1	868	437	0
NG_088279.1	892	1	0
NG_088268.1	1398	1	0
NG_088257.1	1355	1	0
NG_088256.1	1353	1	0
NG_088253.1	1385	21	0
NG_088246.1	1402	1	0
NG_088239.1	1350	12	0
NG_088237.1	1337	3	0
NG_088236.1	1283	2	0
NG_088235.1	1344	4	0
NG_088234.1	1389	5	0
NG_088232.1	929	9	0
NG_088231.1	892	3	0
NG_088230.1	1391	5	0
NG_088229.1	1390	44	0
NG_088218.1	949	1	0
NG_088215.1	1384	6	0
NG_088214.1	1389	11	0
NG_088213.1	1390	16	0
NG_088210.1	888	2	0
NG_088209.1	1368	1	0
NG_088208.1	602	1	0
NG_088203.1	1275	33	0
NG_088202.1	1336	5	0
NG_088198.1	1392	16	0
NG_088197.1	1334	6	0
NG_088196.1	1334	3	0
NG_088195.1	1345	4	0
NG_088186.1	1353	11	0
NG_088185.1	970	100	0
NG_088179.1	1344	17	0
NG_088178.1	881	1	0
NG_088174.1	621	4	0
NG_088172.1	846	1	0
NG_088159.1	1393	3	0
NG_088157.1	1310	1	0
NG_088152.1	945	18	0
NG_088150.1	925	3	0
NG_088142.1	1390	7	0
NG_088140.1	1355	20	0
NG_088139.1	860	1	0
NG_088138.1	860	1	0
NG_088135.1	837	1	0
NG_088129.1	847	1	0
NG_088127.1	842	2	0
NG_088124.1	847	5	0
NG_088122.1	1310	4	0
NG_088114.1	1339	1	0
NG_088108.1	1355	7	0
NG_088104.1	1206	4	0
NG_088103.1	1354	21	0
NG_088083.1	1297	39	0
NG_088082.1	1359	1	0
NG_088062.1	1347	7	0
NG_088061.1	1344	23	0
NG_088060.1	1334	21	0
NG_088049.1	1146	1	0
NG_088042.1	1299	3	0
NG_088041.1	1291	11	0
NG_088040.1	1291	5	0
NG_088039.1	1288	4	0
NG_088037.1	828	3713	0
NG_088036.1	863	1	0
NG_088027.1	1315	3	0
NG_088025.1	1350	2	0
NG_088020.1	1280	18	0
NG_088019.1	614	1	0
NG_088018.1	1314	18	0
NG_088017.1	1364	4	0
NG_088016.1	1431	37	0
NG_064326.1	893	4	0
NG_081529.1	907	1	0
NG_081516.1	1286	3	0
NG_081514.1	849	19	0
NG_081490.1	924	2	0
NG_081469.1	665	48	0
NG_081464.1	847	18	0
NG_081303.1	887	1	0
NG_081296.1	899	2	0
NG_081284.1	1330	10	0
NG_081283.1	950	2	0
NG_081282.1	946	2	0
NG_081281.1	944	2	0
NG_081280.1	944	8	0
NG_081279.1	944	2	0
NG_081277.1	836	1	0
NG_075323.1	897	4	0
NG_060409.1	1367	7	0
NG_060408.1	1375	1	0
NG_069014.1	1327	1	0
NG_077386.1	915	2	0
NG_074502.1	937	15	0
NG_069325.1	1325	38	0
NG_069113.1	873	7	0
NG_069112.1	874	5	0
NG_068872.1	1283	29	0
NG_068871.1	1281	53	0
NG_068870.1	1255	31	0
NG_068869.1	1289	24	0
NG_068734.1	1347	3	0
NG_067783.1	941	2	0
NG_064340.1	885	2	0
NG_064332.1	877	3	0
NG_059107.1	1349	26	0
NG_058839.1	882	3	0
NG_058802.1	953	41	0
NG_058800.1	951	2	0
NG_058798.1	954	1	0
NG_058791.1	952	8	0
NG_058790.1	926	3	0
NG_058785.1	954	6	0
NG_058784.1	963	3	0
NG_042652.1	1344	6	0
NG_042651.1	1342	6	0
NG_042609.1	1347	8	0
NG_079710.1	1346	1	0
NG_079709.1	1340	2	0
NG_079708.1	918	3	0
NG_079707.1	1380	4	0
NG_079706.1	1324	150	0
NG_079693.1	881	19	0
NG_079692.1	884	7	0
NG_079691.1	883	39	0
NG_079689.1	884	30	0
NG_079687.1	1373	39	0
NG_079686.1	1288	20	0
NG_079685.1	1316	62	0
NG_079684.1	1344	26	0
NG_079671.1	1349	4	0
NG_079658.1	1404	4	0
NG_079640.1	1316	32	0
NG_079638.1	1297	2	0
NG_079637.1	1265	1	0
NG_079636.1	1291	14	0
NG_079635.1	1297	2	0
NG_079634.1	1291	8	0
NG_079633.1	1291	12	0
NG_079632.1	1291	17	0
NG_079631.1	1137	1	0
NG_079630.1	1290	16	0
NG_079626.1	1350	17	0
NG_079561.1	824	1	0
NG_079546.1	848	1	0
NG_079525.1	876	12	0
NG_079517.1	560	1	0
NG_067775.1	1435	2	0
NG_078691.1	937	4	0
NG_078681.1	921	59	0
NG_078678.1	946	3	0
NG_078668.1	942	2	0
NG_078658.1	848	1	0
NG_078652.1	876	1	0
NG_078640.1	1278	45	0
NG_078637.1	1391	16	0
NG_078634.1	880	2	0
NG_078632.1	941	1	0
NG_064005.1	931	15	0
NG_077393.1	906	24	0
NG_077390.1	906	1	0
NG_077387.1	773	6	0
NG_060382.1	3250	17	0
NG_054796.1	529	2	0
NG_066352.1	3183	10	0
NG_064396.1	907	2	0
NG_060406.1	1379	169	0
NG_055354.1	3283	888	0
NG_076735.1	813	1	0
NG_076697.1	924	1	0
NG_070417.1	1290	1	0
NG_055355.1	3269	34	0
NG_067823.1	878	1	0
NG_075429.1	1356	1	0
NG_075397.1	1339	4	0
NG_075396.1	1357	21	0
NG_075373.1	873	3	0
NG_075372.1	873	1	0
NG_075370.1	871	2	0
NG_075369.1	873	2	0
NG_075351.1	858	4	0
NG_075348.1	1730	1	0
NG_075341.1	1367	36	0
NG_075336.1	1361	7	0
NG_075330.1	1388	2	0
NG_075329.1	1396	4	0
NG_075322.1	1356	5	0
NG_075321.1	868	2	0
NG_075320.1	1389	4	0
NG_075319.1	1341	10	0
NG_075318.1	1349	3	0
NG_075316.1	1349	1	0
NG_075315.1	1348	17	0
NG_075311.1	1341	29	0
NG_075310.1	1339	2	0
NG_075309.1	1303	2	0
NG_075306.1	935	4	0
NG_075303.1	935	2	0
NG_075300.1	3106	10	0
NG_075288.1	1382	7	0
NG_075283.1	1395	2	0
NG_075246.1	1307	7	0
NG_075235.1	1352	1	0
NG_075234.1	794	1	0
NG_075232.1	1347	11	0
NG_075231.1	1346	3	0
NG_075230.1	1332	27	0
NG_075214.1	1340	19	0
NG_075213.1	1342	13	0
NG_075212.1	1345	6	0
NG_075209.1	1325	2	0
NG_075207.1	1353	8	0
NG_075206.1	1343	3	0
NG_075201.1	1044	2	0
NG_075187.1	1378	8	0
NG_075185.1	1350	22	0
NG_075184.1	1349	11	0
NG_075183.1	1347	5	0
NG_075182.1	1350	16	0
NG_075181.1	1352	16	0
NG_075180.1	1350	16	0
NG_075179.1	586	11	0
NG_075178.1	1374	25	0
NG_075167.1	1338	42	0
NG_075166.1	1392	3	0
NG_075163.1	1389	26	0
NG_075161.1	3224	14	0
NG_075155.1	1301	81	0
NG_075152.1	1143	2	0
NG_027566.1	3087	136	0
NG_074504.1	1280	13	0
NG_074503.1	937	2	0
NG_074501.1	936	3	0
NG_074475.1	874	1	0
NG_074474.1	910	27	0
NG_074473.1	917	17	0
NG_074472.1	894	27	0
NG_074471.1	1018	341	0
NG_074467.1	979	10	0
NG_074457.1	1038	771	0
NG_074456.1	1051	1	0
NG_074455.1	1055	12	0
NG_074454.1	877	12	0
NG_057674.1	1078	9	0
NG_057852.1	3295	403	0
NG_073827.1	884	56	0
NG_073826.1	891	1	0
NG_073786.1	911	2	0
NG_073785.1	835	1	0
NG_073762.1	1344	2	0
NG_073753.1	891	8	0
NG_073672.1	1101	2	0
NG_073651.1	845	1	0
NG_073640.1	850	1	0
NG_073613.1	879	1	0
NG_073610.1	905	12	0
NG_073598.1	1339	43	0
NG_073595.1	1385	35	0
NG_073581.1	1333	2	0
NG_073580.1	954	1	0
NG_064130.1	927	1	0
NG_073626.1	888	7	0
NG_060125.1	1375	166	0
NG_071250.1	917	2	0
NG_071246.1	1272	32	0
NG_071245.1	1326	86	0
NG_071239.1	876	1	0
NG_071238.1	994	1	0
NG_071235.1	888	3	0
NG_071232.1	574	2	0
NG_068816.1	900	3	0
NG_070934.1	811	5	0
NG_070933.1	856	4	0
NG_070932.1	831	4	0
NG_070931.1	869	3	0
NG_070922.1	820	4	0
NG_070522.1	1435	3	0
NG_059812.1	1305	1	0
NG_057945.1	1459	8	0
NG_057900.1	1429	2	0
NG_057899.1	1405	4	0
NG_057898.1	1429	4	0
NG_042568.1	1429	5	0
NG_042564.1	1258	5	0
NG_042560.1	1428	3	0
NG_042556.1	1430	1	0
NG_042555.1	1382	3	0
NG_042554.1	1401	4	0
NG_042550.1	1429	2	0
NG_042539.1	1429	4	0
NG_070846.1	1317	1	0
NG_070844.1	1329	16	0
NG_070841.1	943	7	0
NG_070836.1	988	8	0
NG_070832.1	1298	2	0
NG_070823.1	1359	1	0
NG_070811.1	1386	15	0
NG_070810.1	1389	4	0
NG_070809.1	1046	18	0
NG_070815.1	872	6	0
NG_070812.1	944	2	0
NG_067434.1	1327	1	0
NG_070603.1	1327	1	0
NG_070583.1	1327	1	0
NG_070558.1	966	3	0
NG_070553.1	935	2	0
NG_070552.1	936	7	0
NG_070519.1	1071	1	0
NG_070512.1	3248	19	0
NG_070502.1	1319	27	0
NG_070500.1	871	1	0
NG_060647.1	1379	20	0
NG_070391.1	1436	8	0
NG_070363.1	1207	1	0
NG_070361.1	1327	1	0
NG_070356.1	1315	15	0
NG_070392.1	1436	17	0
NG_068542.1	1334	16	0
NG_068541.1	1393	14	0
NG_069822.1	924	2	0
NG_069792.1	1327	1	0
NG_069787.1	1327	1	0
NG_069781.1	869	1	0
NG_069733.1	1327	1	0
NG_069648.1	909	1	0
NG_069555.1	1327	1	0
NG_069419.1	942	12	0
NG_069418.1	935	8	0
NG_069409.1	937	6	0
NG_069369.1	1305	14	0
NG_069368.1	1302	8	0
NG_069330.1	1695	1	0
NG_069324.1	885	55	0
NG_069323.1	871	19	0
NG_069322.1	870	16	0
NG_069313.1	960	1	0
NG_069299.1	1314	1	0
NG_069275.1	886	1	0
NG_069264.1	868	38	0
NG_069190.1	863	1	0
NG_069172.1	855	2	0
NG_069171.1	874	1	0
NG_069151.1	2040	10	0
NG_069150.1	2035	6	0
NG_069149.1	2029	11	0
NG_069114.1	1293	15	0
NG_069061.1	1341	1	0
NG_069060.1	1327	1	0
NG_069052.1	1327	1	0
NG_069050.1	1327	1	0
NG_069044.1	1327	2	0
NG_069038.1	1327	1	0
NG_069035.1	1327	1	0
NG_069016.1	1327	1	0
NG_069004.1	3250	756	0
NG_069003.1	3257	38	0
NG_068998.1	1274	1	0
NG_068983.1	1771	1	0
NG_068969.1	973	6	0
NG_068965.1	630	5	0
NG_069826.1	1327	1	0
NG_069036.1	1327	2	0
NG_068968.1	973	6	0
NG_068782.1	1371	33	0
NG_068907.1	906	13	0
NG_068906.1	1190	1	0
NG_068905.1	1194	2	0
NG_068896.1	871	1	0
NG_068895.1	914	2	0
NG_068881.1	1378	30	0
NG_068873.1	1287	2805	0
NG_068868.1	1293	16	0
NG_068867.1	1273	13	0
NG_068866.1	1348	1	0
NG_068861.1	947	5	0
NG_068860.1	1031	30	0
NG_068859.1	1024	1	0
NG_068850.1	1312	161	0
NG_068846.1	1343	18	0
NG_068844.1	1304	2	0
NG_068822.1	1372	17	0
NG_068821.1	1312	3	0
NG_068818.1	852	2	0
NG_068814.1	1411	7	0
NG_068813.1	1401	2	0
NG_068811.1	1401	2	0
NG_068808.1	935	2	0
NG_068806.1	1381	13	0
NG_068805.1	1378	21	0
NG_068795.1	896	16	0
NG_068793.1	894	341	0
NG_068788.1	1321	3	0
NG_068769.1	1385	8	0
NG_068765.1	1397	12	0
NG_068764.1	1343	18	0
NG_068763.1	1362	13	0
NG_068756.1	876	1	0
NG_068750.1	1420	4	0
NG_068747.1	2044	6	0
NG_068737.1	1397	8	0
NG_068724.1	1333	1	0
NG_068658.1	832	247	0
NG_068655.1	1392	46	0
NG_068654.1	1389	45	0
NG_068647.1	1207	1	0
NG_068584.1	1351	1	0
NG_068568.1	1391	7	0
NG_068564.1	1344	5	0
NG_068543.1	1394	20	0
NG_068538.1	1330	1	0
NG_068536.1	1386	10	0
NG_068534.1	1384	11	0
NG_068533.1	983	4	0
NG_068522.1	1321	1	0
NG_068514.1	1055	1	0
NG_068673.1	891	4	0
NG_068605.1	1292	1	0
NG_059101.1	920	116	0
NG_055136.1	3235	72	0
NG_059967.1	2045	6	0
NG_057229.1	1390	15	0
NG_057016.1	2028	157	0
NG_068271.1	1350	4	0
NG_068289.1	1417	21	0
NG_068265.1	1368	12	0
NG_068252.1	2422	155	0
NG_066407.1	1353	20	0
NG_064382.1	902	3	0
NG_057276.1	935	6	0
NG_057274.1	870	46	0
NG_057260.1	1392	6	0
NG_057259.1	1407	79	0
NG_057248.1	1431	48	0
NG_057200.1	1428	209	0
NG_057196.1	1436	11	0
NG_057188.1	947	5	0
NG_060356.1	695	4	0
NG_042597.1	1429	73	0
NG_067838.1	971	19	0
NG_067824.1	1382	33	0
NG_067816.1	1369	27	0
NG_067810.1	951	2	0
NG_067800.1	1311	6	0
NG_067799.1	893	3	0
NG_067791.1	773	1	0
NG_067784.1	1359	2	0
NG_067777.1	853	3	0
NG_067822.1	1439	184	0
NG_067785.1	1371	19	0
NG_067776.1	1073	13	0
NG_067772.1	3257	84	0
NG_067565.1	1271	34	0
NG_067564.1	1290	33	0
NG_058739.1	5088	121	0
NG_067431.1	914	4	0
NG_067374.1	1327	1	0
NG_067365.1	1017	1	0
NG_067357.1	1329	1	0
NG_067333.1	1219	1	0
NG_067315.1	937	7	0
NG_067314.1	935	15	0
NG_067260.1	1253	1	0
NG_059088.1	952	2	0
NG_059086.1	952	2	0
NG_058402.1	599	45	0
NG_066408.1	857	94	0
NG_066463.1	1995	28	0
NG_066458.1	832	1	0
NG_066443.1	1331	1	0
NG_066429.1	954	1	0
NG_066418.1	1389	3	0
NG_066405.1	957	25	0
NG_066400.1	935	2	0
NG_066390.1	1291	1	0
NG_066389.1	1291	1	0
NG_066387.1	1293	1504	0
NG_066355.1	3249	22	0
NG_066354.1	3259	44	0
NG_066353.1	3102	21	0
NG_066351.1	3592	18	0
NG_066350.1	3251	18	0
NG_066349.1	3228	11	0
NG_066348.1	5042	20	0
NG_066345.1	1250	4	0
NG_066336.1	876	1	0
NG_066184.1	932	39	0
NG_066157.1	692	1	0
NG_066154.1	3243	149	0
NG_060813.1	717	1	0
NG_060640.1	1398	1	0
NG_064593.1	882	1	0
NG_064589.1	894	11	0
NG_064587.1	863	96	0
NG_064584.1	865	13	0
NG_064582.1	881	2	0
NG_064575.1	856	3	0
NG_064574.1	873	1	0
NG_064570.1	860	29	0
NG_064568.1	884	4	0
NG_064566.1	855	18	0
NG_064564.1	839	6	0
NG_064561.1	869	7	0
NG_064560.1	832	1	0
NG_064559.1	878	29	0
NG_064556.1	869	10	0
NG_064500.1	846	1	0
NG_064499.1	866	1	0
NG_064473.1	883	2	0
NG_064472.1	886	2	0
NG_064441.1	966	4	0
NG_064440.1	964	1	0
NG_064438.1	952	78	0
NG_064436.1	948	12	0
NG_064435.1	941	2	0
NG_064434.1	956	4	0
NG_064433.1	956	2	0
NG_064491.1	661	3	0
NG_064489.1	1380	194	0
NG_064486.1	1128	2	0
NG_064481.1	904	2	0
NG_064447.1	539	1	0
NG_064445.1	1383	32	0
NG_064444.1	1425	27	0
NG_064421.1	1239	64	0
NG_064418.1	1365	66	0
NG_064412.1	1344	3	0
NG_064411.1	1328	20	0
NG_064409.1	881	6	0
NG_064403.1	926	2	0
NG_064402.1	952	7	0
NG_064401.1	914	4	0
NG_064387.1	1374	3	0
NG_064404.1	1120	18	0
NG_064389.1	950	1	0
NG_064365.1	936	1	0
NG_064355.1	1363	1	0
NG_064354.1	1374	24	0
NG_064353.1	927	1	0
NG_064339.1	898	2	0
NG_064335.1	881	1	0
NG_064333.1	884	3	0
NG_064331.1	875	1	0
NG_064329.1	918	6	0
NG_064328.1	883	1	0
NG_064327.1	888	3	0
NG_064315.1	2846	85	0
NG_064313.1	3248	16	0
NG_064312.1	3260	23	0
NG_064265.1	914	2	0
NG_064240.1	876	1	0
NG_064161.1	906	1	0
NG_064140.1	1327	2	0
NG_064126.1	935	5	0
NG_064121.1	932	2	0
NG_064095.1	914	3	0
NG_064059.1	940	1	0
NG_064050.1	903	1	0
NG_064011.1	918	1	0
NG_063987.1	962	7	0
NG_063948.1	1545	53	0
NG_055731.1	3250	15	0
NG_055729.1	1390	9	0
NG_055690.1	3298	10	0
NG_055409.1	530	1	0
NG_055395.1	3301	34	0
NG_055394.1	3280	29	0
NG_055393.1	3076	41	0
NG_055392.1	3308	38	0
NG_055391.1	3243	39	0
NG_055384.1	902	1	0
NG_055365.1	3272	20	0
NG_055364.1	3249	10	0
NG_055363.1	3282	7	0
NG_055362.1	3284	53	0
NG_055361.1	3290	18	0
NG_055360.1	3275	28	0
NG_055359.1	3238	16	0
NG_055358.1	3270	25	0
NG_055357.1	3238	15	0
NG_055353.1	4349	38	0
NG_055352.1	3285	130	0
NG_055351.1	4174	250	0
NG_055350.1	4553	126	0
NG_055349.1	4788	248	0
NG_055348.1	3265	245	0
NG_055347.1	3269	232	0
NG_055346.1	3282	74	0
NG_055345.1	3282	43	0
NG_055343.1	4469	9	0
NG_055342.1	3584	21	0
NG_055341.1	4578	17	0
NG_055340.1	3718	16	0
NG_055339.1	3244	71	0
NG_055338.1	3260	79	0
NG_055337.1	3664	37	0
NG_055336.1	3678	27	0
NG_055335.1	3265	16	0
NG_055334.1	3253	14	0
NG_055333.1	3659	152	0
NG_055332.1	4949	151	0
NG_055331.1	3244	7	0
NG_055330.1	3264	10	0
NG_055329.1	3257	19	0
NG_055328.1	3242	30	0
NG_055324.1	3258	29	0
NG_055323.1	3246	13	0
NG_055322.1	3207	19	0
NG_055321.1	3258	452	0
NG_055320.1	3198	28	0
NG_055319.1	3205	11	0
NG_055214.1	3242	15	0
NG_055213.1	3241	28	0
NG_055211.1	3223	42	0
NG_055210.1	3242	25	0
NG_055202.1	3279	27	0
NG_055200.1	3260	18	0
NG_055199.1	3257	31	0
NG_055198.1	3257	6	0
NG_055197.1	3257	19	0
NG_055196.1	3231	39	0
NG_055195.1	3227	25	0
NG_055194.1	3225	33	0
NG_055193.1	3277	20	0
NG_055192.1	3278	39	0
NG_055191.1	3259	58	0
NG_055190.1	3270	134	0
NG_055189.1	4208	37	0
NG_055188.1	3269	24	0
NG_055187.1	3262	23	0
NG_055186.1	4439	33	0
NG_055185.1	3292	281	0
NG_055184.1	4689	78	0
NG_055183.1	3249	21	0
NG_055181.1	3663	20	0
NG_055180.1	3038	2	0
NG_055179.1	3231	17	0
NG_055169.1	2129	1	0
NG_055168.1	2138	2	0
NG_055160.1	3278	39	0
NG_055159.1	3273	13	0
NG_055158.1	3282	24	0
NG_055157.1	3242	51	0
NG_055156.1	3243	42	0
NG_055154.1	3178	82	0
NG_055153.1	3180	26	0
NG_055152.1	3235	57	0
NG_055151.1	3237	88	0
NG_055150.1	3233	78	0
NG_055149.1	3181	59	0
NG_055148.1	3210	85	0
NG_055147.1	3187	65	0
NG_055146.1	3191	95	0
NG_055145.1	3229	67	0
NG_055144.1	3234	45	0
NG_055143.1	3234	103	0
NG_055142.1	3232	74	0
NG_055141.1	3211	106	0
NG_055140.1	3227	67	0
NG_055139.1	3226	41	0
NG_055138.1	3237	25	0
NG_055137.1	3230	78	0
NG_055135.1	3191	52	0
NG_055134.1	3232	35	0
NG_055133.1	3242	40	0
NG_055132.1	3238	34	0
NG_055131.1	3229	35	0
NG_055130.1	3258	52	0
NG_055129.1	3263	33	0
NG_055128.1	3209	25	0
NG_055127.1	3214	26	0
NG_055126.1	3270	14	0
NG_055125.1	3197	10	0
NG_055124.1	3321	16	0
NG_055122.1	3218	20	0
NG_055121.1	3218	36	0
NG_055120.1	3219	30	0
NG_055119.1	3220	22	0
NG_055118.1	3231	14	0
NG_055117.1	3208	44	0
NG_055116.1	3240	26	0
NG_055115.1	3233	27	0
NG_055114.1	3234	31	0
NG_055113.1	3252	17	0
NG_055112.1	3197	21	0
NG_055111.1	3199	29	0
NG_055110.1	3197	32	0
NG_055108.1	3166	81	0
NG_055107.1	3195	457	0
NG_055106.1	3199	33	0
NG_055105.1	3199	38	0
NG_055104.1	3231	60	0
NG_055103.1	3169	18	0
NG_055102.1	3166	18	0
NG_055101.1	3159	11	0
NG_055100.1	3162	14	0
NG_055099.1	3160	11	0
NG_055098.1	3098	2107	0
NG_055097.1	3158	258	0
NG_055096.1	3157	41	0
NG_055084.1	531	5	0
NG_055065.1	574	2	0
NG_055063.1	3297	12	0
NG_055048.1	3213	10	0
NG_055036.1	3309	9	0
NG_055033.1	3315	7	0
NG_055032.1	3315	3	0
NG_055031.1	3301	43	0
NG_055030.1	3272	40	0
NG_055029.1	3277	11	0
NG_055028.1	3276	11	0
NG_054834.1	865	1	0
NG_054831.1	3230	14	0
NG_054830.1	3198	9	0
NG_054819.1	3183	34	0
NG_054805.1	3284	30	0
NG_054804.1	3284	25	0
NG_042731.1	1023	1	0
NG_042730.1	808	1	0
NG_042703.1	1320	1	0
NG_042695.1	1789	1888	0
NG_042694.1	1788	3005	0
NG_042693.1	1795	971	0
NG_042692.1	1781	3619	0
NG_042668.1	1344	1	0
NG_042660.1	965	1	0
NG_042649.1	3385	1005	0
NG_042648.1	3094	850	0
NG_042647.1	3263	205	0
NG_042646.1	3262	14	0
NG_042645.1	3222	5	0
NG_042644.1	3246	17	0
NG_042643.1	3234	8	0
NG_042642.1	3219	26	0
NG_042641.1	3217	26	0
NG_042640.1	3261	37	0
NG_042639.1	3266	35	0
NG_042638.1	3255	35	0
NG_042637.1	3256	33	0
NG_042636.1	3260	36	0
NG_042635.1	3259	34	0
NG_042634.1	3260	12	0
NG_042633.1	3251	19	0
NG_042632.1	3253	44	0
NG_042631.1	3199	843	0
NG_042630.1	3271	39	0
NG_042629.1	3279	39	0
NG_042628.1	3278	11	0
NG_042627.1	3243	11	0
NG_042626.1	3266	4	0
NG_042625.1	3278	15	0
NG_042624.1	3282	30	0
NG_042623.1	3284	16	0
NG_042622.1	3312	119	0
NG_042621.1	3298	8	0
NG_042610.1	1350	5	0
NG_042608.1	1349	1	0
NG_042607.1	1350	12	0
NG_042596.1	1423	162	0
NG_042578.1	836	1	0
NG_042570.1	1429	10	0
NG_042569.1	1429	5	0
NG_042566.1	1428	1	0
NG_042549.1	1429	2	0
NG_042548.1	1428	1	0
NG_042547.1	1429	2	0
NG_042543.1	1398	5	0
NG_042542.1	1372	103	0
NG_042540.1	1406	2	0
NG_042538.1	1429	2	0
NG_042528.1	3268	38	0
NG_042527.1	2990	40	0
NG_042524.1	3678	262	0
NG_042523.1	1395	14	0
NG_042521.1	1769	23	0
NG_042480.1	600	15	0
NG_042479.1	1102	3	0
NG_042478.1	1074	8	0
NG_042464.1	1371	112	0
NG_042446.1	3238	589	0
NG_042445.1	3211	26	0
NG_042444.1	3212	38	0
NG_042439.1	3260	20	0
NG_042438.1	3251	24	0
NG_042437.1	3261	21	0
NG_042436.1	3619	134	0
NG_042435.1	3255	140	0
NG_042434.1	3255	153	0
NG_042433.1	3807	147	0
NG_042432.1	3271	16	0
NG_042431.1	3710	18	0
NG_042430.1	3687	21	0
NG_042429.1	3701	11	0
NG_042428.1	3250	36	0
NG_042427.1	3256	10	0
NG_042426.1	3256	16	0
NG_042425.1	4685	1	0
NG_042424.1	3235	21	0
NG_042415.1	3162	155	0
NG_042414.1	3334	227	0
NG_042406.1	1813	1	0
NG_042325.1	1282	1	0
NG_027648.1	3459	516	0
NG_027646.1	2771	654	0
NG_027645.1	3237	26	0
NG_027634.1	1184	5	0
NG_027618.1	3799	1206	0
NG_027616.1	3270	254	0
NG_027613.1	3188	294	0
NG_027611.1	1394	1	0
NG_027595.1	1409	1	0
NG_027568.1	1157	229	0
NG_027567.1	3255	2757	0
NG_027564.1	3237	146	0
NG_027561.1	3189	353	0
NG_027560.1	4318	420	0
NG_060249.1	3172	528	0
NG_060070.1	969	2	0
NG_060069.1	3174	210	0
NG_060067.1	984	43	0
NG_059912.1	958	59	0
NG_059518.1	3062	210	0
NG_059517.1	3072	508	0
NG_057023.1	942	1	0
NG_060630.1	1399	16	0
NG_027623.1	3134	182	0
NG_060251.1	2970	265	0
NG_060250.1	3180	28	0
NG_060831.1	862	5	0
NG_060818.1	907	3	0
NG_060805.1	705	1	0
NG_060796.1	908	1	0
NG_060795.1	1381	2	0
NG_060688.1	1289	6	0
NG_060687.1	1353	8	0
NG_060686.1	920	2	0
NG_060684.1	1459	14	0
NG_060676.1	860	1	0
NG_060672.1	865	1	0
NG_060671.1	865	1	0
NG_060665.1	971	10	0
NG_060656.1	959	186	0
NG_060655.1	961	1199	0
NG_060654.1	964	387	0
NG_060650.1	1341	4	0
NG_060649.1	1335	11	0
NG_060648.1	1329	14	0
NG_060646.1	1338	25	0
NG_060645.1	1359	5	0
NG_060642.1	1319	24	0
NG_060639.1	1148	4	0
NG_060638.1	1366	3	0
NG_060637.1	1364	7	0
NG_060635.1	1354	5	0
NG_060633.1	1039	1	0
NG_060624.1	1412	4	0
NG_060621.1	886	16	0
NG_060154.1	1365	1	0
NG_060153.1	1392	558	0
NG_057277.1	924	4	0
NG_060398.1	1295	18	0
NG_060397.1	1242	34	0
NG_060438.1	1313	1	0
NG_060430.1	1402	2	0
NG_060429.1	1402	7	0
NG_060425.1	1296	8	0
NG_060423.1	1292	8	0
NG_060420.1	2073	168	0
NG_060417.1	1356	5	0
NG_060415.1	870	13	0
NG_060413.1	1355	5	0
NG_060405.1	1451	21	0
NG_060402.1	1045	16	0
NG_060400.1	2969	394	0
NG_060393.1	743	6	0
NG_060391.1	1043	1	0
NG_060381.1	3260	35	0
NG_060380.1	3253	43	0
NG_060379.1	3075	23	0
NG_060362.1	704	4	0
NG_060346.1	1349	2	0
NG_060338.1	1386	1	0
NG_060327.1	935	1	0
NG_060310.1	1384	73	0
NG_060304.1	1397	7	0
NG_060302.1	835	1	0
NG_060298.1	1350	4	0
NG_060285.1	940	3	0
NG_060284.1	900	107	0
NG_060267.1	1118	119	0
NG_060265.1	1039	1	0
NG_060258.1	862	48	0
NG_060241.1	675	1	0
NG_060179.1	1392	11	0
NG_060178.1	1379	6	0
NG_060163.1	1393	9	0
NG_060151.1	865	1	0
NG_060150.1	652	4	0
NG_060147.1	875	52	0
NG_060133.1	927	1	0
NG_060131.1	1347	2	0
NG_060130.1	1347	4	0
NG_060129.1	1341	5	0
NG_060128.1	1345	2	0
NG_060115.1	856	3	0
NG_060114.1	1381	6	0
NG_060102.1	1387	6	0
NG_060100.1	1377	5	0
NG_060095.1	1442	1	0
NG_060075.1	3083	13	0
NG_060074.1	3061	22	0
NG_060072.1	886	37	0
NG_060068.1	819	54	0
NG_060064.1	1074	12	0
NG_060022.1	1408	51	0
NG_060017.1	938	16	0
NG_060016.1	1315	4	0
NG_060013.1	1204	75	0
NG_060012.1	1339	4	0
NG_060003.1	1361	13	0
NG_059999.1	891	2	0
NG_059998.1	910	1	0
NG_059982.1	882	1	0
NG_059978.1	953	1	0
NG_059970.1	1364	1	0
NG_059960.1	1312	1	0
NG_059948.1	1386	5	0
NG_059947.1	1342	40	0
NG_059916.1	3265	42	0
NG_059915.1	3254	75	0
NG_055326.1	3221	6	0
NG_059855.1	907	2	0
NG_059841.1	901	16	0
NG_059828.1	902	2	0
NG_059825.1	1247	1	0
NG_059824.1	1253	1	0
NG_059707.1	722	1	0
NG_059700.1	849	1	0
NG_059647.1	987	5	0
NG_059641.1	1040	2	0
NG_059622.1	840	1	0
NG_059606.1	901	4	0
NG_059605.1	1306	37	0
NG_059586.1	895	1	0
NG_059538.1	961	19	0
NG_059522.1	1328	1	0
NG_059503.1	1053	1	0
NG_059499.1	1405	9	0
NG_059490.1	912	2	0
NG_059476.1	1298	1	0
NG_059471.1	849	1	0
NG_059465.1	872	45	0
NG_059464.1	871	3	0
NG_059445.1	1071	28	0
NG_059444.1	1340	1	0
NG_059434.1	1398	7	0
NG_059395.1	1311	1	0
NG_059389.1	1302	1	0
NG_055327.1	3211	51	0
NG_055325.1	3224	50	0
NG_042330.1	1285	1	0
NG_059268.1	1371	3	0
NG_059266.1	889	2	0
NG_059265.1	888	1370	0
NG_059255.1	792	1	0
NG_059232.1	1051	1	0
NG_059216.1	944	2	0
NG_059179.1	935	4	0
NG_059167.1	836	2	0
NG_059156.1	963	3	0
NG_059154.1	655	1	0
NG_059141.1	862	1	0
NG_059131.1	1319	1	0
NG_059112.1	1320	1	0
NG_059106.1	1150	5	0
NG_059105.1	1154	3	0
NG_059093.1	917	1	0
NG_059076.1	3295	245	0
NG_059062.1	1284	1	0
NG_059042.1	892	341	0
NG_059034.1	1315	1	0
NG_059030.1	1305	1	0
NG_059026.1	985	6	0
NG_058981.1	837	5	0
NG_058960.1	1269	1	0
NG_058953.1	1386	15	0
NG_058951.1	1314	11	0
NG_058950.1	1305	20	0
NG_058940.1	859	5	0
NG_058939.1	858	1	0
NG_058937.1	1255	1	0
NG_058936.1	1393	23	0
NG_058931.1	1305	38	0
NG_058918.1	819	3	0
NG_058908.1	2165	1	0
NG_058886.1	950	6	0
NG_058885.1	921	2	0
NG_058872.1	966	1	0
NG_058868.1	1397	9	0
NG_058856.1	1400	20	0
NG_058845.1	1372	3	0
NG_058837.1	943	1	0
NG_058829.1	932	1	0
NG_058816.1	1274	16	0
NG_058811.1	712	1	0
NG_058804.1	952	4	0
NG_058801.1	953	365	0
NG_058799.1	955	12	0
NG_058797.1	902	1	0
NG_058796.1	933	4	0
NG_058795.1	942	1	0
NG_058794.1	940	2	0
NG_058793.1	954	2	0
NG_058792.1	938	4	0
NG_058789.1	956	8	0
NG_058788.1	949	1	0
NG_058786.1	951	2	0
NG_058783.1	955	3	0
NG_058782.1	3290	354	0
NG_058776.1	1407	292	0
NG_058755.1	3255	26	0
NG_058754.1	3255	28	0
NG_058753.1	3262	14	0
NG_058752.1	3250	23	0
NG_058751.1	3250	21	0
NG_058750.1	3254	8	0
NG_058749.1	3258	19	0
NG_058748.1	3257	20	0
NG_058747.1	3273	25	0
NG_058746.1	1459	3	0
NG_058712.1	784	1	0
NG_058704.1	919	1	0
NG_058701.1	684	100	0
NG_058684.1	906	5	0
NG_058683.1	890	2	0
NG_058682.1	847	1	0
NG_058677.1	1329	1	0
NG_058670.1	941	1	0
NG_058656.1	1182	7	0
NG_058630.1	3329	13	0
NG_058629.1	3261	10	0
NG_058628.1	3336	44	0
NG_058606.1	1385	10	0
NG_058599.1	934	2	0
NG_058598.1	863	1	0
NG_058597.1	1342	19	0
NG_058595.1	842	2	0
NG_058593.1	870	204	0
NG_058591.1	871	3	0
NG_058590.1	871	5	0
NG_058589.1	870	2	0
NG_058588.1	870	1	0
NG_058581.1	1338	1	0
NG_058580.1	1339	6	0
NG_058579.1	1341	6	0
NG_058578.1	1015	1	0
NG_058577.1	882	1	0
NG_058576.1	885	22	0
NG_058575.1	885	23	0
NG_058574.1	885	21	0
NG_058573.1	885	18	0
NG_058548.1	1425	61	0
NG_058542.1	1413	1	0
NG_058443.1	782	2	0
NG_058406.1	703	1	0
NG_058403.1	978	26	0
NG_058401.1	678	1	0
NG_058372.1	939	1	0
NG_058352.1	658	734	0
NG_058350.1	639	2	0
NG_058345.1	680	8	0
NG_058333.1	921	1	0
NG_058318.1	931	1	0
NG_058198.1	1205	7	0
NG_058157.1	1350	6	0
NG_058156.1	1350	4	0
NG_058037.1	1067	3	0
NG_058035.1	1067	2	0
NG_058034.1	1067	1	0
NG_058032.1	1066	1	0
NG_058031.1	1067	4	0
NG_058029.1	1329	1	0
NG_058028.1	1843	13	0
NG_058012.1	1343	5	0
NG_057974.1	988	1	0
NG_057972.1	1435	1	0
NG_057971.1	1434	2	0
NG_057910.1	954	109	0
NG_057902.1	1430	13	0
NG_057901.1	1430	1	0
NG_057897.1	1429	2	0
NG_057895.1	1429	2	0
NG_057887.1	931	2	0
NG_057880.1	588	3	0
NG_057879.1	586	6	0
NG_057855.1	3279	2078	0
NG_057854.1	4009	158	0
NG_057848.1	3299	289	0
NG_057840.1	1357	1	0
NG_057838.1	1327	1	0
NG_057836.1	1327	1	0
NG_057810.1	1353	1	0
NG_057808.1	1338	1	0
NG_057798.1	1329	1	0
NG_057796.1	1367	3	0
NG_057777.1	3283	289	0
NG_057774.1	3286	401	0
NG_057772.1	3296	229	0
NG_057771.1	1720	19	0
NG_057732.1	1432	6	0
NG_057725.1	1305	7	0
NG_057662.1	627	15	0
NG_057287.1	818	1	0
NG_057283.1	899	5	0
NG_057273.1	1429	34	0
NG_057272.1	1389	22	0
NG_057271.1	938	1	0
NG_057270.1	1434	29	0
NG_057269.1	1437	6	0
NG_057268.1	1424	159	0
NG_057267.1	1395	39	0
NG_057266.1	1431	18	0
NG_057265.1	1418	37	0
NG_057264.1	1360	18	0
NG_057262.1	1396	40	0
NG_057261.1	1397	18	0
NG_057258.1	1358	24	0
NG_057257.1	1429	31	0
NG_057256.1	1387	8	0
NG_057255.1	1384	37	0
NG_057254.1	944	2	0
NG_057253.1	936	3	0
NG_057252.1	1364	86	0
NG_057251.1	945	3	0
NG_057250.1	1088	8	0
NG_057249.1	1389	33	0
NG_057247.1	1403	101	0
NG_057246.1	1427	188	0
NG_057245.1	1436	98	0
NG_057244.1	1389	27	0
NG_057243.1	1448	26	0
NG_057242.1	1301	16	0
NG_057241.1	1387	42	0
NG_057240.1	1419	16	0
NG_057239.1	1389	38	0
NG_057238.1	1442	22	0
NG_057237.1	1028	9	0
NG_057236.1	1395	28	0
NG_057235.1	1351	50	0
NG_057234.1	1389	16	0
NG_057228.1	906	1	0
NG_057227.1	1429	196	0
NG_057226.1	1386	76	0
NG_057225.1	1381	6	0
NG_057224.1	911	3	0
NG_057223.1	1398	10	0
NG_057222.1	1352	46	0
NG_057221.1	1424	54	0
NG_057220.1	1312	38	0
NG_057219.1	1363	15	0
NG_057218.1	1429	20	0
NG_057217.1	1397	30	0
NG_057216.1	1361	25	0
NG_057215.1	1420	31	0
NG_057214.1	1385	78	0
NG_057213.1	1426	32	0
NG_057212.1	1383	40	0
NG_057211.1	939	2	0
NG_057210.1	1421	439	0
NG_057209.1	1386	31	0
NG_057208.1	1428	38	0
NG_057207.1	929	1	0
NG_057206.1	1422	28	0
NG_057205.1	1387	19	0
NG_057204.1	1385	31	0
NG_057203.1	1425	25	0
NG_057202.1	1385	44	0
NG_057201.1	1354	35	0
NG_057199.1	1425	171	0
NG_057198.1	1421	45	0
NG_057197.1	1433	26	0
NG_057195.1	1432	765	0
NG_057194.1	884	2	0
NG_057193.1	1442	109	0
NG_057191.1	1427	23	0
NG_057190.1	1430	595	0
NG_057189.1	1430	38	0
NG_057178.1	3253	16	0
NG_057177.1	3253	25	0
NG_057176.1	3254	10	0
NG_057175.1	3254	5	0
NG_057174.1	3258	13	0
NG_057173.1	3254	5	0
NG_057172.1	3250	6	0
NG_057171.1	3249	5	0
NG_057170.1	3251	52	0
NG_057169.1	3256	64	0
NG_057168.1	3253	62	0
NG_057167.1	3255	39	0
NG_057166.1	3259	43	0
NG_057165.1	3261	64	0
NG_057164.1	3255	45	0
NG_057163.1	3282	53	0
NG_057162.1	3299	43	0
NG_057161.1	3264	23	0
NG_057160.1	3267	55	0
NG_057159.1	3267	36	0
NG_057158.1	3273	47	0
NG_057145.1	715	4	0
NG_057140.1	1314	1	0
NG_057128.1	927	1	0
NG_057120.1	603	1	0
NG_057107.1	878	1	0
NG_057106.1	873	1	0
NG_057098.1	1344	3	0
NG_057072.1	839	1	0
NG_057067.1	1349	2954	0
NG_057066.1	1374	4	0
NG_057065.1	1388	6	0
NG_057062.1	1454	236	0
NG_057061.1	1442	416	0
NG_057053.1	808	1	0
NG_057043.1	1392	26	0
NG_057042.1	968	71	0
NG_057041.1	1388	10	0
NG_057038.1	864	1	0
NG_057020.1	1309	151	0
NG_057015.1	1389	2	0
NG_057012.1	1247	1	0
NG_056999.1	988	14	0
NG_056968.1	3289	291	0
NG_056956.1	619	98	0
NG_056290.1	1270	1	0
NG_056278.1	3263	1454	0
NG_056272.1	626	1	0
NG_056269.1	628	50	0
NG_042761.1	1797	1	0
NG_042733.1	936	1	0
