NR_178171.1	585	1	0
NR_178170.1	621	2	0
NR_178162.1	700	1	0
NR_178141.1	628	7	0
NR_178118.1	696	3	0
NR_130279.1	616	1	0
NR_177631.1	646	2	0
NR_177627.1	643	1	0
NR_177617.1	998	1	0
NR_177573.1	661	1	0
NR_177568.1	701	1	0
NR_177510.1	634	1	0
NR_177505.1	733	1	0
NR_177500.1	630	1	0
NR_177469.1	660	1	0
NR_177458.1	784	3833	0
NR_177455.1	633	1	0
NR_177181.1	963	18	0
NR_177176.1	784	222	0
NR_177164.1	563	1	0
NR_177137.1	548	15	0
NR_176699.1	685	2	0
NR_176698.1	704	2	0
NR_176695.1	684	1	0
NR_160812.1	547	1	0
NR_171230.1	623	1	0
NR_175700.1	716	843	0
NR_176182.1	591	1	0
NR_176181.1	592	1	0
NR_176176.1	719	1	0
NR_176132.1	680	1	0
NR_176108.1	665	3	0
NR_173078.1	669	1	0
NR_157969.1	735	1	0
NR_157946.1	674	1	0
NR_153050.1	726	2	0
NR_130313.1	724	2	0
NR_130297.1	648	1	0
NR_130286.1	724	2	0
NR_130252.1	699	1	0
NR_130239.1	729	1	0
NR_130234.1	681	1	0
NR_130219.1	699	1	0
NR_120301.1	557	3205	0
NR_175760.1	600	2	0
NR_175702.1	696	1	0
NR_175696.1	711	2	0
NR_175660.1	652	2	0
NR_175633.1	747	33	0
NR_175625.1	636	1	0
NR_175251.1	706	3	0
NR_175250.1	681	1	0
NR_157855.1	640	3	0
NR_153068.1	716	1	0
NR_153016.1	701	1	0
NR_137120.1	705	1	0
NR_130253.1	685	1	0
NR_175186.1	571	104	0
NR_175183.1	653	50	0
NR_175179.1	625	1	0
NR_175152.1	733	2	0
NR_175147.1	843	1	0
NR_175127.1	706	2	0
NR_175107.1	602	1	0
NR_175105.1	750	1	0
NR_175101.1	641	154	0
NR_175095.1	778	209	0
NR_175026.1	531	1	0
NR_174924.1	593	2	0
NR_174900.1	744	252	0
NR_174858.1	763	1	0
NR_174855.1	738	1	0
NR_174826.1	589	1	0
NR_174821.1	644	1	0
NR_174819.1	628	11	0
NR_174818.1	620	8	0
NR_174803.1	726	2	0
NR_174799.1	760	4	0
NR_174798.1	753	8	0
NR_174797.1	776	4	0
NR_174796.1	778	3	0
NR_174794.1	780	8	0
NR_174793.1	781	6	0
NR_174792.1	780	4	0
NR_174791.1	736	2	0
NR_174790.1	813	4	0
NR_174779.1	703	2	0
NR_174777.1	715	1	0
NR_174769.1	780	1	0
NR_174764.1	759	1	0
NR_174762.1	748	2	0
NR_174761.1	732	3	0
NR_174760.1	735	5	0
NR_174758.1	674	1	0
NR_174757.1	632	1	0
NR_174756.1	610	4	0
NR_174737.1	632	2	0
NR_174734.1	710	1	0
NR_174733.1	677	151	0
NR_174732.1	667	177	0
NR_174731.1	671	1	0
NR_174730.1	594	191	0
NR_174729.1	649	2	0
NR_174724.1	651	1	0
NR_171710.1	722	1	0
NR_171256.1	633	2	0
NR_174668.1	667	1	0
NR_174658.1	702	1	0
NR_174052.1	661	1620	0
NR_174051.1	660	1663	0
NR_174035.1	689	1	0
NR_174034.1	793	2	0
NR_164277.1	756	5896	0
NR_173976.1	657	1	0
NR_173973.1	760	3	0
NR_173972.1	721	9	0
NR_173967.1	732	3	0
NR_173939.1	689	2031	0
NR_173938.1	780	3	0
NR_173911.1	629	1	0
NR_173904.1	692	7	0
NR_173881.1	617	254	0
NR_173878.1	628	129	0
NR_173877.1	697	5	0
NR_173875.1	670	1	0
NR_173874.1	735	1546	0
NR_173873.1	650	2	0
NR_173872.1	675	525	0
NR_173861.1	710	3	0
NR_173850.1	685	1	0
NR_173834.1	723	1	0
NR_173826.1	731	2	0
NR_173802.1	681	1	0
NR_173793.1	748	801	0
NR_173787.1	723	2	0
NR_173737.1	780	2	0
NR_173726.1	695	108	0
NR_173706.1	741	2	0
NR_173483.1	482	1	0
NR_173429.1	683	2	0
NR_173428.1	634	3	0
NR_173427.1	637	4	0
NR_173404.1	686	1	0
NR_173403.1	678	1	0
NR_119473.1	642	789	0
NR_137743.1	463	27	0
NR_137742.1	488	25	0
NR_173316.1	479	12	0
NR_173315.1	625	4	0
NR_173313.1	531	2	0
NR_173308.1	572	1	0
NR_173224.1	769	1	0
NR_173219.1	607	4	0
NR_173217.1	757	1	0
NR_173216.1	785	2	0
NR_173189.1	791	276	0
NR_173188.1	1016	211	0
NR_173077.1	656	1	0
NR_173000.1	657	1	0
NR_172995.1	636	10	0
NR_172976.1	576	1	0
NR_172974.1	518	102	0
NR_172806.1	679	2	0
NR_172792.1	707	2	0
NR_172782.1	806	5272	0
NR_172780.1	698	1	0
NR_172768.1	614	1	0
NR_172546.1	572	1	0
NR_172427.1	806	3	0
NR_153597.1	609	302	0
NR_137144.1	584	1	0
NR_119591.1	573	2	0
NR_172361.1	745	1	0
NR_172258.1	572	4	0
NR_172245.1	756	1	0
NR_172241.1	742	1	0
NR_172227.1	722	246	0
NR_172178.1	621	1	0
NR_172177.1	602	2	0
NR_172175.1	596	2	0
NR_172174.1	570	2	0
NR_120312.1	602	17	0
NR_172002.1	689	2	0
NR_171960.1	631	1	0
NR_171948.1	588	1	0
NR_171915.1	747	1	0
NR_171869.1	618	6	0
NR_171754.1	706	1	0
NR_171751.1	708	2	0
NR_171746.1	679	1	0
NR_171714.1	679	1	0
NR_171709.1	786	1	0
NR_171607.1	750	2	0
NR_171600.1	565	1	0
NR_171265.1	671	1	0
NR_171373.1	677	1	0
NR_171354.1	686	1	0
NR_171330.1	593	2	0
NR_171321.1	583	4	0
NR_171267.1	976	247	0
NR_171255.1	681	2	0
NR_171251.1	574	1	0
NR_171211.1	584	2	0
NR_171210.1	612	2	0
NR_171160.1	569	4	0
NR_171159.1	578	9	0
NR_171147.1	562	3	0
NR_171145.1	616	1	0
NR_171144.1	608	4	0
NR_171139.1	622	5	0
NR_145301.1	603	1	0
NR_170740.1	751	4	0
NR_170738.1	815	7	0
NR_170723.1	675	1	0
NR_160131.1	620	1	0
NR_170026.1	632	1	0
NR_169943.1	675	1	0
NR_169890.1	526	1	0
NR_169974.1	641	4	0
NR_169938.1	728	1	0
NR_169668.1	795	3	0
NR_168751.1	703	1	0
NR_168750.1	699	4	0
NR_158374.1	667	278	0
NR_147521.1	633	1	0
NR_120088.1	705	1	0
NR_168425.1	687	1	0
NR_168422.1	605	1	0
NR_168410.1	606	1	0
NR_168142.1	715	1	0
NR_166037.1	662	175	0
NR_132835.1	653	1	0
NR_166385.1	565	1	0
NR_166302.1	780	43	0
NR_166282.1	702	1	0
NR_166278.1	704	106	0
NR_166237.1	641	907	0
NR_165965.1	624	1	0
NR_160610.1	697	5	0
NR_166034.1	650	1	0
NR_121520.1	692	597	0
NR_165523.1	619	1	0
NR_165223.1	592	1	0
NR_165200.1	829	1	0
NR_120266.2	605	14	0
NR_119780.1	673	1	0
NR_119777.1	711	1	0
NR_119557.1	580	287	0
NR_164613.1	833	11	0
NR_164612.1	639	1	0
NR_164539.1	666	6	0
NR_164382.1	430	1	0
NR_164377.1	507	1	0
NR_164263.1	652	1	0
NR_164292.1	705	4	0
NR_164278.1	690	2	0
NR_164269.1	640	2	0
NR_164253.1	827	1	0
NR_164045.1	735	841	0
NR_164014.1	718	1	0
NR_137870.1	614	2	0
NR_154704.1	668	4	0
NR_154667.1	666	10	0
NR_154604.1	656	2	0
NR_154391.1	832	1	0
NR_153863.1	801	175	0
NR_152977.1	741	1	0
NR_152951.1	572	1	0
NR_152948.1	626	7	0
NR_149337.1	641	1	0
NR_145359.1	558	1	0
NR_145292.1	684	1	0
NR_145287.1	582	1	0
NR_145276.1	600	14	0
NR_132908.1	564	2	0
NR_132841.1	647	2	0
NR_132054.1	1092	242	0
NR_126116.1	639	10	0
NR_121437.1	681	1	0
NR_121432.1	645	2	0
NR_121407.1	661	1	0
NR_121406.1	664	1	0
NR_121404.1	662	1	0
NR_121403.1	665	1	0
NR_121401.1	672	1	0
NR_121400.1	692	69	0
NR_121398.1	691	80	0
NR_121395.1	691	96	0
NR_121394.1	689	76	0
NR_121393.1	689	94	0
NR_121391.1	690	81	0
NR_121390.1	694	81	0
NR_121388.1	694	81	0
NR_121387.1	691	84	0
NR_121385.1	664	2	0
NR_121360.1	641	1	0
NR_121339.1	804	224	0
NR_121280.1	651	1	0
NR_120007.1	665	1	0
NR_119652.1	668	281	0
NR_119650.1	681	278	0
NR_119648.1	853	2	0
NR_119647.1	521	6	0
NR_119644.1	713	292	0
NR_119595.1	544	1	0
NR_119592.1	565	1	0
NR_119590.1	749	275	0
NR_119555.1	747	3	0
NR_119554.1	824	167	0
NR_119543.1	814	1	0
NR_111692.1	591	1	0
NR_111683.1	616	1	0
NR_111660.1	597	1	0
NR_111659.1	582	1	0
NR_111658.1	636	4	0
NR_103644.1	558	1	0
NR_103642.1	585	1	0
NR_103633.1	636	1	0
NR_103630.1	654	1	0
NR_103629.1	628	1	0
NR_103626.1	626	8	0
NR_077169.1	664	14	0
NR_163533.1	662	3	0
NR_163354.1	683	1	0
NR_163315.1	693	5	0
NR_163298.1	698	3	0
NR_163297.1	689	1	0
NR_163283.1	673	1	0
NR_153999.1	777	1	0
NR_161043.1	732	1	0
NR_161039.1	740	1	0
NR_160985.1	400	1	0
NR_130681.1	459	1	0
NR_160644.1	475	1	0
NR_160629.1	565	1	0
NR_160587.1	699	1	0
NR_160570.1	635	2	0
NR_160568.1	638	137	0
NR_160463.1	707	1	0
NR_160459.1	834	2	0
NR_160454.1	680	219	0
NR_160330.1	684	22	0
NR_160261.1	782	1	0
NR_160239.1	807	2	0
NR_160139.1	692	1	0
NR_159832.1	686	136	0
NR_159831.1	704	132	0
NR_159823.1	725	1	0
NR_119915.2	663	1	0
NR_119394.2	655	2	0
NR_121542.1	712	3178	0
NR_121541.1	587	2	0
NR_121532.1	682	1	0
NR_121504.1	759	1	0
NR_121458.1	797	2	0
NR_121347.1	685	3	0
NR_121307.1	592	2	0
NR_121306.1	593	7	0
NR_121301.1	589	3	0
NR_121270.1	773	1	0
NR_121198.1	656	2	0
NR_120174.1	727	3	0
NR_120168.1	631	225	0
NR_120167.1	624	242	0
NR_120166.1	655	220	0
NR_120051.1	564	2	0
NR_120035.1	609	123	0
NR_120025.1	850	5	0
NR_119999.1	555	1	0
NR_119998.1	664	1	0
NR_119993.1	572	1	0
NR_119975.1	746	1	0
NR_119968.1	687	148	0
NR_119946.1	702	1	0
NR_119945.1	691	1	0
NR_119929.1	580	3	0
NR_119911.1	605	1	0
NR_119790.1	725	2	0
NR_119786.1	672	1	0
NR_119772.1	671	1	0
NR_119766.1	658	272	0
NR_119764.1	732	247	0
NR_119743.1	556	3	0
NR_119723.1	606	145	0
NR_119695.1	698	27	0
NR_119691.1	646	35	0
NR_119690.1	629	39	0
NR_119664.1	758	2	0
NR_119654.1	692	1	0
NR_119646.1	746	2	0
NR_119633.1	573	1	0
NR_119618.1	709	1	0
NR_119614.1	448	1	0
NR_119594.1	645	1	0
NR_119559.1	755	1	0
NR_119475.1	632	1	0
NR_119449.1	686	2	0
NR_119448.1	615	2	0
NR_119439.1	697	2	0
NR_111528.1	563	2	0
NR_111527.1	569	2	0
NR_111346.1	708	2	0
NR_111226.1	636	2	0
NR_103585.1	711	2	0
NR_073342.1	567	1	0
NR_073308.1	629	1	0
NR_073306.1	633	1	0
NR_159611.1	556	2	0
NR_159583.1	619	1	0
NR_159061.1	684	36	0
NR_159054.1	713	1	0
NR_159036.1	557	1	0
NR_155318.1	638	1	0
NR_154113.1	697	1	0
NR_153241.1	636	2	0
NR_152366.1	691	1	0
NR_158943.1	580	3	0
NR_158906.1	752	1	0
NR_158879.1	753	2	0
NR_158525.1	500	2080	0
NR_158491.1	654	1	0
NR_158485.1	766	14	0
NR_158461.1	862	274	0
NR_158460.1	695	6614	0
NR_158430.1	624	1	0
NR_158333.1	639	132	0
NR_158306.1	643	3	0
NR_158299.1	762	5	0
NR_157920.1	728	2	0
NR_157915.1	645	114	0
NR_157899.1	670	1	0
NR_157486.1	769	2	0
NR_156553.1	1045	3	0
NR_156363.1	658	1	0
NR_156332.1	666	1	0
NR_156245.1	621	6	0
NR_152971.1	740	1	0
NR_152964.1	754	1	0
NR_156661.1	595	1	0
NR_156539.1	668	2	0
NR_156518.1	655	1	0
NR_156200.1	488	1	0
NR_156194.1	703	2	0
NR_156193.1	720	1	0
NR_155964.1	701	1	0
NR_155933.1	575	1930	0
NR_155910.1	661	115	0
NR_155847.1	501	1	0
NR_155846.1	625	1	0
NR_155807.1	625	2	0
NR_155795.1	589	1	0
NR_155788.1	761	1	0
NR_155731.1	591	1	0
NR_155707.1	609	1	0
NR_155368.1	707	2	0
NR_155358.1	691	1	0
NR_155164.1	567	1	0
NR_155110.1	690	1	0
NR_155027.1	711	1	0
NR_155020.1	595	389	0
NR_155011.1	401	1	0
NR_151793.1	359	1	0
NR_154880.1	572	1	0
NR_154793.1	659	1	0
NR_154767.1	667	2	0
NR_154691.1	585	1	0
NR_154680.1	694	1	0
NR_154669.1	892	139	0
NR_154534.1	579	12	0
NR_154533.1	577	7	0
NR_154494.1	701	2	0
NR_154470.1	699	4	0
NR_154357.1	505	1	0
NR_154354.1	600	203	0
NR_154301.1	645	1	0
NR_154251.1	605	4	0
NR_154250.1	596	1	0
NR_154249.1	619	3	0
NR_154222.1	475	1	0
NR_154207.1	528	1	0
NR_154200.1	596	2	0
NR_154168.1	694	1	0
NR_154149.1	609	1	0
NR_154119.1	675	16	0
NR_154112.1	645	2	0
NR_154021.1	723	5	0
NR_154000.1	684	117	0
NR_131987.1	596	2	0
NR_153644.1	504	1	0
NR_153639.1	559	2	0
NR_153636.1	556	2	0
NR_153577.1	633	152	0
NR_153553.1	648	418	0
NR_153525.1	717	834	0
NR_153482.1	543	116	0
NR_153458.1	694	2	0
NR_153449.1	677	120	0
NR_153079.1	651	1	0
NR_153062.1	624	1	0
NR_153040.1	690	99	0
NR_153039.1	682	114	0
NR_144998.1	689	1	0
NR_132848.1	774	1	0
NR_130212.1	669	126	0
NR_153029.1	613	106	0
NR_152996.1	664	1	0
NR_152907.1	690	1	0
NR_152489.1	559	2	0
NR_152485.1	658	1	0
NR_152324.1	705	3	0
NR_151797.1	628	1	0
NR_151770.1	663	1	0
NR_151761.1	656	1	0
NR_151759.1	665	1	0
NR_148111.1	612	1	0
NR_148109.1	667	2	0
NR_148108.1	706	3	0
NR_147663.1	602	1	0
NR_147659.1	657	2587	0
NR_147657.1	682	3	0
NR_147654.1	641	1	0
NR_147528.1	744	373	0
NR_145382.1	875	2	0
NR_144901.1	637	335	0
NR_144883.1	766	1	0
NR_144812.1	632	1	0
NR_126138.2	491	1	0
NR_138411.1	617	14	0
NR_138401.1	694	1	0
NR_138395.1	692	1	0
NR_138387.1	684	2	0
NR_138297.1	534	1	0
NR_138234.1	641	1	0
NR_138220.1	469	32	0
NR_137829.1	788	1	0
NR_137126.1	635	1	0
NR_137109.1	578	2	0
NR_132860.1	683	1	0
NR_132836.1	641	1	0
NR_132834.1	780	1	0
NR_132830.1	768	6	0
NR_126147.1	705	1	0
NR_126117.1	594	2	0
NR_151753.1	733	1	0
NR_148070.1	769	1	0
NR_144810.1	567	1	0
NR_137795.1	787	1	0
NR_137794.1	669	1	0
NR_137085.1	679	1	0
NR_131891.1	605	336	0
NR_131832.1	625	1	0
NR_131798.1	705	128	0
NR_153300.1	651	1	0
NR_153299.1	645	12	0
NR_153295.1	642	1	0
NR_153232.1	756	1	0
NR_153173.1	676	1084	0
NR_153161.1	583	3	0
NR_153159.1	620	1	0
NR_153151.1	693	1117	0
NR_153139.1	709	1138	0
NR_153135.1	748	112	0
NR_148101.1	604	1	0
NR_147539.1	634	1	0
NR_137730.1	473	1	0
NR_137710.1	803	8	0
NR_137106.1	641	1	0
NR_137105.1	637	2	0
NR_137088.1	721	1	0
NR_137021.1	682	2	0
NR_137009.1	676	1	0
NR_136956.1	625	7	0
NR_135395.1	616	1	0
NR_135325.1	619	2	0
NR_152348.1	724	1109	0
NR_152347.1	748	1	0
NR_138392.1	710	2	0
