NG_088149.1	1402	14	0
NG_088148.1	1379	8	0
NG_088147.1	1387	19	0
NG_088146.1	1391	48	0
NG_088141.1	1334	11	0
NG_079683.1	1329	71	0
NG_070839.1	908	1	0
NG_088360.1	859	60	0
NG_088358.1	881	1	0
NG_088352.1	1372	64	0
NG_088318.1	1333	2	0
NG_088317.1	1342	132	0
NG_088316.1	1344	84	0
NG_088315.1	1344	90	0
NG_088313.1	879	1	0
NG_088311.1	1350	2101	0
NG_088310.1	1360	33	0
NG_088309.1	1348	3	0
NG_088307.1	1379	162	0
NG_088306.1	1388	8	0
NG_088305.1	1378	9	0
NG_088304.1	1384	12	0
NG_088302.1	920	1	0
NG_088298.1	1345	74	0
NG_088294.1	810	9	0
NG_088291.1	862	38	0
NG_088285.1	1339	22	0
NG_088282.1	868	1564	0
NG_088281.1	912	1	0
NG_088262.1	1379	2	0
NG_088261.1	1338	2	0
NG_088258.1	1348	2	0
NG_088257.1	1355	2	0
NG_088253.1	1385	72	0
NG_088239.1	1350	47	0
NG_088237.1	1337	13	0
NG_088236.1	1283	9	0
NG_088235.1	1344	10	0
NG_088234.1	1389	9	0
NG_088232.1	929	38	0
NG_088231.1	892	4	0
NG_088230.1	1391	23	0
NG_088229.1	1390	163	0
NG_088218.1	949	1	0
NG_088215.1	1384	9	0
NG_088214.1	1389	38	0
NG_088213.1	1390	69	0
NG_088210.1	888	5	0
NG_088209.1	1368	1	0
NG_088203.1	1275	108	0
NG_088202.1	1336	18	0
NG_088198.1	1392	80	0
NG_088197.1	1334	7	0
NG_088196.1	1334	14	0
NG_088195.1	1345	12	0
NG_088186.1	1353	25	0
NG_088185.1	970	203	0
NG_088184.1	968	2	0
NG_088179.1	1344	64	0
NG_088174.1	621	9	0
NG_088159.1	1393	13	0
NG_088157.1	1310	2	0
NG_088152.1	945	55	0
NG_088150.1	925	31	0
NG_088142.1	1390	16	0
NG_088140.1	1355	63	0
NG_088139.1	860	2	0
NG_088124.1	847	36	0
NG_088122.1	1310	11	0
NG_088121.1	908	1	0
NG_088120.1	1065	1	0
NG_088108.1	1355	31	0
NG_088106.1	946	1	0
NG_088104.1	1206	8	0
NG_088103.1	1354	64	0
NG_088095.1	1265	3	0
NG_088085.1	917	1	0
NG_088083.1	1297	105	0
NG_088069.1	867	3	0
NG_088062.1	1347	19	0
NG_088061.1	1344	62	0
NG_088060.1	1334	78	0
NG_088049.1	1146	5	0
NG_088042.1	1299	9	0
NG_088041.1	1291	27	0
NG_088040.1	1291	20	0
NG_088039.1	1288	21	0
NG_088038.1	836	5	0
NG_088037.1	828	13529	0
NG_088036.1	863	2	0
NG_088035.1	874	2	0
NG_088027.1	1315	2	0
NG_088025.1	1350	11	0
NG_088020.1	1280	97	0
NG_088019.1	614	4	0
NG_088018.1	1314	52	0
NG_088017.1	1364	21	0
NG_088016.1	1431	111	0
NG_064334.1	882	3	0
NG_064326.1	893	3	0
NG_070816.1	916	2	0
NG_058141.1	1380	1	0
NG_058014.1	1330	1	0
NG_058013.1	1350	1	0
NG_081545.1	848	1	0
NG_081529.1	907	6	0
NG_081516.1	1286	7	0
NG_081515.1	948	2	0
NG_081514.1	849	43	0
NG_081479.1	1303	1	0
NG_081469.1	665	214	0
NG_081464.1	847	87	0
NG_081451.1	845	1	0
NG_081447.1	871	1	0
NG_081296.1	899	6	0
NG_081284.1	1330	50	0
NG_081283.1	950	1	0
NG_081282.1	946	9	0
NG_081281.1	944	4	0
NG_081280.1	944	26	0
NG_081279.1	944	12	0
NG_081278.1	821	1	0
NG_081277.1	836	4	0
NG_081276.1	846	1	0
NG_075323.1	897	8	0
NG_066422.1	968	1	0
NG_060409.1	1367	9	0
NG_060408.1	1375	10	0
NG_077388.1	922	5	0
NG_077386.1	915	5	0
NG_074502.1	937	31	0
NG_069325.1	1325	146	0
NG_069113.1	873	23	0
NG_069112.1	874	32	0
NG_068872.1	1283	91	0
NG_068871.1	1281	185	0
NG_068870.1	1255	123	0
NG_068869.1	1289	84	0
NG_068734.1	1347	13	0
NG_067783.1	941	4	0
NG_064340.1	885	1	0
NG_064336.1	889	2	0
NG_064332.1	877	22	0
NG_064324.1	885	5	0
NG_059107.1	1349	56	0
NG_058907.1	939	8	0
NG_058839.1	882	24	0
NG_058803.1	954	6	0
NG_058802.1	953	114	0
NG_058800.1	951	9	0
NG_058798.1	954	13	0
NG_058791.1	952	17	0
NG_058790.1	926	7	0
NG_058785.1	954	24	0
NG_058784.1	963	14	0
NG_042652.1	1344	15	0
NG_042651.1	1342	8	0
NG_042609.1	1347	60	0
NG_079710.1	1346	13	0
NG_079709.1	1340	15	0
NG_079708.1	918	9	0
NG_079707.1	1380	16	0
NG_079706.1	1324	399	0
NG_079702.1	956	1	0
NG_079701.1	943	2	0
NG_079698.1	908	1	0
NG_079693.1	881	52	0
NG_079692.1	884	24	0
NG_079691.1	883	115	0
NG_079690.1	886	2	0
NG_079689.1	884	95	0
NG_079687.1	1373	113	0
NG_079686.1	1288	69	0
NG_079685.1	1316	187	0
NG_079684.1	1344	81	0
NG_079674.1	1383	2	0
NG_079671.1	1349	12	0
NG_079661.1	1326	8	0
NG_079658.1	1404	16	0
NG_079646.1	1380	1	0
NG_079643.1	875	1	0
NG_079640.1	1316	104	0
NG_079639.1	1033	2	0
NG_079638.1	1297	13	0
NG_079637.1	1265	7	0
NG_079636.1	1291	44	0
NG_079635.1	1297	4	0
NG_079634.1	1291	23	0
NG_079633.1	1291	30	0
NG_079632.1	1291	37	0
NG_079631.1	1137	18	0
NG_079630.1	1290	33	0
NG_079628.1	800	2	0
NG_079626.1	1350	62	0
NG_079565.1	835	1	0
NG_079564.1	836	3	0
NG_079560.1	862	1	0
NG_079559.1	838	3	0
NG_079546.1	848	2	0
NG_079525.1	876	47	0
NG_067775.1	1435	5	0
NG_078691.1	937	5	0
NG_078690.1	1279	1	0
NG_078681.1	921	137	0
NG_078678.1	946	29	0
NG_078676.1	942	1	0
NG_078675.1	931	1	0
NG_078668.1	942	8	0
NG_078658.1	848	3	0
NG_078652.1	876	3	0
NG_078648.1	909	2	0
NG_078640.1	1278	144	0
NG_078637.1	1391	55	0
NG_078635.1	869	4	0
NG_078634.1	880	8	0
NG_078632.1	941	11	0
NG_064005.1	931	68	0
NG_077394.1	900	2	0
NG_077393.1	906	74	0
NG_077389.1	865	5	0
NG_077387.1	773	23	0
NG_060382.1	3250	76	0
NG_054840.1	529	2	0
NG_054796.1	529	4	0
NG_066352.1	3183	44	0
NG_064396.1	907	8	0
NG_060406.1	1379	583	0
NG_060083.1	781	2	0
NG_059228.1	569	3	0
NG_055354.1	3283	2969	0
NG_076697.1	924	8	0
NG_070418.1	1279	1	0
NG_068638.1	1197	1	0
NG_067902.1	814	1	0
NG_058139.1	1375	1	0
NG_055355.1	3269	140	0
NG_067823.1	878	3	0
NG_075433.1	480	3	0
NG_075429.1	1356	1	0
NG_075401.1	807	1	0
NG_075399.1	878	6	0
NG_075397.1	1339	11	0
NG_075396.1	1357	61	0
NG_075373.1	873	9	0
NG_075371.1	842	3	0
NG_075370.1	871	4	0
NG_075369.1	873	5	0
NG_075351.1	858	19	0
NG_075348.1	1730	22	0
NG_075347.1	1313	1	0
NG_075344.1	880	1	0
NG_075343.1	902	9	0
NG_075342.1	1431	2	0
NG_075341.1	1367	137	0
NG_075339.1	899	1	0
NG_075336.1	1361	52	0
NG_075330.1	1388	13	0
NG_075329.1	1396	13	0
NG_075322.1	1356	9	0
NG_075321.1	868	5	0
NG_075320.1	1389	14	0
NG_075319.1	1341	37	0
NG_075318.1	1349	10	0
NG_075315.1	1348	59	0
NG_075311.1	1341	102	0
NG_075310.1	1339	7	0
NG_075309.1	1303	1	0
NG_075308.1	1277	1	0
NG_075306.1	935	11	0
NG_075305.1	907	2	0
NG_075304.1	935	9	0
NG_075303.1	935	10	0
NG_075300.1	3106	24	0
NG_075289.1	897	6	0
NG_075288.1	1382	16	0
NG_075283.1	1395	7	0
NG_075246.1	1307	18	0
NG_075245.1	626	4	0
NG_075238.1	979	1	0
NG_075235.1	1352	2	0
NG_075234.1	794	5	0
NG_075232.1	1347	29	0
NG_075231.1	1346	14	0
NG_075230.1	1332	89	0
NG_075214.1	1340	66	0
NG_075213.1	1342	67	0
NG_075212.1	1345	22	0
NG_075209.1	1325	13	0
NG_075207.1	1353	9	0
NG_075206.1	1343	17	0
NG_075201.1	1044	14	0
NG_075187.1	1378	35	0
NG_075185.1	1350	52	0
NG_075184.1	1349	58	0
NG_075183.1	1347	20	0
NG_075182.1	1350	71	0
NG_075181.1	1352	52	0
NG_075180.1	1350	65	0
NG_075179.1	586	19	0
NG_075178.1	1374	57	0
NG_075168.1	1305	3	0
NG_075167.1	1338	109	0
NG_075166.1	1392	3	0
NG_075165.1	1353	1	0
NG_075164.1	1325	1	0
NG_075163.1	1389	77	0
NG_075161.1	3224	74	0
NG_075155.1	1301	260	0
NG_058996.1	655	2	0
NG_027566.1	3087	400	0
NG_074504.1	1280	65	0
NG_074503.1	937	13	0
NG_074501.1	936	10	0
NG_074474.1	910	124	0
NG_074473.1	917	108	0
NG_074472.1	894	134	0
NG_074471.1	1018	1281	0
NG_074468.1	849	1	0
NG_074467.1	979	51	0
NG_074457.1	1038	2757	0
NG_074456.1	1051	2	0
NG_074455.1	1055	17	0
NG_074454.1	877	39	0
NG_074433.1	1227	1	0
NG_057674.1	1078	21	0
NG_064487.1	863	2	0
NG_057852.1	3295	1337	0
NG_073828.1	882	1	0
NG_073827.1	884	204	0
NG_073822.1	926	2	0
NG_073819.1	1291	1	0
NG_073786.1	911	10	0
NG_073785.1	835	6	0
NG_073765.1	822	3	0
NG_073762.1	1344	8	0
NG_073753.1	891	39	0
NG_073750.1	892	1	0
NG_073694.1	868	1	0
NG_073693.1	894	1	0
NG_073692.1	951	19	0
NG_073689.1	1233	1	0
NG_073672.1	1101	6	0
NG_073670.1	1107	2	0
NG_073666.1	934	1	0
NG_073643.1	836	1	0
NG_073625.1	903	3	0
NG_073613.1	879	1	0
NG_073610.1	905	64	0
NG_073606.1	940	1	0
NG_073602.1	863	1	0
NG_073598.1	1339	165	0
NG_073595.1	1385	141	0
NG_073589.1	1342	1	0
NG_073581.1	1333	12	0
NG_073580.1	954	4	0
NG_073626.1	888	30	0
NG_068774.1	863	1	0
NG_064432.1	1259	1	0
NG_060125.1	1375	579	0
NG_071251.1	915	1	0
NG_071250.1	917	12	0
NG_071249.1	863	4	0
NG_071246.1	1272	106	0
NG_071245.1	1326	304	0
NG_071244.1	1023	2	0
NG_071239.1	876	1	0
NG_071238.1	994	2	0
NG_071234.1	683	6	0
NG_071232.1	574	9	0
NG_068816.1	900	15	0
NG_070934.1	811	16	0
NG_070933.1	856	23	0
NG_070932.1	831	18	0
NG_070931.1	869	34	0
NG_070922.1	820	14	0
NG_070522.1	1435	8	0
NG_059812.1	1305	1	0
NG_057945.1	1459	6	0
NG_057900.1	1429	11	0
NG_057899.1	1405	8	0
NG_057898.1	1429	11	0
NG_057896.1	1028	1	0
NG_042568.1	1429	6	0
NG_042564.1	1258	15	0
NG_042560.1	1428	10	0
NG_042556.1	1430	8	0
NG_042555.1	1382	10	0
NG_042554.1	1401	11	0
NG_042550.1	1429	14	0
NG_042539.1	1429	3	0
NG_070846.1	1317	1	0
NG_070844.1	1329	58	0
NG_070841.1	943	8	0
NG_070836.1	988	35	0
NG_070832.1	1298	16	0
NG_070823.1	1359	11	0
NG_070819.1	912	1	0
NG_070811.1	1386	53	0
NG_070810.1	1389	10	0
NG_070809.1	1046	65	0
NG_070815.1	872	18	0
NG_070812.1	944	10	0
NG_070583.1	1327	1	0
NG_070558.1	966	13	0
NG_070553.1	935	18	0
NG_070552.1	936	5	0
NG_070512.1	3248	89	0
NG_070508.1	630	1	0
NG_070502.1	1319	141	0
NG_070500.1	871	2	0
NG_060647.1	1379	41	0
NG_070475.1	1207	1	0
NG_070446.1	1326	1	0
NG_070391.1	1436	68	0
NG_070365.1	1305	1	0
NG_070361.1	1327	1	0
NG_070356.1	1315	40	0
NG_070392.1	1436	71	0
NG_068542.1	1334	67	0
NG_068541.1	1393	68	0
NG_070096.1	965	1	0
NG_070009.1	846	1	0
NG_069998.1	895	1	0
NG_069965.1	898	1	0
NG_069961.1	908	1	0
NG_069948.1	899	1	0
NG_069912.1	1327	1	0
NG_069864.1	1327	1	0
NG_069851.1	856	1	0
NG_069819.1	1327	4	0
NG_069795.1	1327	1	0
NG_069784.1	1327	1	0
NG_069782.1	1327	1	0
NG_069776.1	1327	2	0
NG_069627.1	907	1	0
NG_069608.1	915	2	0
NG_069607.1	897	1	0
NG_069555.1	1327	1	0
NG_069471.1	1315	3	0
NG_069470.1	1315	1	0
NG_069453.1	865	1	0
NG_069445.1	960	1	0
NG_069441.1	951	1	0
NG_069419.1	942	28	0
NG_069418.1	935	45	0
NG_069415.1	908	1	0
NG_069413.1	931	2	0
NG_069409.1	937	11	0
NG_069386.1	1172	1	0
NG_069385.1	1322	1	0
NG_069369.1	1305	26	0
NG_069368.1	1302	16	0
NG_069330.1	1695	1	0
NG_069324.1	885	146	0
NG_069323.1	871	54	0
NG_069322.1	870	59	0
NG_069275.1	886	7	0
NG_069264.1	868	130	0
NG_069172.1	855	2	0
NG_069171.1	874	1	0
NG_069156.1	823	1	0
NG_069151.1	2040	40	0
NG_069150.1	2035	43	0
NG_069149.1	2029	52	0
NG_069119.1	1327	1	0
NG_069114.1	1293	61	0
NG_069109.1	1305	1	0
NG_069076.1	1248	1	0
NG_069075.1	623	1	0
NG_069074.1	628	3	0
NG_069071.1	1281	1	0
NG_069070.1	1281	2	0
NG_069067.1	1281	1	0
NG_069062.1	1281	2	0
NG_069061.1	1341	1	0
NG_069060.1	1327	1	0
NG_069056.1	1327	1	0
NG_069055.1	1327	2	0
NG_069054.1	1327	2	0
NG_069053.1	1327	2	0
NG_069051.1	1327	2	0
NG_069049.1	1327	1	0
NG_069046.1	1327	1	0
NG_069040.1	1327	1	0
NG_069039.1	1327	1	0
NG_069013.1	1351	1	0
NG_069012.1	1327	2	0
NG_069011.1	1327	2	0
NG_069004.1	3250	2669	0
NG_069003.1	3257	159	0
NG_068998.1	1274	3	0
NG_068995.1	791	1	0
NG_068994.1	791	1	0
NG_068990.1	844	1	0
NG_068987.1	1353	1	0
NG_068969.1	973	28	0
NG_068965.1	630	18	0
NG_068960.1	1312	1	0
NG_069826.1	1327	1	0
NG_069568.1	1300	1	0
NG_069069.1	1281	1	0
NG_069066.1	1281	1	0
NG_069041.1	1327	1	0
NG_069036.1	1327	1	0
NG_068968.1	973	12	0
NG_068782.1	1371	68	0
NG_068910.1	915	7	0
NG_068907.1	906	53	0
NG_068905.1	1194	2	0
NG_068904.1	1366	2	0
NG_068898.1	902	1	0
NG_068897.1	892	3	0
NG_068896.1	871	7	0
NG_068895.1	914	3	0
NG_068890.1	853	3	0
NG_068884.1	846	1	0
NG_068883.1	846	1	0
NG_068881.1	1378	80	0
NG_068876.1	1273	1	0
NG_068873.1	1287	9591	0
NG_068868.1	1293	55	0
NG_068867.1	1273	67	0
NG_068866.1	1348	17	0
NG_068861.1	947	25	0
NG_068860.1	1031	75	0
NG_068856.1	901	6	0
NG_068850.1	1312	543	0
NG_068846.1	1343	71	0
NG_068844.1	1304	9	0
NG_068843.1	1353	2	0
NG_068822.1	1372	42	0
NG_068821.1	1312	14	0
NG_068819.1	1279	1	0
NG_068814.1	1411	13	0
NG_068813.1	1401	7	0
NG_068811.1	1401	1	0
NG_068808.1	935	4	0
NG_068806.1	1381	53	0
NG_068805.1	1378	56	0
NG_068795.1	896	47	0
NG_068793.1	894	1231	0
NG_068788.1	1321	10	0
NG_068781.1	943	1	0
NG_068769.1	1385	23	0
NG_068766.1	1309	1	0
NG_068765.1	1397	41	0
NG_068764.1	1343	62	0
NG_068763.1	1362	23	0
NG_068759.1	1326	1	0
NG_068756.1	876	1	0
NG_068750.1	1420	13	0
NG_068747.1	2044	16	0
NG_068737.1	1397	51	0
NG_068658.1	832	817	0
NG_068655.1	1392	158	0
NG_068654.1	1389	175	0
NG_068632.1	1191	2	0
NG_068631.1	1193	1	0
NG_068585.1	1363	1	0
NG_068584.1	1351	1	0
NG_068583.1	1408	1	0
NG_068568.1	1391	9	0
NG_068564.1	1344	19	0
NG_068555.1	916	1	0
NG_068543.1	1394	52	0
NG_068538.1	1330	1	0
NG_068536.1	1386	19	0
NG_068534.1	1384	58	0
NG_068533.1	983	11	0
NG_068519.1	754	1	0
NG_068673.1	891	12	0
NG_059101.1	920	275	0
NG_058869.1	831	1	0
NG_055136.1	3235	249	0
NG_059967.1	2045	14	0
NG_058242.1	909	1	0
NG_057229.1	1390	85	0
NG_057016.1	2028	699	0
NG_068306.1	900	1	0
NG_068295.1	862	2	0
NG_068271.1	1350	12	0
NG_068289.1	1417	81	0
NG_068265.1	1368	36	0
NG_068252.1	2422	305	0
NG_068241.1	943	1	0
NG_066407.1	1353	84	0
NG_064382.1	902	8	0
NG_057276.1	935	28	0
NG_057274.1	870	157	0
NG_057263.1	869	1	0
NG_057260.1	1392	18	0
NG_057259.1	1407	260	0
NG_057248.1	1431	108	0
NG_057200.1	1428	609	0
NG_057196.1	1436	23	0
NG_057188.1	947	10	0
NG_060356.1	695	8	0
NG_042597.1	1429	252	0
NG_067838.1	971	109	0
NG_067824.1	1382	88	0
NG_067816.1	1369	106	0
NG_067812.1	753	1	0
NG_067810.1	951	46	0
NG_067800.1	1311	13	0
NG_067799.1	893	3	0
NG_067791.1	773	1	0
NG_067784.1	1359	2	0
NG_067777.1	853	5	0
NG_067865.1	710	1	0
NG_067832.1	607	1	0
NG_067822.1	1439	631	0
NG_067785.1	1371	51	0
NG_067776.1	1073	51	0
NG_067772.1	3257	291	0
NG_067565.1	1271	131	0
NG_067564.1	1290	103	0
NG_067559.1	1260	1	0
NG_058739.1	5088	411	0
NG_067450.1	901	1	0
NG_067445.1	1327	1	0
NG_067432.1	939	5	0
NG_067431.1	914	15	0
NG_067421.1	895	1	0
NG_067374.1	1327	1	0
NG_067373.1	1328	1	0
NG_067371.1	1017	1	0
NG_067315.1	937	14	0
NG_067314.1	935	54	0
NG_067306.1	1326	1	0
NG_067262.1	1326	1	0
NG_067260.1	1253	1	0
NG_067255.1	629	1	0
NG_059088.1	952	8	0
NG_059086.1	952	9	0
NG_058402.1	599	183	0
NG_066408.1	857	278	0
NG_059851.1	886	2	0
NG_066463.1	1995	128	0
NG_066462.1	564	3	0
NG_066454.1	881	1	0
NG_066446.1	883	4	0
NG_066443.1	1331	1	0
NG_066431.1	885	4	0
NG_066418.1	1389	9	0
NG_066405.1	957	65	0
NG_066400.1	935	8	0
NG_066387.1	1293	5212	0
NG_066385.1	758	1	0
NG_066384.1	643	2	0
NG_066373.1	982	2	0
NG_066355.1	3249	76	0
NG_066354.1	3259	157	0
NG_066353.1	3102	80	0
NG_066351.1	3592	38	0
NG_066350.1	3251	43	0
NG_066349.1	3228	54	0
NG_066348.1	5042	94	0
NG_066345.1	1250	27	0
NG_066340.1	864	2	0
NG_066339.1	772	1	0
NG_066337.1	865	2	0
NG_066336.1	876	1	0
NG_066254.1	936	1	0
NG_066247.1	943	1	0
NG_066184.1	932	176	0
NG_066172.1	1354	1	0
NG_066158.1	919	1	0
NG_066155.1	676	1	0
NG_066154.1	3243	538	0
NG_060640.1	1398	1	0
NG_064596.1	909	1	0
NG_064589.1	894	26	0
NG_064587.1	863	315	0
NG_064584.1	865	22	0
NG_064582.1	881	4	0
NG_064575.1	856	2	0
NG_064574.1	873	4	0
NG_064570.1	860	127	0
NG_064568.1	884	9	0
NG_064566.1	855	94	0
NG_064564.1	839	34	0
NG_064561.1	869	22	0
NG_064560.1	832	11	0
NG_064559.1	878	141	0
NG_064556.1	869	46	0
NG_064554.1	1296	1	0
NG_064537.1	890	1	0
NG_064533.1	956	1	0
NG_064505.1	916	1	0
NG_064500.1	846	3	0
NG_064499.1	866	8	0
NG_064480.1	1314	1	0
NG_064473.1	883	14	0
NG_064472.1	886	33	0
NG_064471.1	1218	2	0
NG_064464.1	912	6	0
NG_064441.1	966	11	0
NG_064440.1	964	8	0
NG_064439.1	967	6	0
NG_064438.1	952	230	0
NG_064437.1	950	10	0
NG_064436.1	948	57	0
NG_064435.1	941	10	0
NG_064434.1	956	5	0
NG_064433.1	956	6	0
NG_064491.1	661	21	0
NG_064489.1	1380	685	0
NG_064486.1	1128	4	0
NG_064483.1	728	1	0
NG_064481.1	904	6	0
NG_064470.1	867	1	0
NG_064468.1	867	1	0
NG_064445.1	1383	118	0
NG_064444.1	1425	87	0
NG_064426.1	872	1	0
NG_058513.1	1055	2	0
NG_064421.1	1239	30	0
NG_064418.1	1365	196	0
NG_064412.1	1344	13	0
NG_064411.1	1328	67	0
NG_064410.1	636	3	0
NG_064409.1	881	6	0
NG_064405.1	859	1	0
NG_064403.1	926	4	0
NG_064402.1	952	30	0
NG_064401.1	914	41	0
NG_064387.1	1374	14	0
NG_064386.1	1293	9	0
NG_064383.1	878	1	0
NG_064404.1	1120	45	0
NG_064389.1	950	1	0
NG_064365.1	936	1	0
NG_064355.1	1363	2	0
NG_064354.1	1374	69	0
NG_064353.1	927	10	0
NG_064348.1	1323	2	0
NG_064342.1	877	4	0
NG_064339.1	898	5	0
NG_064338.1	880	1	0
NG_064337.1	876	3	0
NG_064335.1	881	8	0
NG_064333.1	884	5	0
NG_064331.1	875	5	0
NG_064330.1	860	1	0
NG_064329.1	918	11	0
NG_064328.1	883	4	0
NG_064327.1	888	4	0
NG_064325.1	882	5	0
NG_064323.1	869	4	0
NG_064315.1	2846	189	0
NG_064313.1	3248	64	0
NG_064312.1	3260	88	0
NG_064306.1	943	3	0
NG_064305.1	865	5	0
NG_064265.1	914	1	0
NG_064264.1	889	1	0
NG_064234.1	942	1	0
NG_064233.1	951	1	0
NG_064179.1	926	1	0
NG_064172.1	947	1	0
NG_064171.1	942	6	0
NG_064161.1	906	2	0
NG_064140.1	1327	1	0
NG_064137.1	1329	2	0
NG_064126.1	935	19	0
NG_064121.1	932	2	0
NG_064102.1	1061	1	0
NG_064095.1	914	12	0
NG_064079.1	1061	1	0
NG_064059.1	940	7	0
NG_064050.1	903	5	0
NG_064040.1	938	1	0
NG_064018.1	866	1	0
NG_063987.1	962	22	0
NG_063966.1	939	7	0
NG_063948.1	1545	119	0
NG_042328.1	1291	1	0
NG_055737.1	1325	1	0
NG_055731.1	3250	48	0
NG_055729.1	1390	34	0
NG_055690.1	3298	46	0
NG_055395.1	3301	145	0
NG_055394.1	3280	53	0
NG_055393.1	3076	131	0
NG_055392.1	3308	141	0
NG_055391.1	3243	77	0
NG_055384.1	902	2	0
NG_055365.1	3272	66	0
NG_055364.1	3249	38	0
NG_055363.1	3282	24	0
NG_055362.1	3284	177	0
NG_055361.1	3290	102	0
NG_055360.1	3275	97	0
NG_055359.1	3238	68	0
NG_055358.1	3270	62	0
NG_055357.1	3238	57	0
NG_055353.1	4349	66	0
NG_055352.1	3285	357	0
NG_055351.1	4174	875	0
NG_055350.1	4553	392	0
NG_055349.1	4788	817	0
NG_055348.1	3265	819	0
NG_055347.1	3269	882	0
NG_055346.1	3282	292	0
NG_055345.1	3282	114	0
NG_055343.1	4469	24	0
NG_055342.1	3584	80	0
NG_055341.1	4578	61	0
NG_055340.1	3718	97	0
NG_055339.1	3244	220	0
NG_055338.1	3260	262	0
NG_055337.1	3664	122	0
NG_055336.1	3678	111	0
NG_055335.1	3265	71	0
NG_055334.1	3253	76	0
NG_055333.1	3659	478	0
NG_055332.1	4949	464	0
NG_055331.1	3244	17	0
NG_055330.1	3264	24	0
NG_055329.1	3257	46	0
NG_055328.1	3242	145	0
NG_055324.1	3258	139	0
NG_055323.1	3246	54	0
NG_055322.1	3207	69	0
NG_055321.1	3258	1686	0
NG_055320.1	3198	65	0
NG_055319.1	3205	24	0
NG_055303.1	527	1	0
NG_055214.1	3242	70	0
NG_055213.1	3241	95	0
NG_055211.1	3223	141	0
NG_055210.1	3242	51	0
NG_055202.1	3279	77	0
NG_055200.1	3260	61	0
NG_055199.1	3257	107	0
NG_055198.1	3257	69	0
NG_055197.1	3257	83	0
NG_055196.1	3231	117	0
NG_055195.1	3227	119	0
NG_055194.1	3225	122	0
NG_055193.1	3277	80	0
NG_055192.1	3278	126	0
NG_055191.1	3259	168	0
NG_055190.1	3270	477	0
NG_055189.1	4208	115	0
NG_055188.1	3269	100	0
NG_055187.1	3262	108	0
NG_055186.1	4439	76	0
NG_055185.1	3292	824	0
NG_055184.1	4689	272	0
NG_055183.1	3249	86	0
NG_055181.1	3663	114	0
NG_055180.1	3038	54	0
NG_055179.1	3231	74	0
NG_055168.1	2138	2	0
NG_055160.1	3278	119	0
NG_055159.1	3273	65	0
NG_055158.1	3282	64	0
NG_055157.1	3242	171	0
NG_055156.1	3243	115	0
NG_055154.1	3178	238	0
NG_055153.1	3180	111	0
NG_055152.1	3235	240	0
NG_055151.1	3237	215	0
NG_055150.1	3233	222	0
NG_055149.1	3181	199	0
NG_055148.1	3210	240	0
NG_055147.1	3187	218	0
NG_055146.1	3191	339	0
NG_055145.1	3229	237	0
NG_055144.1	3234	171	0
NG_055143.1	3234	355	0
NG_055142.1	3232	238	0
NG_055141.1	3211	364	0
NG_055140.1	3227	256	0
NG_055139.1	3226	168	0
NG_055138.1	3237	118	0
NG_055137.1	3230	299	0
NG_055135.1	3191	133	0
NG_055134.1	3232	156	0
NG_055133.1	3242	137	0
NG_055132.1	3238	177	0
NG_055131.1	3229	149	0
NG_055130.1	3258	162	0
NG_055129.1	3263	70	0
NG_055128.1	3209	99	0
NG_055127.1	3214	87	0
NG_055126.1	3270	51	0
NG_055125.1	3197	41	0
NG_055124.1	3321	55	0
NG_055122.1	3218	102	0
NG_055121.1	3218	124	0
NG_055120.1	3219	106	0
NG_055119.1	3220	55	0
NG_055118.1	3231	82	0
NG_055117.1	3208	112	0
NG_055116.1	3240	95	0
NG_055115.1	3233	88	0
NG_055114.1	3234	104	0
NG_055113.1	3252	55	0
NG_055112.1	3197	92	0
NG_055111.1	3199	87	0
NG_055110.1	3197	98	0
NG_055108.1	3166	282	0
NG_055107.1	3195	1580	0
NG_055106.1	3199	123	0
NG_055105.1	3199	167	0
NG_055104.1	3231	226	0
NG_055103.1	3169	61	0
NG_055102.1	3166	56	0
NG_055101.1	3159	54	0
NG_055100.1	3162	56	0
NG_055099.1	3160	46	0
NG_055098.1	3098	7635	0
NG_055097.1	3158	883	0
NG_055096.1	3157	172	0
NG_055084.1	531	1	0
NG_055065.1	574	2	0
NG_055063.1	3297	42	0
NG_055048.1	3213	40	0
NG_055036.1	3309	53	0
NG_055033.1	3315	52	0
NG_055032.1	3315	40	0
NG_055031.1	3301	147	0
NG_055030.1	3272	91	0
NG_055029.1	3277	35	0
NG_055028.1	3276	60	0
NG_054831.1	3230	76	0
NG_054830.1	3198	79	0
NG_054819.1	3183	156	0
NG_054805.1	3284	92	0
NG_054804.1	3284	99	0
NG_042715.1	1121	1	0
NG_042711.1	1317	1	0
NG_042710.1	1320	2	0
NG_042703.1	1320	2	0
NG_042701.1	1310	1	0
NG_042695.1	1789	6747	0
NG_042694.1	1788	10447	0
NG_042693.1	1795	3257	0
NG_042692.1	1781	13103	0
NG_042690.1	1251	1	0
NG_042666.1	1299	1	0
NG_042665.1	1344	1	0
NG_042664.1	1353	1	0
NG_042663.1	885	1	0
NG_042649.1	3385	3425	0
NG_042648.1	3094	2812	0
NG_042647.1	3263	637	0
NG_042646.1	3262	48	0
NG_042645.1	3222	24	0
NG_042644.1	3246	63	0
NG_042643.1	3234	32	0
NG_042642.1	3219	71	0
NG_042641.1	3217	80	0
NG_042640.1	3261	122	0
NG_042639.1	3266	123	0
NG_042638.1	3255	112	0
NG_042637.1	3256	141	0
NG_042636.1	3260	148	0
NG_042635.1	3259	130	0
NG_042634.1	3260	64	0
NG_042633.1	3251	76	0
NG_042632.1	3253	153	0
NG_042631.1	3199	2852	0
NG_042630.1	3271	152	0
NG_042629.1	3279	166	0
NG_042628.1	3278	33	0
NG_042627.1	3243	48	0
NG_042626.1	3266	17	0
NG_042625.1	3278	34	0
NG_042624.1	3282	108	0
NG_042623.1	3284	33	0
NG_042622.1	3312	418	0
NG_042621.1	3298	32	0
NG_042610.1	1350	8	0
NG_042608.1	1349	22	0
NG_042607.1	1350	77	0
NG_042604.1	1339	1	0
NG_042596.1	1423	555	0
NG_042579.1	871	1	0
NG_042570.1	1429	62	0
NG_042569.1	1429	8	0
NG_042566.1	1428	8	0
NG_042565.1	1356	7	0
NG_042563.1	1428	11	0
NG_042553.1	1424	10	0
NG_042549.1	1429	9	0
NG_042548.1	1428	10	0
NG_042547.1	1429	9	0
NG_042546.1	1030	1	0
NG_042545.1	916	1	0
NG_042543.1	1398	4	0
NG_042542.1	1372	258	0
NG_042540.1	1406	5	0
NG_042538.1	1429	5	0
NG_042532.1	616	1	0
NG_042528.1	3268	97	0
NG_042527.1	2990	164	0
NG_042524.1	3678	986	0
NG_042523.1	1395	69	0
NG_042521.1	1769	60	0
NG_042480.1	600	32	0
NG_042479.1	1102	15	0
NG_042478.1	1074	16	0
NG_042464.1	1371	435	0
NG_042450.1	880	1	0
NG_042446.1	3238	2028	0
NG_042445.1	3211	90	0
NG_042444.1	3212	140	0
NG_042439.1	3260	76	0
NG_042438.1	3251	70	0
NG_042437.1	3261	78	0
NG_042436.1	3619	516	0
NG_042435.1	3255	526	0
NG_042434.1	3255	514	0
NG_042433.1	3807	476	0
NG_042432.1	3271	50	0
NG_042431.1	3710	76	0
NG_042430.1	3687	75	0
NG_042429.1	3701	64	0
NG_042428.1	3250	71	0
NG_042427.1	3256	30	0
NG_042426.1	3256	69	0
NG_042425.1	4685	12	0
NG_042424.1	3235	65	0
NG_042415.1	3162	341	0
NG_042414.1	3334	733	0
NG_042406.1	1813	1	0
NG_042387.1	764	2	0
NG_042349.1	627	1	0
NG_042338.1	1292	3	0
NG_042332.1	1282	1	0
NG_042331.1	1282	1	0
NG_042327.1	1282	1	0
NG_042322.1	1282	1	0
NG_042321.1	1282	1	0
NG_042318.1	1315	2	0
NG_027648.1	3459	1941	0
NG_027646.1	2771	2451	0
NG_027645.1	3237	115	0
NG_027634.1	1184	12	0
NG_027618.1	3799	4348	0
NG_027616.1	3270	842	0
NG_027613.1	3188	917	0
NG_027611.1	1394	1	0
NG_027595.1	1409	3	0
NG_027568.1	1157	887	0
NG_027567.1	3255	9547	0
NG_027564.1	3237	557	0
NG_027561.1	3189	1349	0
NG_027560.1	4318	941	0
NG_057858.1	1327	1	0
NG_060249.1	3172	1927	0
NG_060070.1	969	1	0
NG_060069.1	3174	624	0
NG_060067.1	984	202	0
NG_059912.1	958	156	0
NG_059518.1	3062	730	0
NG_059517.1	3072	2116	0
NG_057757.1	1427	3	0
NG_057023.1	942	6	0
NG_060630.1	1399	40	0
NG_027623.1	3134	509	0
NG_060251.1	2970	700	0
NG_060250.1	3180	98	0
NG_060831.1	862	26	0
NG_060818.1	907	4	0
NG_060795.1	1381	11	0
NG_060689.1	1373	14	0
NG_060688.1	1289	22	0
NG_060687.1	1353	16	0
NG_060686.1	920	2	0
NG_060685.1	1322	4	0
NG_060684.1	1459	51	0
NG_060672.1	865	3	0
NG_060671.1	865	7	0
NG_060665.1	971	43	0
NG_060661.1	776	1	0
NG_060656.1	959	595	0
NG_060655.1	961	4168	0
NG_060654.1	964	1417	0
NG_060650.1	1341	16	0
NG_060649.1	1335	43	0
NG_060648.1	1329	60	0
NG_060646.1	1338	62	0
NG_060645.1	1359	34	0
NG_060642.1	1319	80	0
NG_060639.1	1148	19	0
NG_060638.1	1366	24	0
NG_060637.1	1364	25	0
NG_060635.1	1354	27	0
NG_060633.1	1039	3	0
NG_060632.1	1044	5	0
NG_060624.1	1412	7	0
NG_060154.1	1365	3	0
NG_060153.1	1392	1878	0
NG_057277.1	924	11	0
NG_060398.1	1295	69	0
NG_060397.1	1242	66	0
NG_059244.1	783	1	0
NG_059226.1	665	1	0
NG_060430.1	1402	1	0
NG_060429.1	1402	24	0
NG_060425.1	1296	17	0
NG_060423.1	1292	29	0
NG_060420.1	2073	591	0
NG_060417.1	1356	13	0
NG_060415.1	870	33	0
NG_060414.1	910	1	0
NG_060413.1	1355	14	0
NG_060411.1	867	1	0
NG_060410.1	877	3	0
NG_060405.1	1451	65	0
NG_060403.1	1308	2	0
NG_060402.1	1045	68	0
NG_060400.1	2969	1295	0
NG_060394.1	1329	1	0
NG_060393.1	743	5	0
NG_060391.1	1043	2	0
NG_060390.1	1043	7	0
NG_060387.1	977	1	0
NG_060384.1	917	1	0
NG_060381.1	3260	146	0
NG_060380.1	3253	147	0
NG_060379.1	3075	63	0
NG_060362.1	704	18	0
NG_060360.1	1233	1	0
NG_060346.1	1349	7	0
NG_060332.1	927	2	0
NG_060327.1	935	4	0
NG_060321.1	927	3	0
NG_060311.1	606	5	0
NG_060310.1	1384	177	0
NG_060305.1	946	1	0
NG_060304.1	1397	16	0
NG_060302.1	835	4	0
NG_060301.1	833	2	0
NG_060298.1	1350	6	0
NG_060288.1	919	1	0
NG_060285.1	940	7	0
NG_060284.1	900	362	0
NG_060271.1	943	3	0
NG_060267.1	1118	305	0
NG_060263.1	1097	2	0
NG_060258.1	862	157	0
NG_060257.1	1538	1	0
NG_060242.1	633	1	0
NG_060180.1	990	1	0
NG_060179.1	1392	43	0
NG_060178.1	1379	12	0
NG_060177.1	888	7	0
NG_060176.1	813	1	0
NG_060170.1	1030	1	0
NG_060163.1	1393	50	0
NG_060161.1	1355	2	0
NG_060150.1	652	5	0
NG_060149.1	1357	1	0
NG_060148.1	879	2	0
NG_060147.1	875	231	0
NG_060135.1	1999	1	0
NG_060133.1	927	7	0
NG_060131.1	1347	11	0
NG_060130.1	1347	9	0
NG_060129.1	1341	7	0
NG_060128.1	1345	11	0
NG_060124.1	850	2	0
NG_060117.1	1784	2	0
NG_060115.1	856	4	0
NG_060114.1	1381	9	0
NG_060102.1	1387	20	0
NG_060101.1	1387	20	0
NG_060100.1	1377	24	0
NG_060097.1	1441	1	0
NG_060095.1	1442	2	0
NG_060081.1	782	1	0
NG_060077.1	760	1	0
NG_060075.1	3083	74	0
NG_060074.1	3061	68	0
NG_060072.1	886	149	0
NG_060068.1	819	122	0
NG_060064.1	1074	69	0
NG_060023.1	979	1	0
NG_060022.1	1408	104	0
NG_060020.1	1342	6	0
NG_060019.1	1009	1	0
NG_060017.1	938	55	0
NG_060016.1	1315	4	0
NG_060013.1	1204	187	0
NG_060012.1	1339	11	0
NG_060010.1	1322	1	0
NG_060009.1	1322	1	0
NG_060003.1	1361	20	0
NG_059999.1	891	6	0
NG_059998.1	910	1	0
NG_059997.1	966	2	0
NG_059996.1	967	9	0
NG_059989.1	910	7	0
NG_059978.1	953	14	0
NG_059977.1	1378	2	0
NG_059970.1	1364	10	0
NG_059960.1	1312	4	0
NG_059959.1	1313	6	0
NG_059948.1	1386	8	0
NG_059947.1	1342	98	0
NG_059935.1	736	1	0
NG_059916.1	3265	131	0
NG_059915.1	3254	314	0
NG_055326.1	3221	12	0
NG_059855.1	907	4	0
NG_059854.1	842	5	0
NG_059841.1	901	50	0
NG_059828.1	902	4	0
NG_059825.1	1247	1	0
NG_059811.1	1291	1	0
NG_059810.1	1315	1	0
NG_059809.1	1321	1	0
NG_059808.1	1315	1	0
NG_059803.1	1292	1	0
NG_059799.1	1975	1	0
NG_059787.1	1226	1	0
NG_059778.1	1236	1	0
NG_059712.1	825	1	0
NG_059709.1	909	6	0
NG_059700.1	849	1	0
NG_059683.1	984	1	0
NG_059679.1	1311	3	0
NG_059656.1	1322	1	0
NG_059647.1	987	12	0
NG_059641.1	1040	2	0
NG_059640.1	1040	1	0
NG_059637.1	838	1	0
NG_059626.1	833	1	0
NG_059622.1	840	9	0
NG_059606.1	901	9	0
NG_059605.1	1306	85	0
NG_059582.1	914	2	0
NG_059571.1	1322	1	0
NG_059538.1	961	75	0
NG_059522.1	1328	3	0
NG_059516.1	905	1	0
NG_059499.1	1405	16	0
NG_059497.1	1803	1	0
NG_059490.1	912	5	0
NG_059471.1	849	3	0
NG_059465.1	872	178	0
NG_059464.1	871	7	0
NG_059445.1	1071	127	0
NG_059444.1	1340	2	0
NG_059434.1	1398	8	0
NG_059402.1	1309	2	0
NG_059400.1	1309	1	0
NG_059397.1	1306	1	0
NG_059395.1	1311	1	0
NG_059394.1	1289	3	0
NG_059391.1	1315	2	0
NG_059387.1	1285	1	0
NG_059386.1	1286	4	0
NG_059384.1	645	1	0
NG_056285.1	1400	2	0
NG_055327.1	3211	121	0
NG_055325.1	3224	180	0
NG_059268.1	1371	17	0
NG_059266.1	889	9	0
NG_059265.1	888	4636	0
NG_059255.1	792	1	0
NG_059248.1	870	1	0
NG_059216.1	944	3	0
NG_059205.1	1282	3	0
NG_059194.1	1306	5	0
NG_059193.1	1127	1	0
NG_059179.1	935	14	0
NG_059167.1	836	1	0
NG_059156.1	963	1	0
NG_059148.1	932	1	0
NG_059112.1	1320	19	0
NG_059106.1	1150	6	0
NG_059105.1	1154	10	0
NG_059102.1	920	1	0
NG_059093.1	917	1	0
NG_059076.1	3295	911	0
NG_059065.1	1331	1	0
NG_059062.1	1284	1	0
NG_059061.1	1289	1	0
NG_059049.1	803	1	0
NG_059042.1	892	1226	0
NG_059036.1	1315	1	0
NG_059035.1	1315	1	0
NG_059034.1	1315	1	0
NG_059033.1	1306	2	0
NG_059032.1	1307	1	0
NG_059030.1	1305	1	0
NG_059026.1	985	33	0
NG_059023.1	1226	1	0
NG_058990.1	938	5	0
NG_058981.1	837	10	0
NG_058967.1	1171	1	0
NG_058964.1	1169	1	0
NG_058962.1	796	1	0
NG_058953.1	1386	33	0
NG_058951.1	1314	35	0
NG_058950.1	1305	71	0
NG_058940.1	859	5	0
NG_058939.1	858	3	0
NG_058937.1	1255	17	0
NG_058936.1	1393	71	0
NG_058931.1	1305	114	0
NG_058918.1	819	7	0
NG_058909.1	1350	1	0
NG_058908.1	2165	12	0
NG_058887.1	912	2	0
NG_058886.1	950	9	0
NG_058885.1	921	12	0
NG_058876.1	849	1	0
NG_058872.1	966	21	0
NG_058868.1	1397	40	0
NG_058862.1	1320	1	0
NG_058861.1	832	1	0
NG_058856.1	1400	59	0
NG_058845.1	1372	10	0
NG_058836.1	906	3	0
NG_058821.1	1327	1	0
NG_058816.1	1274	70	0
NG_058804.1	952	14	0
NG_058801.1	953	1268	0
NG_058799.1	955	36	0
NG_058797.1	902	7	0
NG_058796.1	933	3	0
NG_058795.1	942	8	0
NG_058794.1	940	15	0
NG_058793.1	954	7	0
NG_058792.1	938	10	0
NG_058789.1	956	18	0
NG_058788.1	949	11	0
NG_058786.1	951	12	0
NG_058783.1	955	9	0
NG_058782.1	3290	1315	0
NG_058776.1	1407	884	0
NG_058757.1	886	1	0
NG_058755.1	3255	62	0
NG_058754.1	3255	85	0
NG_058753.1	3262	44	0
NG_058752.1	3250	52	0
NG_058751.1	3250	42	0
NG_058750.1	3254	35	0
NG_058749.1	3258	69	0
NG_058748.1	3257	59	0
NG_058747.1	3273	85	0
NG_058746.1	1459	3	0
NG_058743.1	993	1	0
NG_058742.1	1427	3	0
NG_058722.1	1312	1	0
NG_058716.1	1268	2	0
NG_058715.1	1268	1	0
NG_058712.1	784	1	0
NG_058704.1	919	3	0
NG_058701.1	684	333	0
NG_058686.1	1665	1	0
NG_058684.1	906	14	0
NG_058683.1	890	8	0
NG_058682.1	847	3	0
NG_058677.1	1329	3	0
NG_058656.1	1182	10	0
NG_058652.1	908	1	0
NG_058642.1	1326	1	0
NG_058641.1	1327	1	0
NG_058630.1	3329	41	0
NG_058629.1	3261	59	0
NG_058628.1	3336	163	0
NG_058627.1	1012	2	0
NG_058624.1	1179	1	0
NG_058623.1	1412	2	0
NG_058609.1	648	3	0
NG_058606.1	1385	18	0
NG_058599.1	934	10	0
NG_058598.1	863	1	0
NG_058597.1	1342	48	0
NG_058595.1	842	6	0
NG_058593.1	870	819	0
NG_058592.1	870	1	0
NG_058591.1	871	6	0
NG_058590.1	871	4	0
NG_058589.1	870	4	0
NG_058588.1	870	2	0
NG_058587.1	871	6	0
NG_058582.1	731	1	0
NG_058581.1	1338	10	0
NG_058580.1	1339	9	0
NG_058579.1	1341	8	0
NG_058577.1	882	4	0
NG_058576.1	885	58	0
NG_058575.1	885	57	0
NG_058574.1	885	50	0
NG_058573.1	885	48	0
NG_058572.1	885	4	0
NG_058557.1	1339	1	0
NG_058556.1	810	1	0
NG_058548.1	1425	255	0
NG_058542.1	1413	1	0
NG_058475.1	1289	1	0
NG_058466.1	1842	1	0
NG_058411.1	581	1	0
NG_058408.1	818	2	0
NG_058403.1	978	93	0
NG_058395.1	877	1	0
NG_058364.1	742	1	0
NG_058352.1	658	2359	0
NG_058350.1	639	4	0
NG_058345.1	680	45	0
NG_058343.1	864	2	0
NG_058291.1	668	4	0
NG_058277.1	656	2	0
NG_058203.1	1826	1	0
NG_058198.1	1205	2	0
NG_058157.1	1350	9	0
NG_058156.1	1350	15	0
NG_058038.1	1830	2	0
NG_058037.1	1067	9	0
NG_058035.1	1067	12	0
NG_058034.1	1067	6	0
NG_058033.1	1067	1	0
NG_058032.1	1066	4	0
NG_058031.1	1067	7	0
NG_058029.1	1329	1	0
NG_058028.1	1843	29	0
NG_058012.1	1343	19	0
NG_057984.1	790	1	0
NG_057974.1	988	2	0
NG_057971.1	1434	6	0
NG_057936.1	649	1	0
NG_057910.1	954	512	0
NG_057902.1	1430	51	0
NG_057901.1	1430	9	0
NG_057897.1	1429	8	0
NG_057895.1	1429	11	0
NG_057880.1	588	10	0
NG_057879.1	586	3	0
NG_057859.1	1281	1	0
NG_057855.1	3279	7467	0
NG_057854.1	4009	588	0
NG_057848.1	3299	974	0
NG_057836.1	1327	1	0
NG_057825.1	594	1	0
NG_057813.1	1356	2	0
NG_057798.1	1329	1	0
NG_057796.1	1367	11	0
NG_057777.1	3283	860	0
NG_057774.1	3286	1373	0
NG_057772.1	3296	912	0
NG_057771.1	1720	72	0
NG_057758.1	1426	1	0
NG_057750.1	1315	3	0
NG_057746.1	1289	1	0
NG_057736.1	1348	1	0
NG_057733.1	1441	3	0
NG_057732.1	1432	5	0
NG_057725.1	1305	9	0
NG_057723.1	593	1	0
NG_057720.1	801	1	0
NG_057709.1	1414	1	0
NG_057703.1	583	1	0
NG_057662.1	627	24	0
NG_057287.1	818	1	0
NG_057286.1	875	1	0
NG_057283.1	899	7	0
NG_057273.1	1429	109	0
NG_057272.1	1389	70	0
NG_057271.1	938	2	0
NG_057270.1	1434	109	0
NG_057269.1	1437	13	0
NG_057268.1	1424	553	0
NG_057267.1	1395	188	0
NG_057266.1	1431	78	0
NG_057265.1	1418	153	0
NG_057264.1	1360	77	0
NG_057262.1	1396	129	0
NG_057261.1	1397	64	0
NG_057258.1	1358	90	0
NG_057257.1	1429	88	0
NG_057256.1	1387	36	0
NG_057255.1	1384	131	0
NG_057254.1	944	3	0
NG_057253.1	936	8	0
NG_057252.1	1364	313	0
NG_057251.1	945	6	0
NG_057250.1	1088	19	0
NG_057249.1	1389	116	0
NG_057247.1	1403	384	0
NG_057246.1	1427	559	0
NG_057245.1	1436	384	0
NG_057244.1	1389	108	0
NG_057243.1	1448	98	0
NG_057242.1	1301	69	0
NG_057241.1	1387	123	0
NG_057240.1	1419	37	0
NG_057239.1	1389	120	0
NG_057238.1	1442	101	0
NG_057237.1	1028	39	0
NG_057236.1	1395	100	0
NG_057235.1	1351	149	0
NG_057234.1	1389	55	0
NG_057228.1	906	14	0
NG_057227.1	1429	585	0
NG_057226.1	1386	262	0
NG_057225.1	1381	16	0
NG_057224.1	911	3	0
NG_057223.1	1398	44	0
NG_057222.1	1352	139	0
NG_057221.1	1424	159	0
NG_057220.1	1312	120	0
NG_057219.1	1363	48	0
NG_057218.1	1429	124	0
NG_057217.1	1397	124	0
NG_057216.1	1361	107	0
NG_057215.1	1420	121	0
NG_057214.1	1385	241	0
NG_057213.1	1426	139	0
NG_057212.1	1383	143	0
NG_057211.1	939	5	0
NG_057210.1	1421	1543	0
NG_057209.1	1386	141	0
NG_057208.1	1428	128	0
NG_057207.1	929	6	0
NG_057206.1	1422	123	0
NG_057205.1	1387	56	0
NG_057204.1	1385	114	0
NG_057203.1	1425	113	0
NG_057202.1	1385	155	0
NG_057201.1	1354	100	0
NG_057199.1	1425	592	0
NG_057198.1	1421	132	0
NG_057197.1	1433	106	0
NG_057195.1	1432	2683	0
NG_057194.1	884	2	0
NG_057193.1	1442	401	0
NG_057191.1	1427	117	0
NG_057190.1	1430	2262	0
NG_057189.1	1430	163	0
NG_057178.1	3253	41	0
NG_057177.1	3253	126	0
NG_057176.1	3254	15	0
NG_057175.1	3254	19	0
NG_057174.1	3258	29	0
NG_057173.1	3254	18	0
NG_057172.1	3250	24	0
NG_057171.1	3249	13	0
NG_057170.1	3251	164	0
NG_057169.1	3256	156	0
NG_057168.1	3253	159	0
NG_057167.1	3255	155	0
NG_057166.1	3259	160	0
NG_057165.1	3261	167	0
NG_057164.1	3255	194	0
NG_057163.1	3282	170	0
NG_057162.1	3299	137	0
NG_057161.1	3264	63	0
NG_057160.1	3267	156	0
NG_057159.1	3267	155	0
NG_057158.1	3273	162	0
NG_057145.1	715	6	0
NG_057141.1	1309	2	0
NG_057138.1	1331	1	0
NG_057107.1	878	3	0
NG_057106.1	873	7	0
NG_057098.1	1344	8	0
NG_057091.1	1345	1	0
NG_057082.1	1348	1	0
NG_057072.1	839	1	0
NG_057069.1	860	1	0
NG_057067.1	1349	10080	0
NG_057066.1	1374	16	0
NG_057065.1	1388	12	0
NG_057062.1	1454	834	0
NG_057061.1	1442	1465	0
NG_057053.1	808	2	0
NG_057043.1	1392	40	0
NG_057042.1	968	284	0
NG_057041.1	1388	24	0
NG_057038.1	864	4	0
NG_057029.1	915	1	0
NG_057020.1	1309	643	0
NG_057019.1	824	1	0
NG_057015.1	1389	18	0
NG_056999.1	988	30	0
NG_056968.1	3289	1016	0
NG_056959.1	1326	1	0
NG_056956.1	619	281	0
NG_056937.1	1305	1	0
NG_056281.1	1071	4	0
NG_056278.1	3263	5283	0
NG_056272.1	626	2	0
NG_056269.1	628	152	0
NG_042733.1	936	2	0
