NG_087910.1	1026	627	0
NG_087909.1	1029	659	0
NG_087907.1	1001	2	0
NG_087906.1	1013	8	0
NG_087904.1	1117	1	0
NG_087891.1	1084	31	0
NG_087890.1	1084	22	0
NG_087889.1	1084	13	0
NG_087888.1	1084	20	0
NG_087887.1	1084	20	0
NG_087886.1	1071	32	0
NG_087885.1	1084	33	0
NG_087884.1	1084	36	0
NG_087883.1	1255	1	0
NG_087871.1	1009	47	0
NG_087870.1	1009	118	0
NG_087869.1	1009	120	0
NG_087868.1	1006	127	0
NG_062997.1	1699	1	0
NG_061019.1	1738	3	0
NG_081436.1	996	1	0
NG_081431.1	1136	638	0
NG_081430.1	1135	601	0
NG_081429.1	1127	675	0
NG_081428.1	1130	17	0
NG_081427.1	1128	25	0
NG_081424.1	1013	99	0
NG_081423.1	749	14	0
NG_081420.1	1028	19	0
NG_081419.1	1029	13	0
NG_081418.1	1018	14	0
NG_081417.1	1029	15	0
NG_081416.1	1027	11	0
NG_081412.1	1098	20	0
NG_081411.1	1071	12	0
NG_081410.1	1093	14	0
NG_081409.1	1134	19	0
NG_081398.1	1028	100	0
NG_081396.1	1664	4	0
NG_081383.1	1014	3	0
NG_081380.1	1645	383	0
NG_081377.1	1653	9	0
NG_081373.1	1020	1	0
NG_081366.1	1736	498	0
NG_081364.1	1737	2095	0
NG_065067.1	1010	99	0
NG_065066.1	1009	135	0
NG_070909.1	1026	1	0
NG_067668.1	1106	15	0
NG_067667.1	1106	18	0
NG_078770.1	1106	483	0
NG_078759.1	1015	1	0
NG_078757.1	1647	55	0
NG_078756.1	1595	12	0
NG_078755.1	1607	20	0
NG_078753.1	578	60	0
NG_078741.1	1765	420	0
NG_078738.1	1008	271	0
NG_078737.1	1007	17	0
NG_078736.1	894	9	0
NG_078735.1	1008	11	0
NG_078734.1	1008	18	0
NG_078733.1	1008	18	0
NG_078732.1	1008	15	0
NG_078728.1	1733	1	0
NG_078724.1	1782	894	0
NG_078723.1	1782	1	0
NG_065099.1	1008	20	0
NG_077449.1	1006	2	0
NG_077448.1	1128	139	0
NG_077447.1	1100	444	0
NG_077445.1	1001	4	0
NG_077444.1	1008	3	0
NG_077443.1	1000	1	0
NG_077442.1	985	1	0
NG_077440.1	996	35	0
NG_077431.1	1177	44	0
NG_077430.1	1014	1	0
NG_077429.1	1013	2	0
NG_077428.1	1030	3	0
NG_077427.1	1038	2	0
NG_077426.1	1029	1	0
NG_077425.1	1022	4	0
NG_077424.1	1032	2	0
NG_077423.1	1023	3	0
NG_077406.1	1594	24	0
NG_077405.1	1552	8	0
NG_077403.1	1718	1	0
NG_077399.1	1072	1	0
NG_077397.1	2045	2	0
NG_063443.1	1763	5	0
NG_063441.1	1763	1	0
NG_065501.1	1787	115	0
NG_076804.1	1013	1	0
NG_076803.1	1013	1	0
NG_076801.1	1013	2	0
NG_076800.1	1010	1	0
NG_076799.1	1005	1	0
NG_076794.1	1012	1	0
NG_076793.1	1012	1	0
NG_076787.1	1007	1	0
NG_076785.1	1013	2	0
NG_076784.1	1005	2	0
NG_076779.1	1011	1	0
NG_076770.1	1012	1	0
NG_076768.1	1013	3	0
NG_076767.1	1012	2	0
NG_076766.1	1013	1	0
NG_076763.1	1010	1	0
NG_076760.1	1011	1	0
NG_076757.1	1015	1	0
NG_017171.1	1771	4601	0
NG_074968.1	1102	14	0
NG_074967.1	985	17	0
NG_074961.1	1025	194	0
NG_074958.1	2084	1	0
NG_074957.1	991	11	0
NG_074914.1	1670	1	0
NG_074913.1	1669	1	0
NG_074908.1	1046	10	0
NG_074906.1	1625	3	0
NG_074905.1	1607	4	0
NG_074880.1	1024	1	0
NG_064992.1	1183	2	0
NG_073571.1	1084	15	0
NG_073570.1	1088	20	0
NG_073569.1	1084	122	0
NG_073567.1	1714	2	0
NG_073565.1	1673	1	0
NG_073563.1	1700	1	0
NG_073541.1	753	2	0
NG_073521.1	1654	33	0
NG_073520.1	1657	29	0
NG_073514.1	1028	4	0
NG_073511.1	987	1	0
NG_073510.1	1001	1	0
NG_073503.1	1686	2	0
NG_073502.1	1680	1	0
NG_073498.1	1737	23	0
NG_073497.1	1589	4	0
NG_073493.1	1771	2	0
NG_065069.1	1009	328	0
NG_070276.1	996	2	0
NG_070270.1	996	1	0
NG_070254.1	996	1	0
NG_070247.1	996	2	0
NG_070246.1	996	1	0
NG_070882.1	1802	12	0
NG_070881.1	1781	262	0
NG_070878.1	1761	193	0
NG_070877.1	1964	1282	0
NG_070875.1	1792	1388	0
NG_070874.1	1766	626	0
NG_070870.1	1371	1	0
NG_070868.1	1801	5	0
NG_070867.1	1810	1	0
NG_070864.1	1085	9	0
NG_070862.1	2650	7	0
NG_070860.1	1140	2	0
NG_070853.1	2071	2	0
NG_070850.1	1849	116	0
NG_070849.1	1741	2	0
NG_070847.1	1780	14	0
NG_070808.1	1738	1665	0
NG_070807.1	1686	7	0
NG_070806.1	1771	119	0
NG_070805.1	1771	114	0
NG_070804.1	1788	6	0
NG_070803.1	1787	4	0
NG_070801.1	1776	64	0
NG_070797.1	1774	2687	0
NG_070795.1	1696	2	0
NG_070794.1	1241	2	0
NG_070792.1	1718	1	0
NG_070697.1	1839	512	0
NG_070695.1	1592	8	0
NG_070694.1	1667	11	0
NG_070693.1	1698	13	0
NG_070692.1	1170	8	0
NG_070691.1	1731	12	0
NG_070690.1	1757	3	0
NG_070687.1	1770	8	0
NG_070686.1	1776	2	0
NG_070685.1	1760	7	0
NG_070641.1	1667	6	0
NG_070638.1	1772	430	0
NG_070637.1	1033	1	0
NG_070635.1	1741	301	0
NG_070634.1	1701	1	0
NG_070325.1	1029	4	0
NG_070324.1	1013	3	0
NG_070310.1	1640	1	0
NG_070309.1	1791	5	0
NG_070308.1	1640	2	0
NG_070307.1	1637	3	0
NG_070306.1	1641	2	0
NG_070305.1	1640	13	0
NG_070303.1	1641	1	0
NG_070292.1	1105	10	0
NG_070290.1	1674	1	0
NG_070289.1	1106	20	0
NG_070288.1	1106	16	0
NG_070287.1	1713	8	0
NG_070285.1	1673	1	0
NG_070283.1	1664	3	0
NG_070281.1	1809	4	0
NG_070279.1	1765	1	0
NG_070266.1	995	1	0
NG_070249.1	996	1	0
NG_070245.1	996	1	0
NG_070235.1	1750	1	0
NG_070233.1	1782	6	0
NG_070231.1	1762	2	0
NG_070132.1	741	53	0
NG_070131.1	1132	608	0
NG_070130.1	1126	523	0
NG_070129.1	1133	632	0
NG_070122.1	986	1	0
NG_070117.1	1663	5	0
NG_070115.1	1106	13	0
NG_070114.1	1011	3	0
NG_064857.1	2250	2	0
NG_063521.1	1753	3	0
NG_063015.1	1587	4	0
NG_068400.1	967	25	0
NG_068360.1	1739	115	0
NG_068429.1	999	5	0
NG_068424.1	1045	1	0
NG_068414.1	1690	1	0
NG_068396.1	1007	1	0
NG_065592.1	1733	1	0
NG_065591.1	1728	2	0
NG_065590.1	1705	2	0
NG_067712.1	1026	2	0
NG_067705.1	1774	2520	0
NG_067704.1	1773	258	0
NG_067696.1	1113	29	0
NG_067672.1	958	2	0
NG_067669.1	1107	929	0
NG_067666.1	1025	127	0
NG_067665.1	1025	124	0
NG_067659.1	1015	2	0
NG_067658.1	1021	2	0
NG_067645.1	1115	1	0
NG_067631.1	1597	2	0
NG_062957.1	1655	2	0
NG_065473.1	1711	1	0
NG_065481.1	1679	3	0
NG_064883.1	1762	1	0
NG_063415.1	1745	2	0
NG_065733.1	995	10	0
NG_065732.1	1025	109	0
NG_065722.1	1897	4	0
NG_065717.1	744	21	0
NG_065707.1	1715	5	0
NG_065700.1	1030	3	0
NG_065699.1	1025	3	0
NG_065698.1	1601	6	0
NG_065697.1	1575	5	0
NG_065696.1	1598	2	0
NG_065684.1	1891	1	0
NG_065677.1	999	3	0
NG_065676.1	999	1	0
NG_065675.1	999	4	0
NG_065668.1	1013	3	0
NG_065661.1	2203	1	0
NG_065660.1	1071	1	0
NG_065653.1	1106	8	0
NG_065652.1	1106	9	0
NG_065651.1	1566	87	0
NG_065650.1	1595	89	0
NG_065644.1	1097	31	0
NG_065642.1	1999	1	0
NG_065641.1	1701	3	0
NG_065630.1	1602	1	0
NG_065624.1	1744	1	0
NG_065623.1	1118	1	0
NG_065622.1	1613	6	0
NG_065621.1	1608	4	0
NG_065619.1	1600	4	0
NG_065618.1	1688	1	0
NG_065617.1	1584	3	0
NG_065616.1	1615	5	0
NG_065615.1	1618	2	0
NG_065614.1	1582	1	0
NG_065613.1	1578	8	0
NG_065612.1	1617	6	0
NG_065611.1	1574	3	0
NG_065610.1	1574	6	0
NG_065608.1	1571	1	0
NG_065601.1	1755	5	0
NG_065598.1	1356	1	0
NG_065589.1	1753	10	0
NG_065583.1	1772	1	0
NG_065579.1	1325	5	0
NG_065576.1	1443	1	0
NG_065575.1	1589	1	0
NG_065573.1	2009	1	0
NG_065549.1	1711	5	0
NG_065533.1	1648	1	0
NG_065532.1	1722	14	0
NG_065529.1	1687	8	0
NG_065521.1	1700	1	0
NG_065518.1	1661	2	0
NG_065517.1	1658	1	0
NG_065516.1	1661	1	0
NG_065503.1	1756	1	0
NG_065502.1	1669	1	0
NG_065500.1	1766	2	0
NG_065497.1	1787	3	0
NG_065488.1	1721	1	0
NG_065485.1	1758	6	0
NG_065484.1	1706	7	0
NG_065483.1	1754	5	0
NG_065479.1	1710	2	0
NG_065478.1	1708	3	0
NG_065475.1	1724	2	0
NG_065469.1	1639	7	0
NG_065468.1	1748	1	0
NG_065464.1	1750	41	0
NG_013153.1	2033	1	0
NG_013120.1	1647	1	0
NG_063460.1	1781	2	0
NG_062980.1	1656	1	0
NG_065159.1	1771	1	0
NG_065157.1	1804	18	0
NG_065156.1	1806	1	0
NG_065155.1	1801	1	0
NG_065112.1	1723	1	0
NG_065108.1	1871	2	0
NG_065107.1	1779	1	0
NG_065106.1	1602	2	0
NG_065098.1	1006	18	0
NG_065096.1	1069	2	0
NG_065077.1	1004	46	0
NG_065070.1	1644	1	0
NG_065068.1	1009	30	0
NG_065065.1	1025	11	0
NG_065063.1	1700	1	0
NG_065062.1	1544	1	0
NG_065057.1	1652	51	0
NG_065052.1	963	1	0
NG_065051.1	1179	1	0
NG_065042.1	1614	1	0
NG_065041.1	1656	1	0
NG_065011.1	1070	1	0
NG_065009.1	1017	4	0
NG_065007.1	592	3	0
NG_064998.1	1052	1	0
NG_064991.1	1138	1	0
NG_064990.1	1748	1	0
NG_064986.1	1036	563	0
NG_064985.1	1028	667	0
NG_064984.1	1024	20	0
NG_064983.1	1085	12	0
NG_064982.1	1096	21	0
NG_064976.1	1776	456	0
NG_064969.1	1667	24	0
NG_064968.1	1663	34	0
NG_064959.1	1073	2603	0
NG_064958.1	1724	1521	0
NG_064955.1	1134	6	0
NG_064953.1	1718	2	0
NG_064943.1	1734	1	0
NG_064940.1	1779	1	0
NG_064921.1	1714	1531	0
NG_064908.1	1724	29	0
NG_064907.1	1767	30	0
NG_064906.1	1786	6	0
NG_064902.1	1196	1	0
NG_064901.1	1668	2	0
NG_064899.1	1788	1	0
NG_064896.1	1735	3	0
NG_064895.1	1704	4	0
NG_064890.1	1736	1	0
NG_064889.1	2050	18	0
NG_064885.1	1691	1	0
NG_064878.1	1787	7	0
NG_064871.1	1781	2	0
NG_064870.1	1777	1	0
NG_064869.1	1781	1	0
NG_064864.1	1745	4	0
NG_064863.1	1777	2	0
NG_064862.1	1148	1	0
NG_064858.1	1750	1	0
NG_064839.1	1687	10	0
NG_064838.1	1721	1	0
NG_064828.1	1775	1	0
NG_064826.1	1772	2	0
NG_064824.1	1757	28	0
NG_064821.1	1793	1	0
NG_064804.1	1733	1	0
NG_064800.1	1447	16	0
NG_064797.1	1750	43	0
NG_064796.1	1748	1	0
NG_064795.1	1752	91	0
NG_064794.1	1753	43	0
NG_063410.1	1743	2	0
NG_063645.1	1029	1	0
NG_063602.1	1010	1	0
NG_063545.1	1094	1	0
NG_063541.1	1770	3	0
NG_063535.1	1125	1	0
NG_063532.1	1734	2	0
NG_063528.1	2044	3	0
NG_063527.1	1757	1	0
NG_063526.1	1753	25	0
NG_063524.1	1754	1	0
NG_063522.1	1755	5	0
NG_063520.1	1777	9	0
NG_063517.1	1782	15	0
NG_063510.1	1789	1	0
NG_063509.1	1767	1	0
NG_063507.1	1767	1	0
NG_063499.1	1754	3	0
NG_063495.1	1760	1	0
NG_063488.1	1752	1	0
NG_063484.1	1753	2	0
NG_063479.1	1752	1	0
NG_063475.1	1735	1	0
NG_063474.1	1782	2	0
NG_063473.1	1754	3	0
NG_063470.1	1782	6	0
NG_063469.1	1782	1	0
NG_063468.1	1782	24	0
NG_063466.1	1782	173	0
NG_063465.1	1782	4	0
NG_063464.1	1782	1	0
NG_063463.1	1782	4	0
NG_063462.1	1782	4	0
NG_063461.1	1782	11	0
NG_063459.1	1782	2	0
NG_063458.1	1783	25	0
NG_063457.1	1782	2	0
NG_063455.1	1780	2	0
NG_063454.1	1780	1	0
NG_063453.1	1780	1	0
NG_063452.1	1781	3	0
NG_063451.1	2088	4	0
NG_063447.1	1780	1	0
NG_063444.1	1766	2	0
NG_063439.1	1757	9	0
NG_063436.1	1756	3	0
NG_063435.1	1772	2	0
NG_063431.1	1778	2	0
NG_063423.1	1772	1	0
NG_063421.1	1781	2	0
NG_063420.1	1784	1	0
NG_063419.1	1768	1	0
NG_063418.1	1760	1	0
NG_063413.1	1759	1	0
NG_063402.1	1783	1	0
NG_063398.1	1783	1	0
NG_063397.1	1782	2	0
NG_063395.1	1784	1	0
NG_063388.1	1757	1	0
NG_063386.1	1778	54	0
NG_063385.1	1755	1	0
NG_063383.1	1737	1	0
NG_063379.1	1734	1	0
NG_063368.1	1718	1	0
NG_063364.1	1755	1	0
NG_063362.1	1748	1	0
NG_063359.1	1726	1	0
NG_063358.1	1751	2	0
NG_063342.1	1776	1	0
NG_063294.1	1646	1	0
NG_063293.1	1664	1	0
NG_063288.1	1737	16	0
NG_063287.1	1764	2	0
NG_063286.1	1752	6	0
NG_063285.1	1724	1	0
NG_063283.1	1724	2	0
NG_063282.1	1724	2	0
NG_063281.1	1726	2	0
NG_063278.1	1729	1	0
NG_063275.1	1722	2	0
NG_063272.1	1715	1	0
NG_063267.1	1753	1	0
NG_063266.1	1752	1	0
NG_063247.1	1737	19	0
NG_063244.1	1746	1	0
NG_063235.1	1787	100	0
NG_063234.1	1794	2	0
NG_063232.1	1777	4	0
NG_063092.1	1698	1	0
NG_063046.1	2055	2	0
NG_062775.1	1122	1	0
NG_062649.1	1318	1	0
NG_063091.1	1709	4	0
NG_063085.1	1628	1	0
NG_063080.1	1632	2	0
NG_063058.1	1590	1	0
NG_063045.1	1588	2	0
NG_063043.1	1582	5	0
NG_063041.1	1586	1	0
NG_063040.1	2321	3	0
NG_063039.1	1591	2	0
NG_063038.1	1955	1	0
NG_063037.1	1584	2	0
NG_063036.1	1581	1	0
NG_063016.1	1577	1	0
NG_063008.1	1026	1	0
NG_063002.1	1542	2	0
NG_063001.1	1533	6	0
NG_063000.1	1570	7	0
NG_062999.1	2039	2	0
NG_062992.1	1463	1	0
NG_062979.1	1656	1	0
NG_062978.1	1646	1	0
NG_062977.1	1656	1	0
NG_062976.1	1659	1	0
NG_062975.1	1642	1	0
NG_062974.1	1656	1	0
NG_062973.1	1654	15	0
NG_062972.1	1657	15	0
NG_062971.1	1657	22	0
NG_062970.1	1657	26	0
NG_062969.1	1656	21	0
NG_062968.1	1657	22	0
NG_062967.1	1656	16	0
NG_062966.1	1656	19	0
NG_062965.1	1655	5	0
NG_062964.1	1654	3	0
NG_062963.1	1656	3	0
NG_062962.1	1656	2	0
NG_062961.1	1655	3	0
NG_062960.1	1656	1	0
NG_062959.1	1655	1	0
NG_062958.1	1655	2	0
NG_062954.1	1655	4	0
NG_062953.1	1653	1	0
NG_062952.1	1656	3	0
NG_062950.1	1655	3	0
NG_062949.1	1655	5	0
NG_062948.1	1654	3	0
NG_062947.1	1655	2	0
NG_062946.1	1653	1	0
NG_062945.1	1655	5	0
NG_062944.1	1656	9	0
NG_062943.1	1655	2	0
NG_062942.1	1656	2	0
NG_062941.1	1656	3	0
NG_062939.1	1656	5	0
NG_062938.1	1655	2	0
NG_062937.1	1657	8	0
NG_062936.1	1656	5	0
NG_062935.1	1656	5	0
NG_062934.1	1656	4	0
NG_062933.1	1655	6	0
NG_062931.1	1656	6	0
NG_062927.1	1666	1	0
NG_062926.1	1649	1	0
NG_062923.1	1686	152	0
NG_062864.1	1596	2	0
NG_062858.1	1141	2	0
NG_062852.1	1779	1	0
NG_062843.1	1021	1	0
NG_062824.1	1256	1	0
NG_062820.1	1769	9	0
NG_062814.1	1767	9	0
NG_062813.1	1747	1	0
NG_062807.1	1768	6	0
NG_062797.1	1750	1	0
NG_062771.1	1600	1	0
NG_062746.1	1134	1	0
NG_062735.1	1697	173	0
NG_062732.1	1549	19	0
NG_062711.1	1659	2	0
NG_062708.1	2861	1	0
NG_062704.1	2692	1	0
NG_062701.1	1690	1	0
NG_062700.1	1691	11	0
NG_062699.1	1702	15	0
NG_062692.1	1181	1	0
NG_062691.1	1799	2	0
NG_062686.1	1786	2	0
NG_062670.1	1783	5	0
NG_062658.1	1710	3	0
NG_062656.1	1727	9	0
NG_062655.1	1726	57	0
NG_062651.1	1102	1	0
NG_062645.1	1753	15	0
NG_062641.1	1758	1	0
NG_062640.1	1761	1	0
NG_062639.1	1731	2	0
NG_062636.1	1758	4	0
NG_062625.1	1752	2	0
NG_062624.1	1756	23	0
NG_062622.1	1757	28	0
NG_062620.1	1757	1	0
NG_062619.1	1757	22	0
NG_062618.1	1757	20	0
NG_062616.1	1782	3	0
NG_062615.1	1782	172	0
NG_062613.1	1659	1	0
NG_062612.1	1751	1	0
NG_062609.1	1734	1	0
NG_062598.1	1741	2	0
NG_062595.1	1739	3	0
NG_062420.1	1461	965	0
NG_062417.1	942	1	0
NG_062416.1	942	2	0
NG_062410.1	1579	1	0
NG_062407.1	1613	3	0
NG_062406.1	1575	3	0
NG_062405.1	1702	4	0
NG_062403.1	1574	1	0
NG_062402.1	1642	1	0
NG_062401.1	1637	2	0
NG_062399.1	1656	1	0
NG_062398.1	1656	2	0
NG_062394.1	1024	1	0
NG_062393.1	1696	177	0
NG_062391.1	1663	6	0
NG_062390.1	1637	1	0
NG_062386.1	1778	1	0
NG_062382.1	1684	5	0
NG_062381.1	1770	12	0
NG_062380.1	1143	1	0
NG_062378.1	1619	5	0
NG_062377.1	1765	3	0
NG_062376.1	1653	1	0
NG_062371.1	1770	9	0
NG_062367.1	1783	13	0
NG_062366.1	1767	1396	0
NG_062363.1	1753	2	0
NG_062195.1	1783	1	0
NG_062194.1	1441	2	0
NG_062193.1	1698	2	0
NG_062192.1	1697	1	0
NG_062191.1	1697	1	0
NG_062184.1	2035	1	0
NG_062181.1	1763	4	0
NG_062178.1	1578	1	0
NG_062174.1	1582	1	0
NG_062173.1	1537	1	0
NG_062172.1	1659	1	0
NG_062168.1	1719	2	0
NG_062160.1	1655	1	0
NG_062159.1	1655	1	0
NG_062157.1	1656	1	0
NG_062147.1	1789	12	0
NG_062145.1	1799	4	0
NG_062143.1	1748	5	0
NG_062141.1	1758	9	0
NG_062140.1	1753	3	0
NG_062139.1	1686	13	0
NG_062138.1	1668	4	0
NG_062137.1	1673	10	0
NG_062136.1	1781	1	0
NG_062135.1	1782	5	0
NG_062134.1	1782	1	0
NG_062133.1	1781	42	0
NG_062131.1	1733	5	0
NG_062130.1	1731	4	0
NG_062126.1	1762	2	0
NG_062124.1	1767	2	0
NG_062123.1	1735	2	0
NG_062122.1	1734	2	0
NG_062120.1	1779	2	0
NG_062109.1	1657	1	0
NG_062101.1	1656	3	0
NG_062100.1	1656	1	0
NG_062099.1	1656	1	0
NG_062098.1	1656	2	0
NG_062096.1	1657	3	0
NG_062094.1	1655	6	0
NG_062093.1	1653	1	0
NG_062092.1	1765	1	0
NG_062088.1	1758	1	0
NG_062085.1	1708	3	0
NG_062083.1	1775	1	0
NG_062081.1	1758	2	0
NG_062070.1	1753	1	0
NG_062058.1	1667	1	0
NG_062048.1	1790	1	0
NG_062046.1	1686	1	0
NG_062044.1	1696	1	0
NG_062042.1	1781	5	0
NG_062033.1	1781	2	0
NG_062030.1	1775	4	0
NG_062029.1	1782	5	0
NG_062028.1	1782	3	0
NG_062027.1	1782	3	0
NG_062026.1	1782	4	0
NG_062025.1	1789	2	0
NG_062024.1	1792	5	0
NG_062023.1	1776	1	0
NG_062019.1	1780	2	0
NG_062017.1	1777	1	0
NG_062012.1	1774	2	0
NG_061287.1	1050	4	0
NG_061284.1	857	1099	0
NG_061275.1	1507	1	0
NG_061261.1	974	2	0
NG_061256.1	1809	1	0
NG_061246.1	2310	1	0
NG_061239.1	1448	582	0
NG_061232.1	941	1	0
NG_061226.1	1003	5	0
NG_061224.1	907	1	0
NG_061221.1	2699	1	0
NG_061212.1	1659	16	0
NG_061209.1	1017	5	0
NG_061200.1	1700	1	0
NG_061199.1	1670	1	0
NG_061196.1	1697	2	0
NG_061194.1	1599	1	0
NG_061192.1	1569	1	0
NG_061186.1	1019	2	0
NG_061180.1	1690	1	0
NG_061179.1	1606	2	0
NG_061175.1	1685	5	0
NG_061174.1	1591	1	0
NG_061173.1	767	538	0
NG_061171.1	1547	48	0
NG_061166.1	1719	3	0
NG_061162.1	1654	1	0
NG_061160.1	1656	1	0
NG_061159.1	1656	1	0
NG_061158.1	1657	10	0
NG_061153.1	1656	2	0
NG_061152.1	1655	1	0
NG_061150.1	1655	2	0
NG_061149.1	1656	1	0
NG_061144.1	1764	1	0
NG_061140.1	1649	212	0
NG_061135.1	1643	1	0
NG_061132.1	1749	2	0
NG_061129.1	1742	1	0
NG_061126.1	1646	6	0
NG_061125.1	1763	2	0
NG_061124.1	958	1	0
NG_061121.1	1005	2	0
NG_061120.1	1755	1	0
NG_061115.1	1775	344	0
NG_061114.1	1664	11	0
NG_061113.1	1664	33	0
NG_061111.1	1703	1	0
NG_061109.1	1775	1	0
NG_061108.1	1201	11	0
NG_061104.1	1735	5	0
NG_061077.1	2459	5	0
NG_061076.1	1684	4	0
NG_061070.1	1138	5	0
NG_061060.1	1663	2	0
NG_061059.1	1575	16	0
NG_061056.1	1715	221	0
NG_061055.1	1785	2	0
NG_061053.1	1769	4657	0
NG_061045.1	1792	3	0
NG_061042.1	1777	1	0
NG_061039.1	1758	2	0
NG_061038.1	1756	4	0
NG_061034.1	1759	11	0
NG_061031.1	1783	2	0
NG_061028.1	1672	2	0
NG_061026.1	1849	3	0
NG_061020.1	2161	1	0
NG_061018.1	1749	1	0
NG_061011.1	1776	4663	0
NG_061010.1	1752	30	0
NG_061009.1	1751	1	0
NG_061008.1	1762	3	0
NG_061006.1	1287	1	0
NG_060996.1	1676	7	0
NG_060988.1	1778	1	0
NG_060986.1	1781	15	0
NG_060985.1	1782	5	0
NG_060983.1	1781	4	0
NG_060982.1	1782	5	0
NG_060981.1	1757	2	0
NG_060976.1	1763	1	0
NG_060975.1	2072	2	0
NG_060974.1	1781	10	0
NG_060972.1	1740	15	0
NG_060969.1	1683	1	0
NG_060968.1	1756	1	0
NG_060587.1	1738	1	0
NG_013175.1	1776	190	0
NG_017192.1	1736	3	0
NG_017187.1	1751	57	0
NG_017185.1	1816	83	0
NG_017179.1	1787	6	0
NG_017174.1	1770	95	0
NG_017173.1	2620	4605	0
NG_017172.1	1796	89	0
NG_017168.1	1784	4574	0
NG_017166.1	1860	9	0
NG_016527.1	1779	1	0
NG_013154.1	1715	134	0
NG_013192.1	1618	1	0
NG_017176.1	1463	132	0
