NR_177904.1	1464	3	0
NR_177903.1	1461	1	0
NR_177902.1	1464	1	0
NR_177891.1	1479	1	0
NR_177886.1	1464	2	0
NR_177885.1	1427	4	0
NR_177882.1	1465	1	0
NR_177881.1	1465	3	0
NR_177880.1	1463	6	0
NR_177876.1	1455	6	0
NR_177871.1	1163	11	0
NR_177870.1	1480	1	0
NR_177868.1	1160	13	0
NR_177867.1	1160	12	0
NR_177866.1	1162	10	0
NR_177862.1	1462	6	0
NR_177840.1	1144	5	0
NR_177837.1	1144	12	0
NR_177835.1	1144	1	0
NR_177809.1	1145	1	0
NR_177801.1	1554	1	0
NR_177785.1	1143	1	0
NR_177780.1	1144	2	0
NR_177778.1	1162	1	0
NR_177774.1	1164	1	0
NR_177767.1	1438	1	0
NR_177758.1	1484	2	0
NR_177757.1	1456	1	0
NR_177748.1	1481	8	0
NR_177734.1	1478	1	0
NR_177733.1	1463	1	0
NR_177731.1	1466	1	0
NR_177724.1	1464	1	0
NR_177714.1	1543	1	0
NR_177707.1	1477	1	0
NR_177705.1	1393	2	0
NR_177701.1	1293	5	0
NR_177700.1	1461	4	0
NR_177699.1	1453	9	0
NR_177696.1	1294	2	0
NR_177692.1	1415	2	0
NR_177688.1	1471	9	0
NR_177681.1	1146	69	0
NR_177671.1	1462	10	0
NR_177668.1	1442	5	0
NR_177665.1	1311	1	0
NR_177664.1	1292	7	0
NR_177056.1	1486	1	0
NR_177040.1	1430	1	0
NR_177032.1	1455	3	0
NR_177021.1	1163	1	0
NR_177019.1	1464	1	0
NR_176994.1	1443	2	0
NR_145527.1	1552	8	0
NR_118672.1	1490	1	0
NR_118290.1	1407	2	0
NR_176804.1	1504	101	0
NR_176606.1	1200	6	0
NR_176604.1	1320	1	0
NR_176598.1	933	2	0
NR_176595.1	1500	4	0
NR_176589.1	1435	8	0
NR_176586.1	1444	3	0
NR_176580.1	1001	2	0
NR_176577.1	1002	2	0
NR_176575.1	1350	4	0
NR_176566.1	1560	1	0
NR_176561.1	1143	1	0
NR_176557.1	1380	2	0
NR_176553.1	1500	18	0
NR_176552.1	1500	12	0
NR_176539.1	1500	7	0
NR_176535.1	1481	1	0
NR_176526.1	1481	1	0
NR_176521.1	1480	1	0
NR_176517.1	1354	4	0
NR_176515.1	1477	1	0
NR_176514.1	1471	3	0
NR_176511.1	1500	5	0
NR_176510.1	1500	1	0
NR_176501.1	1471	109	0
NR_176493.1	640	13	0
NR_176487.1	1509	1	0
NR_176486.1	1445	1	0
NR_176484.1	1353	3	0
NR_176483.1	1353	1	0
NR_176481.1	1395	2	0
NR_176480.1	1352	2	0
NR_176477.1	1370	1	0
NR_176475.1	1489	4	0
NR_172677.2	1490	4	0
NR_172660.2	1483	9	0
NR_173600.1	1540	1	0
NR_175590.1	1516	2	0
NR_175589.1	1523	1	0
NR_175586.1	1523	1	0
NR_175584.1	1536	1	0
NR_175566.1	1500	1	0
NR_175562.1	1545	1	0
NR_175538.1	1489	1	0
NR_175529.1	1344	1	0
NR_175500.1	1359	1	0
NR_175457.1	1504	1	0
NR_175451.1	1257	35	0
NR_175448.1	1440	5	0
NR_175430.1	1457	3	0
NR_171505.1	1515	1	0
NR_165768.1	1462	44	0
NR_152090.1	1498	4	0
NR_152071.1	1452	1	0
NR_151929.1	1469	2	0
NR_134842.2	1498	2	0
NR_146667.2	1522	5627	0
NR_149294.1	1476	1	0
NR_148578.1	1408	1269	0
NR_146818.1	1515	1	0
NR_146661.1	1450	1	0
NR_145934.1	1488	1	0
NR_145872.1	1394	1	0
NR_137210.1	1498	24	0
NR_136872.1	1342	6	0
NR_134140.1	1419	18	0
NR_134139.1	1500	771	0
NR_133711.1	1437	1	0
NR_125691.1	1419	46	0
NR_125600.1	1499	27	0
NR_119370.1	1484	280	0
NR_118950.1	1427	1	0
NR_118756.1	1476	1	0
NR_118636.1	1418	42	0
NR_117232.1	1529	1	0
NR_116757.1	1387	271	0
NR_116539.1	1369	1	0
NR_116497.1	1460	48	0
NR_116389.1	1309	1	0
NR_114713.1	1500	218	0
NR_113653.1	1462	114	0
NR_113290.1	1562	2	0
NR_113001.1	1566	1	0
NR_112065.1	1511	109	0
NR_044836.2	1482	2	0
NR_108492.1	1450	1	0
NR_108487.1	1452	20	0
NR_102852.1	1519	8	0
NR_102769.1	1524	1	0
NR_074910.1	1544	9579	0
NR_074799.1	1534	65	0
NR_044450.1	1408	2	0
NR_044415.1	1403	25	0
NR_044176.1	1455	1	0
NR_043999.1	1476	1	0
NR_043872.1	1480	2	0
NR_043732.1	1460	1	0
NR_043591.1	1474	1	0
NR_043533.1	1498	3	0
NR_043095.1	1556	1	0
NR_041770.1	1469	1	0
NR_040991.1	1479	3	0
NR_040806.1	1448	2	0
NR_037074.1	1499	1	0
NR_037000.1	1492	96	0
NR_028894.1	1505	71	0
NR_028689.1	1517	6	0
NR_027575.1	1540	7	0
NR_025241.1	1507	1	0
NR_025090.1	1513	1	0
NR_025060.1	1505	1	0
NR_026145.1	1518	1	0
NR_174322.1	1485	1	0
NR_174300.1	1538	45	0
NR_174268.1	1446	1	0
NR_174258.1	1528	246	0
NR_174253.1	1501	1	0
NR_174230.1	1485	6	0
NR_174227.1	1486	1	0
NR_173681.1	1523	2	0
NR_173669.1	1455	9	0
NR_173639.1	1541	4	0
NR_173621.1	1520	1	0
NR_173610.1	1543	185	0
NR_173607.1	1497	1	0
NR_173587.1	1528	47	0
NR_173586.1	1523	43	0
NR_173585.1	1525	46	0
NR_173584.1	1533	43	0
NR_173583.1	1533	41	0
NR_173582.1	1533	45	0
NR_173581.1	1526	35	0
NR_173580.1	1529	51	0
NR_173579.1	1504	46	0
NR_173578.1	1523	49	0
NR_173577.1	1524	34	0
NR_173576.1	1523	45	0
NR_173575.1	1525	41	0
NR_173574.1	1515	43	0
NR_173572.1	1546	43	0
NR_173571.1	1546	53	0
NR_173567.1	1532	49	0
NR_173566.1	1522	47	0
NR_173565.1	1518	44	0
NR_173564.1	1528	44	0
NR_173563.1	1528	50	0
NR_173562.1	1535	42	0
NR_173561.1	1507	46	0
NR_173559.1	1534	43	0
NR_173558.1	1542	41	0
NR_173557.1	1526	36	0
NR_173555.1	1497	47	0
NR_173554.1	1520	50	0
NR_173552.1	1527	44	0
NR_173536.1	1459	5	0
NR_173523.1	1428	1	0
NR_173486.1	1502	1	0
NR_026538.1	1497	17	0
NR_172707.1	1161	1	0
NR_172704.1	1162	5	0
NR_172691.1	1162	1	0
NR_172690.1	1162	1	0
NR_172689.1	1479	2	0
NR_172683.1	1139	2	0
NR_172674.1	1161	20	0
NR_172661.1	1163	1	0
NR_172621.1	979	1	0
NR_172606.1	1463	8	0
NR_172605.1	1477	4	0
NR_172604.1	1478	2	0
NR_172603.1	1477	9	0
NR_172597.1	1286	8	0
NR_172593.1	1488	1	0
NR_172579.1	1498	23	0
NR_171525.1	1492	1	0
NR_171524.1	1497	33	0
NR_171518.1	1489	1	0
NR_171515.1	1463	64	0
NR_171514.1	1508	13	0
NR_171510.1	1500	24	0
NR_171508.1	1487	1	0
NR_171504.1	1524	3	0
NR_171480.1	1506	2	0
NR_171443.1	1497	1	0
NR_171440.1	1492	1	0
NR_171428.1	1395	1	0
NR_171417.1	1078	298	0
NR_171416.1	1525	1	0
NR_171393.1	1482	1	0
NR_170531.1	1485	1	0
NR_170527.1	1485	2	0
NR_170524.1	1485	1	0
NR_170517.1	1485	1	0
NR_170515.1	1485	1	0
NR_170465.1	1412	391	0
NR_170450.1	1488	1	0
NR_170438.1	1491	1	0
NR_170428.1	1500	47	0
NR_170426.1	1462	83	0
NR_170414.1	1361	2	0
NR_170492.1	1504	30	0
NR_169498.1	1540	30	0
NR_169476.1	1536	4132	0
NR_169468.1	1495	105	0
NR_169448.1	1465	1	0
NR_169429.1	1526	2	0
NR_169415.1	1450	1	0
NR_169409.1	1500	1	0
NR_169374.1	1480	2	0
NR_169366.1	1460	30	0
NR_169359.1	1497	1	0
NR_169334.1	1500	120	0
NR_169333.1	1500	38	0
NR_169332.1	1532	55	0
NR_169331.1	1532	52	0
NR_169330.1	1532	31	0
NR_169329.1	1540	55	0
NR_169328.1	1536	44	0
NR_169320.1	1521	53	0
NR_169447.1	1533	3	0
NR_169327.1	1535	39	0
NR_169326.1	1534	39	0
NR_169318.1	1508	1	0
NR_165748.1	1538	69	0
NR_165712.1	1564	41	0
NR_165706.1	1533	12	0
NR_165695.1	1475	1	0
NR_165666.1	1580	1	0
NR_165022.1	1506	1	0
NR_164983.1	1547	3	0
NR_164974.1	1502	4	0
NR_164959.1	1519	1	0
NR_164941.1	1462	1	0
NR_163603.1	1408	1	0
NR_163602.1	1536	1	0
NR_163650.1	1485	1	0
NR_163611.1	1441	1	0
NR_159926.1	1530	19	0
NR_159925.1	1530	248	0
NR_159906.1	1406	1	0
NR_159352.1	1395	1	0
NR_159344.1	1475	1	0
NR_159332.1	1380	1	0
NR_159318.1	1456	42	0
NR_159317.1	1454	174	0
NR_159314.1	1532	1	0
NR_159307.1	1398	1	0
NR_159299.1	1452	1	0
NR_159255.1	1542	269	0
NR_159235.1	1503	77	0
NR_159232.1	1455	56	0
NR_159221.1	1420	2	0
NR_159182.1	1400	2	0
NR_159163.1	1409	2	0
NR_159119.1	1502	2	0
NR_159098.1	1394	53	0
NR_159086.1	1534	196	0
NR_159085.1	1542	1346	0
NR_159084.1	1542	265	0
NR_159083.1	1542	284	0
NR_158140.1	1413	1	0
NR_158126.1	1472	1	0
NR_158058.1	1450	23	0
NR_158050.1	1420	39	0
NR_158040.1	1481	1	0
NR_158014.1	1423	1	0
NR_157993.1	1443	1	0
NR_157786.1	1404	1	0
NR_157778.1	1537	55	0
NR_157777.1	1531	173	0
NR_157775.1	1396	2	0
NR_157774.1	1407	1	0
NR_157762.1	1525	2	0
NR_157698.1	1509	1	0
NR_157658.1	1535	1	0
NR_157653.1	1407	1	0
NR_157634.1	1405	4	0
NR_157602.1	1551	37	0
NR_157009.1	1411	4	0
NR_157004.1	1473	1	0
NR_156999.1	1428	1	0
NR_156998.1	1451	1	0
NR_156989.1	1539	32	0
NR_156931.1	1281	3	0
NR_156930.1	1368	14	0
NR_156924.1	1526	2	0
NR_156914.1	1439	41	0
NR_156869.1	1478	2	0
NR_156852.1	1415	2	0
NR_156850.1	1383	1	0
NR_156838.1	1538	5	0
NR_156815.1	1539	2	0
NR_156801.1	1544	3	0
NR_156162.1	1451	1	0
NR_156090.1	1467	1	0
NR_156088.1	1455	1	0
NR_153752.1	1543	152	0
NR_153747.1	1539	2	0
NR_153732.1	1527	1	0
NR_153719.1	1258	2	0
NR_153664.1	1532	13	0
NR_152710.1	1412	38	0
NR_152707.1	1472	1	0
NR_152631.1	1547	2	0
NR_152630.1	1547	1	0
NR_152629.1	1547	1	0
NR_152628.1	1547	4	0
NR_152089.1	1538	1	0
NR_152082.1	1526	2	0
NR_152032.1	1437	2	0
NR_152011.1	1470	2	0
NR_152003.1	1539	1	0
NR_151985.1	1502	1	0
NR_151916.1	1489	3	0
NR_151914.1	1426	7	0
NR_074484.2	1498	1	0
NR_074459.2	1498	1	0
NR_136501.2	1537	81	0
NR_036849.2	1520	1	0
NR_075005.2	1550	2	0
NR_102783.2	1550	5	0
NR_118693.2	1489	1	0
NR_149302.1	1542	49	0
NR_149290.1	1317	1	0
NR_149201.1	1477	4	0
NR_148862.1	1487	1	0
NR_148820.1	1348	181	0
NR_148766.1	1477	1	0
NR_148753.1	1533	2	0
NR_148752.1	1533	1	0
NR_148650.1	1454	58	0
NR_148649.1	1444	51	0
NR_148601.1	1456	2	0
NR_148598.1	1490	46	0
NR_148577.1	1513	2	0
NR_148569.1	1065	1	0
NR_148286.1	1374	1	0
NR_148272.1	1424	3	0
NR_148251.1	1443	14	0
NR_147774.1	1528	2	0
NR_147771.1	1454	5	0
NR_147759.1	1393	1	0
NR_147758.1	1444	2	0
NR_147712.1	1478	1	0
NR_147405.1	1511	1	0
NR_147393.1	1464	132	0
NR_146848.1	1345	3	0
NR_146847.1	1345	6	0
NR_146845.1	1345	5	0
NR_146703.1	1446	1	0
NR_146692.1	1503	1	0
NR_146677.1	1452	49	0
NR_146676.1	1449	39	0
NR_146019.1	1444	1	0
NR_145923.1	1451	3	0
NR_145896.1	1336	1	0
NR_145864.1	1458	1	0
NR_145849.1	1404	1	0
NR_145842.1	1504	1	0
NR_145655.1	1402	1	0
NR_145647.1	1422	56	0
NR_145570.1	1436	17	0
NR_145528.1	1489	1	0
NR_144618.1	1423	1	0
NR_144604.1	1450	12	0
NR_144582.1	1408	324	0
NR_144581.1	1359	283	0
NR_137419.1	1493	3	0
NR_137418.1	1405	1	0
NR_137415.1	1494	130	0
NR_137380.1	1502	153	0
NR_137339.1	1488	1	0
NR_137333.1	1495	589	0
NR_137237.1	1374	1	0
NR_137234.1	1459	1	0
NR_137215.1	1454	2	0
NR_137213.1	1422	2	0
NR_137208.1	1446	1	0
NR_136876.1	1422	1	0
NR_136814.1	1521	1	0
NR_136812.1	1521	1	0
NR_136780.1	1464	6	0
NR_136770.1	1525	2	0
NR_136767.1	1461	29	0
NR_136473.1	1451	1	0
NR_136472.1	1504	59	0
NR_136445.1	1501	97	0
NR_136429.1	1508	52	0
NR_135871.1	1463	12	0
NR_135730.1	1422	1	0
NR_135211.1	1462	46	0
NR_134830.1	1432	14	0
NR_134829.1	1484	2	0
NR_134826.1	1483	58	0
NR_134825.1	1445	45	0
NR_134812.1	1428	1	0
NR_134795.1	1403	3	0
NR_134756.1	1410	2	0
NR_134741.1	1441	6	0
NR_134706.1	1503	1	0
NR_134684.1	1460	5	0
NR_134230.1	1476	2	0
NR_134225.1	1407	1	0
NR_134219.1	1506	1	0
NR_134063.1	1462	40	0
NR_134062.1	1462	3	0
NR_134020.1	1409	13	0
NR_133973.1	1474	1	0
NR_133967.1	1505	1	0
NR_133878.1	1418	2	0
NR_133862.1	1436	1	0
NR_133861.1	1428	1	0
NR_133848.1	1414	3	0
NR_133832.1	1466	1	0
NR_133815.1	1366	18	0
NR_133801.1	1466	1	0
NR_133020.1	1460	9	0
NR_132724.1	1396	2	0
NR_132713.1	1474	1	0
NR_132709.1	1503	1	0
NR_132691.1	1454	1	0
NR_132599.1	1463	1	0
NR_132596.1	1456	45	0
NR_132293.1	1435	2	0
NR_132289.1	1439	2	0
NR_126314.1	1546	2	0
NR_126284.1	1462	1	0
NR_126260.1	1239	2	0
NR_126223.1	1456	43	0
NR_126220.1	1472	4	0
NR_126199.1	1496	40	0
NR_126182.1	1483	1	0
NR_126172.1	1508	1	0
NR_115546.2	1543	6	0
NR_125699.1	1344	21	0
NR_125698.1	1344	15	0
NR_125690.1	1459	53	0
NR_125587.1	1397	7	0
NR_125586.1	1404	54	0
NR_125523.1	1529	71	0
NR_125512.1	1497	4	0
NR_125472.1	1440	1	0
NR_125461.1	1452	171	0
NR_118125.1	1453	1	0
NR_122097.1	1239	2	0
NR_122094.1	1425	1	0
NR_122085.1	1475	2	0
NR_122081.1	1480	55	0
NR_121793.1	1543	55	0
NR_119223.1	1335	163	0
NR_118972.1	1427	3	0
NR_118872.1	1526	13	0
NR_118860.1	1503	1	0
NR_118804.1	1496	1	0
NR_118785.1	1453	3	0
NR_118764.1	1312	1	0
NR_118667.1	1465	1	0
NR_118637.1	1524	1	0
NR_118629.1	1459	1	0
NR_118585.1	1259	4	0
NR_118490.1	1534	1	0
NR_118458.1	1442	1	0
NR_118433.1	1538	6	0
NR_118397.1	1426	1	0
NR_118386.1	1451	1	0
NR_118383.1	1463	4	0
NR_118351.1	1470	1	0
NR_118348.1	1503	12	0
NR_118335.1	1395	132	0
NR_118333.1	1500	56	0
NR_118321.1	1477	1	0
NR_118315.1	1462	1	0
NR_118255.1	1446	1	0
NR_118223.1	1437	2	0
NR_118138.1	1544	2	0
NR_118129.1	1497	1	0
NR_118045.1	1487	1	0
NR_117931.1	1390	2	0
NR_117921.1	1424	2	0
NR_117918.1	1432	1	0
NR_117903.1	1354	1	0
NR_117881.1	1449	2	0
NR_117846.1	1457	1	0
NR_117838.1	1459	60	0
NR_117827.1	1442	20	0
NR_117826.1	1442	1	0
NR_117825.1	1442	1	0
NR_117824.1	1444	9	0
NR_117794.1	1424	45	0
NR_117697.1	1516	34	0
NR_117611.1	1230	1	0
NR_117552.1	1452	1	0
NR_117551.1	1504	12	0
NR_117547.1	1535	48	0
NR_117542.1	1605	2	0
NR_117485.1	1455	1	0
NR_117458.1	1491	1	0
NR_117446.1	1406	1094	0
NR_117437.1	1507	154	0
NR_117420.1	1526	4	0
NR_117369.1	1451	7	0
NR_117304.1	1495	1724	0
NR_117216.1	1480	1	0
NR_117213.1	1481	1	0
NR_117186.1	1472	30	0
NR_117039.1	1461	1	0
NR_117022.1	1435	3	0
NR_116999.1	1413	128	0
NR_116969.1	1431	46	0
NR_116966.1	1345	1	0
NR_116941.1	1487	1	0
NR_116902.1	1458	2	0
NR_116899.1	1496	1	0
NR_116893.1	1463	1	0
NR_116867.1	1533	1	0
NR_116839.1	1290	20	0
NR_116782.1	1484	6	0
NR_116773.1	1410	1	0
NR_116702.1	1449	1	0
NR_116646.1	1321	9	0
NR_116610.1	1426	1	0
NR_116604.1	1422	62	0
NR_116554.1	1491	1	0
NR_116513.1	1379	1	0
NR_116512.1	1379	1	0
NR_116511.1	1379	1	0
NR_116495.1	1534	1	0
NR_116403.1	1426	311	0
NR_116326.1	1483	1	0
NR_116281.1	1363	1	0
NR_116240.1	1445	1	0
NR_116235.1	1399	1	0
NR_116164.1	1432	1	0
NR_116120.1	1549	1	0
NR_116118.1	1416	2	0
NR_116102.1	1453	1	0
NR_116079.1	1368	13	0
NR_116071.1	1529	1	0
NR_116070.1	1529	2	0
NR_116039.1	1460	1	0
NR_116033.1	1481	36	0
NR_116030.1	1370	2	0
NR_116021.1	1479	1	0
NR_115948.1	1500	1	0
NR_115943.1	1425	313	0
NR_115922.1	1438	100	0
NR_115874.1	1460	33	0
NR_115808.1	1501	2	0
NR_115759.1	1513	5	0
NR_115739.1	1445	1	0
NR_115713.1	1467	1	0
NR_115465.1	1334	2	0
NR_115329.1	1469	1	0
NR_115325.1	1511	3	0
NR_115283.1	1514	4	0
NR_115258.1	1533	5820	0
NR_115225.1	1360	2	0
NR_115224.1	1363	48	0
NR_115089.1	1455	1	0
NR_115065.1	1411	2	0
NR_115047.1	1399	1	0
NR_114965.1	1530	1	0
NR_114957.1	1379	17	0
NR_114911.1	1505	1	0
NR_114909.1	1214	1	0
NR_114900.1	1468	14	0
NR_114608.1	1534	4	0
NR_114544.1	1501	1	0
NR_114535.1	1411	1	0
NR_114421.1	1492	1	0
NR_114415.1	1434	1	0
NR_114407.1	1270	1	0
NR_114312.1	1474	20	0
NR_113569.1	1478	1592	0
NR_113331.1	1441	2	0
NR_113264.1	1474	1	0
NR_113131.1	1473	1	0
NR_113061.1	1467	91	0
NR_112972.1	1483	2	0
NR_112898.1	1463	1	0
NR_112813.1	1452	1	0
NR_112808.1	1490	32	0
NR_112617.1	1477	2	0
NR_112560.1	1393	1	0
NR_112205.1	1460	1	0
NR_112095.1	1425	1	0
NR_112091.1	1482	1	0
NR_044682.2	1486	2	0
NR_104937.1	1527	315	0
NR_104901.1	1515	185	0
NR_104890.1	1469	359	0
NR_104828.1	1508	696	0
NR_103954.1	1532	2	0
NR_103928.1	1524	8	0
NR_102957.1	1525	2	0
NR_102934.1	1497	1	0
NR_102890.1	1527	5	0
NR_102851.1	1520	1	0
NR_102806.1	1539	8	0
NR_102776.1	1559	1	0
NR_074325.2	1535	1	0
NR_075055.1	1586	1	0
NR_075054.1	1585	1	0
NR_075034.1	1568	5	0
NR_074951.1	1548	3	0
NR_074933.1	1546	6	0
NR_074924.1	1545	1	0
NR_074890.1	1542	219	0
NR_074872.1	1540	1	0
NR_074869.1	1539	551	0
NR_074804.1	1534	1	0
NR_074697.1	1527	1	0
NR_074693.1	1526	2	0
NR_074687.1	1526	7	0
NR_074666.1	1524	27	0
NR_074665.1	1524	22	0
NR_074658.1	1524	1	0
NR_074371.1	1496	4	0
NR_044859.1	1323	1	0
NR_044773.1	1524	11	0
NR_044772.1	1524	6	0
NR_044751.1	1480	2	0
NR_044616.1	1355	1	0
NR_044566.1	1384	1	0
NR_044439.1	1458	1	0
NR_044412.1	1479	1	0
NR_044390.1	1404	104	0
NR_044209.1	1419	143	0
NR_044105.1	1367	1	0
NR_044068.1	1492	2	0
NR_044061.1	1423	98	0
NR_043858.1	1488	1	0
NR_043750.1	1356	45	0
NR_043731.1	1505	1	0
NR_043730.1	1456	1	0
NR_043702.1	1441	1	0
NR_043552.1	1499	1	0
NR_043545.1	1441	2	0
NR_043536.1	1489	2	0
NR_043455.1	1479	1	0
NR_043421.1	1526	3	0
NR_043289.1	1531	58	0
NR_043174.1	1403	44	0
NR_043115.1	1529	33	0
NR_043068.1	1474	1	0
NR_042964.1	1536	1	0
NR_042825.1	1427	1	0
NR_042752.1	1340	1	0
NR_042750.1	1533	1	0
NR_042636.1	1505	3	0
NR_042634.1	1502	2	0
NR_042633.1	1498	10	0
NR_042632.1	1502	4	0
NR_042448.1	1457	1	0
NR_042392.1	1345	3	0
NR_042387.1	1516	2	0
NR_042128.1	1461	1	0
NR_042071.1	1384	4	0
NR_042050.1	1532	106	0
NR_042010.1	1396	1	0
NR_041958.1	1510	1	0
NR_041819.1	1725	1	0
NR_041771.1	1452	1	0
NR_041697.1	1527	387	0
NR_041559.1	1435	1	0
NR_041518.1	1457	1	0
NR_041388.1	1491	1	0
NR_041385.1	1457	3	0
NR_041361.1	1520	1	0
NR_040819.1	1419	1	0
NR_044569.1	1449	32	0
NR_044406.1	1486	1	0
NR_044392.1	1537	1	0
NR_044383.1	1473	1	0
NR_044284.1	1536	2	0
NR_043971.1	1554	1	0
NR_043909.1	1531	1	0
NR_043878.1	1380	1	0
NR_043860.1	1450	72	0
NR_043788.1	1530	1	0
NR_043754.1	1450	1	0
NR_043653.1	1436	1	0
NR_043648.1	1486	2	0
NR_043646.1	1482	1	0
NR_043645.1	1480	4	0
NR_043637.1	1477	1	0
NR_043634.1	1478	1	0
NR_043630.1	1478	1	0
NR_043617.1	1462	2	0
NR_043522.1	1427	2	0
NR_043231.1	1396	1	0
NR_043104.1	1416	3	0
NR_042945.1	1485	1	0
NR_042901.1	1485	1	0
NR_041892.1	1553	1	0
NR_041797.1	1510	3	0
NR_037110.1	1502	20	0
NR_036863.1	1482	1	0
NR_036851.1	1428	1	0
NR_028929.1	1528	1	0
NR_028875.1	1532	555	0
NR_028871.1	1526	1	0
NR_024882.1	1454	2	0
NR_025344.1	1534	1	0
NR_024862.1	1521	104	0
NR_026382.1	1417	1	0
NR_026067.1	1474	1	0
NR_026064.1	1491	1	0
NR_026062.1	1491	2	0
NR_025972.1	1456	3	0
NR_025928.1	1474	1	0
NR_025708.1	1516	3	0
NR_159346.1	1485	1	0
NR_159305.1	1363	2	0
NR_159304.1	1450	1	0
NR_159195.1	1501	2	0
NR_159179.1	1512	10	0
NR_159157.1	1531	94	0
NR_159080.1	1533	6	0
NR_157609.1	1508	1	0
NR_156996.1	1480	1	0
NR_156987.1	1428	1	0
NR_156919.1	1518	1	0
NR_156849.1	1404	1	0
NR_156052.1	1336	210	0
NR_153750.1	1461	9	0
NR_153700.1	1495	1	0
NR_152635.1	1484	1	0
NR_152025.1	1493	1	0
NR_152004.1	1526	2	0
NR_151933.1	1492	1	0
NR_044656.2	1498	1	0
NR_074491.2	1506	1	0
NR_042373.2	1559	1	0
NR_102794.2	1543	275	0
NR_103934.2	1537	431	0
NR_029161.2	1533	2	0
NR_074476.2	1503	7	0
NR_074674.2	1521	2	0
NR_102493.2	1540	205	0
NR_112116.2	1550	4	0
NR_112810.2	1456	1	0
NR_148846.1	1490	1	0
NR_148787.1	1513	1	0
NR_148767.1	1502	52	0
NR_148764.1	1525	2	0
NR_148763.1	1525	1	0
NR_148747.1	1521	35	0
NR_148666.1	1500	1	0
NR_148575.1	1390	53	0
NR_148572.1	1503	53	0
NR_146846.1	1475	3	0
NR_146684.1	1520	2	0
NR_145912.1	1252	2	0
NR_145861.1	1450	1	0
NR_145601.1	1486	1	0
NR_145598.1	1484	4	0
NR_145597.1	1484	2	0
NR_145595.1	1486	1	0
NR_145562.1	1512	120	0
NR_144601.1	1377	1	0
NR_137370.1	1446	1	0
NR_137272.1	1461	2	0
NR_136858.1	1496	6	0
NR_136829.1	1405	1	0
NR_136496.1	1443	1	0
NR_136495.1	1485	4	0
NR_136448.1	1456	40	0
NR_136437.1	1528	19	0
NR_136431.1	1404	320	0
NR_135894.1	1347	304	0
NR_135877.1	1335	1	0
NR_135725.1	1483	42	0
NR_134807.1	1451	1403	0
NR_134793.1	1506	38	0
NR_134767.1	1438	1	0
NR_134214.1	1434	2	0
NR_134162.1	1442	1	0
NR_134161.1	1490	1	0
NR_133904.1	1551	1	0
NR_133903.1	1552	2	0
NR_133865.1	1402	1	0
NR_133766.1	1422	2	0
NR_133710.1	1484	1	0
NR_132692.1	1459	40	0
NR_132590.1	1546	1	0
NR_037064.2	1356	1	0
NR_126319.1	1531	33	0
NR_126318.1	1531	74	0
NR_126317.1	1532	44	0
NR_126305.1	1501	150	0
NR_126304.1	1501	146	0
NR_126303.1	1501	122	0
NR_126291.1	1344	103	0
NR_126208.1	1429	93	0
NR_117738.2	1528	36	0
NR_117737.2	1528	42	0
NR_115042.2	1408	1	0
NR_125711.1	1460	5	0
NR_125649.1	985	16	0
NR_125599.1	460	3	0
NR_125558.1	1511	1	0
NR_125539.1	1428	113	0
NR_125521.1	1458	1	0
NR_125516.1	1505	21	0
NR_116992.1	1425	39	0
NR_122057.1	1544	44	0
NR_121742.1	1542	47	0
NR_121738.1	1509	1	0
NR_121737.1	1508	4	0
NR_121736.1	1491	2	0
NR_121733.1	1525	337	0
NR_121727.1	1538	2	0
NR_121718.1	1529	1	0
NR_121714.1	1512	1	0
NR_121708.1	1507	1	0
NR_121703.1	1542	65	0
NR_121702.1	1509	1	0
NR_119372.1	1484	274	0
NR_119371.1	1471	50	0
NR_119369.1	1485	12	0
NR_119368.1	1497	36	0
NR_119367.1	1497	109	0
NR_119366.1	1481	99	0
NR_119365.1	1498	17	0
NR_119364.1	1496	33	0
NR_119363.1	1484	621	0
NR_119362.1	1495	5816	0
NR_119361.1	1497	18781	0
NR_119359.1	1417	2	0
NR_119358.1	1416	1	0
NR_119357.1	1417	1	0
NR_119340.1	1436	1	0
NR_119327.1	1589	1	0
NR_119296.1	1410	1	0
NR_119279.1	1452	166	0
NR_119277.1	1452	127	0
NR_119276.1	1452	2	0
NR_119267.1	1432	1	0
NR_119256.1	1499	7109	0
NR_119255.1	1239	31	0
NR_119250.1	1353	1	0
NR_119225.1	1492	7	0
NR_119224.1	1334	7	0
NR_119214.1	1401	167	0
NR_119190.1	1538	1	0
NR_119186.1	1092	57	0
NR_119176.1	1483	2	0
NR_119153.1	1497	1	0
NR_119152.1	1498	1	0
NR_119150.1	1497	3	0
NR_119131.1	1200	41	0
NR_119130.1	1475	58	0
NR_119118.1	1396	1	0
NR_119113.1	1460	3	0
NR_119109.1	1443	80	0
NR_119108.1	1539	102	0
NR_119064.1	1486	3	0
NR_119063.1	1485	1	0
NR_119059.1	1464	1	0
NR_119056.1	1446	2	0
NR_119054.1	1488	1	0
NR_119053.1	1457	10	0
NR_119052.1	1466	1	0
NR_119051.1	1463	1	0
NR_119050.1	1467	1	0
NR_119048.1	1457	154	0
NR_119041.1	1460	1	0
NR_118931.1	1482	125	0
NR_118928.1	1481	90	0
NR_118927.1	1482	92	0
NR_118925.1	1472	94	0
NR_118867.1	1351	1	0
NR_118864.1	1467	1	0
NR_118859.1	1457	62	0
NR_118858.1	1458	21	0
NR_118857.1	1457	108	0
NR_118856.1	1458	47	0
NR_118855.1	1457	125	0
NR_118854.1	1456	141	0
NR_118853.1	1502	243	0
NR_118798.1	1456	6	0
NR_118790.1	1417	1	0
NR_118773.1	1464	1	0
NR_118771.1	1527	7	0
NR_118762.1	1483	5	0
NR_118758.1	1487	2	0
NR_118749.1	1486	1	0
NR_118747.1	1482	1	0
NR_118745.1	1479	1	0
NR_118743.1	1476	1	0
NR_118742.1	1479	14	0
NR_118717.1	1474	11	0
NR_118704.1	1474	71	0
NR_118703.1	1473	9	0
NR_118658.1	1495	1	0
NR_118657.1	1485	1	0
NR_118588.1	1459	339	0
NR_118568.1	1369	44	0
NR_118556.1	1376	57	0
NR_118547.1	1287	2	0
NR_118537.1	1331	2	0
NR_118531.1	1494	600	0
NR_118510.1	1435	1	0
NR_118487.1	1294	29	0
NR_118449.1	1438	561	0
NR_118443.1	1291	17	0
NR_118431.1	1493	44	0
NR_118394.1	1500	147	0
NR_118387.1	1439	92	0
NR_118347.1	1535	72	0
NR_118325.1	1271	3	0
NR_118295.1	1531	50	0
NR_118294.1	1531	28	0
NR_118293.1	1531	19	0
NR_118292.1	1530	148	0
NR_118291.1	1530	161	0
NR_118273.1	1344	354	0
NR_118256.1	1525	404	0
NR_118243.1	1468	1	0
NR_118228.1	1530	149	0
NR_118227.1	1530	134	0
NR_118226.1	1530	140	0
NR_118225.1	1530	167	0
NR_118224.1	1530	135	0
NR_118143.1	1364	5	0
NR_118142.1	1362	1	0
NR_118134.1	1494	32	0
NR_118127.1	1345	4	0
NR_118126.1	1345	12	0
NR_118122.1	1344	1758	0
NR_118121.1	1344	718	0
NR_118120.1	1344	461	0
NR_118106.1	1494	154	0
NR_118105.1	1494	399	0
NR_118095.1	1471	1	0
NR_118091.1	1471	2	0
NR_118088.1	1443	79	0
NR_118087.1	1425	58	0
NR_118082.1	1124	2	0
NR_118080.1	1124	1	0
NR_118074.1	1124	2	0
NR_118070.1	1124	2	0
NR_118068.1	1124	2	0
NR_118063.1	1124	1	0
NR_118061.1	1124	3	0
NR_118057.1	1124	1	0
NR_118056.1	1124	1	0
NR_118051.1	1124	1	0
NR_118042.1	1503	1	0
NR_118011.1	1507	60	0
NR_118008.1	1497	1	0
NR_117969.1	1500	92	0
NR_117930.1	1392	1	0
NR_117895.1	1471	2	0
NR_117893.1	1471	1	0
NR_117887.1	1470	2	0
NR_117869.1	1412	1	0
NR_117822.1	1444	2	0
NR_117793.1	1471	38	0
NR_117789.1	1413	138	0
NR_117784.1	1393	1	0
NR_117769.1	1356	3	0
NR_117763.1	1348	113	0
NR_117753.1	1545	2	0
NR_117752.1	1427	113	0
NR_117751.1	1427	410	0
NR_117750.1	1427	51	0
NR_117716.1	1480	1	0
NR_117704.1	1530	36	0
NR_117686.1	1530	9	0
NR_117685.1	1530	8	0
NR_117683.1	1530	5	0
NR_117682.1	1524	8	0
NR_117680.1	1507	1	0
NR_117679.1	1529	51	0
NR_117678.1	1527	39	0
NR_117677.1	1515	1	0
NR_117663.1	1545	1	0
NR_117661.1	1485	3	0
NR_117648.1	1501	3	0
NR_117629.1	1530	1	0
NR_117625.1	1531	1	0
NR_117624.1	1530	1	0
NR_117622.1	1530	3	0
NR_117621.1	1530	1	0
NR_117620.1	1529	2	0
NR_117619.1	1530	2	0
NR_117583.1	1495	1	0
NR_117575.1	1536	4	0
NR_117553.1	1475	1	0
NR_117531.1	1453	1	0
NR_117526.1	1396	73	0
NR_117512.1	1478	1	0
NR_117480.1	1405	1	0
NR_117478.1	1400	1	0
NR_117477.1	1428	1	0
NR_117405.1	1506	438	0
NR_117353.1	1350	83	0
NR_117348.1	1527	1	0
NR_117305.1	1494	1754	0
NR_117269.1	1527	1646	0
NR_117193.1	1527	1	0
NR_117177.1	1527	3	0
NR_117117.1	1455	2	0
NR_117000.1	1493	33	0
NR_116997.1	1453	1	0
NR_116928.1	1301	1	0
NR_116927.1	1295	2	0
NR_116926.1	1381	2	0
NR_116925.1	1386	2	0
NR_116924.1	1379	1	0
NR_116904.1	1521	56	0
NR_116898.1	1495	20	0
NR_116845.1	1528	1	0
NR_116808.1	1488	1	0
NR_116800.1	1502	71	0
NR_116799.1	1361	307	0
NR_116798.1	1505	307	0
NR_116797.1	1506	2235	0
NR_116786.1	1484	9	0
NR_116785.1	1466	3	0
NR_116784.1	1460	5	0
NR_116783.1	1484	10	0
NR_116774.1	1533	2	0
NR_116763.1	1459	2	0
NR_116759.1	1522	2	0
NR_116758.1	1387	302	0
NR_116756.1	1387	57	0
NR_116755.1	1361	4376	0
NR_116754.1	1387	120	0
NR_116753.1	1361	137	0
NR_116752.1	1362	2378	0
NR_116751.1	1387	1483	0
NR_116750.1	1387	5291	0
NR_116749.1	1387	2682	0
NR_116748.1	1376	6136	0
NR_116723.1	1359	1	0
NR_116678.1	1553	1	0
NR_116603.1	1436	16	0
NR_116602.1	1421	3898	0
NR_116584.1	1503	1	0
NR_116489.1	1495	4	0
NR_116478.1	1464	4084	0
NR_116430.1	1285	2536	0
NR_116349.1	1524	1	0
NR_116341.1	1223	38	0
NR_116311.1	1452	1	0
NR_116305.1	1501	83	0
NR_116292.1	1449	2	0
NR_116283.1	1494	322	0
NR_116282.1	1492	874	0
NR_116259.1	1397	1	0
NR_116247.1	1344	9457	0
NR_116246.1	1344	1854	0
NR_116245.1	1344	6029	0
NR_116244.1	1344	2495	0
NR_116230.1	1488	1	0
NR_116192.1	1168	1	0
NR_116187.1	1168	1	0
NR_116186.1	1168	3	0
NR_116185.1	1168	2	0
NR_116183.1	1168	2	0
NR_116168.1	1505	141	0
NR_116167.1	1506	8	0
NR_116157.1	1313	4	0
NR_116156.1	1313	1	0
NR_116155.1	1313	1	0
NR_116154.1	1313	3	0
NR_116152.1	1313	3	0
NR_116151.1	1313	2	0
NR_116150.1	1313	1	0
NR_116126.1	1262	58	0
NR_116125.1	1438	28	0
NR_116124.1	1443	213	0
NR_116115.1	1429	1450	0
NR_116114.1	1443	4632	0
NR_116113.1	1432	2794	0
NR_116112.1	1348	1343	0
NR_116111.1	1422	273	0
NR_116110.1	1494	63	0
NR_116109.1	1494	318	0
NR_116064.1	1444	1	0
NR_116062.1	1491	1	0
NR_116048.1	1345	5	0
NR_116047.1	1344	123	0
NR_116046.1	1343	174	0
NR_116045.1	1345	31	0
NR_116044.1	1344	105	0
NR_116022.1	1468	1	0
NR_116017.1	1468	4	0
NR_115988.1	1500	1	0
NR_115976.1	1461	3	0
NR_115975.1	1461	2	0
NR_115974.1	1461	4	0
NR_115973.1	1461	3	0
NR_115972.1	1461	1	0
NR_115971.1	1461	2	0
NR_115970.1	1461	9	0
NR_115969.1	1461	2	0
NR_115968.1	1461	3	0
NR_115942.1	1424	132	0
NR_115932.1	1251	317	0
NR_115931.1	1468	2	0
NR_115929.1	1468	3	0
NR_115881.1	1476	2	0
NR_115880.1	1485	128	0
NR_115879.1	1479	1	0
NR_115878.1	1478	1	0
NR_115873.1	1305	300	0
NR_115869.1	1440	8	0
NR_115750.1	1356	40	0
NR_115723.1	1245	114	0
NR_115722.1	1266	23	0
NR_115715.1	1520	1	0
NR_115636.1	1472	1	0
NR_115611.1	1370	9	0
NR_115609.1	1449	2	0
NR_115608.1	1453	13	0
NR_115575.1	1479	3	0
NR_115574.1	1481	1	0
NR_115541.1	1472	1	0
NR_115456.1	1367	1	0
NR_115215.1	1362	134	0
NR_115214.1	1362	1	0
NR_115212.1	1364	1	0
NR_115173.1	1447	117	0
NR_115092.1	1478	1	0
NR_115063.1	1545	2	0
NR_115005.1	1466	1321	0
NR_114995.1	1459	1	0
NR_114982.1	1381	1	0
NR_114975.1	1521	5	0
NR_114967.1	1443	1	0
NR_114964.1	1478	118	0
NR_114923.1	1086	5	0
NR_114879.1	1474	1	0
NR_114856.1	1498	1	0
NR_114794.1	1371	2	0
NR_114793.1	1370	12	0
NR_114751.1	1369	8	0
NR_114750.1	1362	61	0
NR_114737.1	1511	65	0
NR_114736.1	1516	217	0
NR_114735.1	1512	1615	0
NR_114716.1	1509	24	0
NR_114715.1	1492	6	0
NR_114714.1	1499	8	0
NR_114712.1	1446	1	0
NR_114711.1	1477	49	0
NR_114706.1	1531	9	0
NR_114705.1	1502	2	0
NR_114704.1	1498	12	0
NR_114589.1	1437	105	0
NR_114588.1	1498	1	0
NR_114579.1	1464	7	0
NR_114578.1	1464	1	0
NR_114577.1	1457	2	0
NR_114576.1	1461	4	0
NR_114575.1	1464	4	0
NR_114558.1	1461	1	0
NR_114550.1	1531	5	0
NR_114540.1	1422	1	0
NR_114538.1	1509	1	0
NR_114523.1	1344	2	0
NR_114522.1	1485	1	0
NR_114520.1	1480	157	0
NR_114519.1	1474	1	0
NR_114507.1	1436	15	0
NR_114506.1	1436	2	0
NR_114505.1	1271	1491	0
NR_114503.1	1436	203	0
NR_114502.1	1436	189	0
NR_114491.1	1462	3	0
NR_114481.1	1459	1	0
NR_114480.1	1460	1	0
NR_114478.1	1440	68	0
NR_114477.1	1457	43	0
NR_114476.1	1458	1	0
NR_114474.1	1458	1	0
NR_114472.1	1459	37	0
NR_114471.1	1489	39	0
NR_114470.1	1418	3	0
NR_114462.1	1513	1	0
NR_114448.1	1504	1	0
NR_114430.1	1410	3	0
NR_114428.1	1481	1	0
NR_114423.1	1341	1	0
NR_114419.1	1497	1	0
NR_114345.1	1324	81	0
NR_114320.1	1457	1	0
NR_114294.1	1455	1	0
NR_114286.1	1467	77	0
NR_114235.1	1467	79	0
NR_114232.1	1467	35	0
NR_114230.1	1450	1	0
NR_114226.1	1462	1	0
NR_114218.1	1478	26	0
NR_114216.1	1464	3	0
NR_114215.1	1462	171	0
NR_114196.1	1461	100	0
NR_114195.1	1462	33	0
NR_114194.1	1462	1	0
NR_114167.1	1461	43	0
NR_114164.1	1462	30	0
NR_114159.1	1466	36	0
NR_114158.1	1467	119	0
NR_114157.1	1467	17	0
NR_114156.1	1466	1	0
NR_114155.1	1467	137	0
NR_114154.1	1465	492	0
NR_114153.1	1465	106	0
NR_114152.1	1465	154	0
NR_114147.1	1477	1	0
NR_114111.1	1466	2385	0
NR_114108.1	1465	159	0
NR_114107.1	1465	94	0
NR_114080.1	1465	609	0
NR_114079.1	1467	111	0
NR_114078.1	1469	21	0
NR_114077.1	1467	117	0
NR_114072.1	1462	41	0
NR_114047.1	1463	1	0
NR_114044.1	1478	21	0
NR_114043.1	1467	47	0
NR_114042.1	1467	111	0
NR_114041.1	1463	1433	0
NR_113981.1	1470	1	0
NR_113976.1	1447	1	0
NR_113954.1	1489	1	0
NR_113932.1	1483	1	0
NR_113930.1	1450	3	0
NR_113859.1	1461	28	0
NR_113857.1	1462	1	0
NR_113856.1	1462	2	0
NR_113843.1	1412	1	0
NR_113790.1	1466	1	0
NR_113789.1	1478	1	0
NR_113784.1	1477	1	0
NR_113782.1	1478	2	0
NR_113775.1	1496	10	0
NR_113774.1	1472	1	0
NR_113757.1	1467	1	0
NR_113729.1	1416	1	0
NR_113703.1	1467	252	0
NR_113702.1	1465	3	0
NR_113701.1	1465	153	0
NR_113652.1	1462	14	0
NR_113651.1	1462	44	0
NR_113649.1	1462	29	0
NR_113647.1	1462	2	0
NR_113646.1	1462	21	0
NR_113645.1	1458	3	0
NR_113636.1	1414	1	0
NR_113617.1	1462	106	0
NR_113616.1	1468	3	0
NR_113615.1	1465	61	0
NR_113614.1	1465	54	0
NR_113611.1	1389	1	0
NR_113610.1	1478	1	0
NR_113604.1	1478	1	0
NR_113601.1	1462	10	0
NR_113600.1	1462	3	0
NR_113599.1	1461	42	0
NR_113598.1	1465	146	0
NR_113596.1	1467	55	0
NR_113583.1	1462	1	0
NR_113580.1	1468	38	0
NR_113578.1	1462	3	0
NR_113392.1	1492	2	0
NR_113376.1	1524	1	0
NR_113347.1	1464	138	0
NR_113344.1	1465	2	0
NR_113341.1	1462	134	0
NR_113340.1	1464	74	0
NR_113321.1	1468	214	0
NR_113296.1	1502	1	0
NR_113265.1	1472	2	0
NR_113258.1	1499	88	0
NR_113240.1	1462	1	0
NR_113236.1	1464	51	0
NR_113168.1	1421	1	0
NR_113028.1	1486	2	0
NR_112986.1	1434	26	0
NR_112985.1	1473	15	0
NR_112901.1	1469	1	0
NR_112686.1	1475	2	0
NR_112685.1	1475	2	0
NR_112629.1	1475	4	0
NR_112558.1	1110	122	0
NR_112557.1	1110	393	0
NR_112556.1	1110	132	0
NR_112555.1	1110	156	0
NR_112554.1	1110	157	0
NR_112551.1	1488	1	0
NR_112235.1	1433	1	0
NR_112232.1	1433	1	0
NR_112230.1	1435	1	0
NR_112191.1	1436	25	0
NR_112168.1	1452	2	0
NR_112123.1	1361	4	0
NR_112110.1	1432	1	0
NR_112090.1	1446	1	0
NR_112087.1	1454	11	0
NR_112077.1	1527	4	0
NR_112075.1	1504	1	0
NR_112073.1	1503	1	0
NR_112072.1	1505	15	0
NR_112070.1	1505	14	0
NR_112062.1	1507	39	0
NR_112060.1	1506	2	0
NR_112011.1	1451	362	0
NR_112010.1	1441	233	0
NR_112009.1	1449	2	0
NR_112007.1	1438	92	0
NR_112006.1	1449	114	0
NR_112005.1	1449	154	0
NR_111998.1	1449	65	0
NR_044712.2	1475	1	0
NR_044825.2	1482	87	0
NR_044837.2	1462	2	0
NR_044659.2	1526	7	0
NR_044676.2	1485	2	0
NR_109654.1	1433	1	0
NR_109632.1	1459	1	0
NR_109622.1	1521	1	0
NR_109602.1	1415	1	0
NR_109583.1	1532	33	0
NR_109502.1	1517	1	0
NR_109490.1	1407	6	0
NR_109470.1	1459	41	0
NR_109420.1	1422	1	0
NR_109312.1	1432	1	0
NR_109268.1	1445	1	0
NR_109179.1	1449	92	0
NR_109167.1	1426	1	0
NR_109105.1	1536	1	0
NR_109098.1	1461	1	0
NR_109093.1	1400	2	0
NR_108991.1	1405	2	0
NR_108902.1	1401	1	0
NR_108899.1	1500	2	0
NR_108874.1	1473	1	0
NR_108873.1	1463	20	0
NR_108848.1	1494	169	0
NR_108559.1	1430	2	0
NR_108535.1	1379	1	0
NR_108484.1	1529	3	0
NR_108470.1	1536	1	0
NR_108192.1	1489	1	0
NR_108187.1	1405	1	0
NR_108186.1	1436	1	0
NR_108121.1	1535	69	0
NR_104981.1	1413	1	0
NR_104980.1	1418	280	0
NR_104978.1	1485	10	0
NR_104973.1	1485	2	0
NR_104962.1	1432	5892	0
NR_104960.1	1483	1	0
NR_104943.1	1440	1832	0
NR_104940.1	1478	80	0
NR_104939.1	1532	1	0
NR_104938.1	1521	1	0
NR_104935.1	1534	1	0
NR_104934.1	1527	67	0
NR_104933.1	1527	502	0
NR_104932.1	1529	72	0
NR_104928.1	1524	51749	0
NR_104925.1	1534	42	0
NR_104924.1	1494	581	0
NR_104923.1	1476	2	0
NR_104919.1	1456	1	0
NR_104914.1	1472	1	0
NR_104913.1	1465	3	0
NR_104903.1	1480	48	0
NR_104873.1	1538	2	0
NR_104858.1	1454	2	0
NR_104854.1	1467	1	0
NR_104838.1	1460	49	0
NR_104827.1	1547	1	0
NR_104826.1	1530	181	0
NR_104823.1	1504	142	0
NR_104822.1	1491	2	0
NR_104770.1	1530	1	0
NR_104767.1	1510	4	0
NR_104760.1	1532	3	0
NR_104751.1	1508	14	0
NR_104750.1	1507	2	0
NR_104724.1	1461	32	0
NR_104709.1	1467	63	0
NR_104569.1	1494	1728	0
NR_104568.1	1473	8	0
NR_104563.1	1469	1	0
NR_104278.1	1484	1	0
NR_044729.2	1488	6	0
NR_044710.2	1501	1	0
NR_044648.2	1485	2	0
NR_102854.1	1526	2	0
NR_102822.1	1531	3	0
NR_102814.1	1537	1	0
NR_102802.1	1543	169	0
NR_102492.1	1538	1	0
NR_102469.1	1488	1	0
NR_102465.1	1480	2	0
NR_102464.1	1480	1	0
NR_102439.1	1507	38	0
NR_074106.1	1493	1	0
NR_074312.2	1529	1	0
NR_037065.2	1475	1	0
NR_074952.1	1548	1	0
NR_074908.1	1544	13827	0
NR_074906.1	1543	2	0
NR_074902.1	1542	323	0
NR_074901.1	1542	1	0
NR_074888.1	1542	7515	0
NR_074853.1	1538	7	0
NR_074851.1	1538	1	0
NR_074830.1	1536	1	0
NR_074782.1	1533	110	0
NR_074670.1	1524	56	0
NR_074664.1	1524	10	0
NR_074587.1	1517	1	0
NR_074568.1	1515	1	0
NR_074534.1	1512	60	0
NR_074521.1	1510	46	0
NR_074345.1	1493	1	0
NR_074344.1	1493	2	0
NR_074338.1	1493	1	0
NR_074314.1	1489	16	0
NR_074297.1	1488	49	0
NR_074282.1	1485	1	0
NR_074244.1	1476	1	0
NR_074208.1	1472	2	0
NR_044982.2	1469	1	0
NR_044980.1	1485	25	0
NR_044978.1	1495	54	0
NR_044977.1	1495	165	0
NR_044976.1	1498	427	0
NR_044974.1	1492	1	0
NR_044924.1	1536	148	0
NR_044901.1	1467	2	0
NR_044879.1	1497	1	0
NR_044853.1	1538	1	0
NR_044844.1	1478	3	0
NR_044838.1	1454	3	0
NR_044833.1	1469	1	0
NR_044827.1	1499	122	0
NR_044800.1	1456	14357	0
NR_044799.1	1502	165	0
NR_044749.1	1479	70	0
NR_044742.1	1425	1	0
NR_044655.1	1310	1	0
NR_044613.1	1485	3	0
NR_044612.1	1490	1	0
NR_044598.1	1469	1	0
NR_044573.1	1415	1	0
NR_044385.1	1500	53	0
NR_044373.1	1368	93	0
NR_044372.1	1448	50	0
NR_044371.1	1437	47	0
NR_044370.1	1414	28	0
NR_044152.1	1461	4	0
NR_044101.1	1400	117	0
NR_044062.1	1361	93	0
NR_044060.1	1417	99	0
NR_044059.1	1425	148	0
NR_044058.1	1417	98	0
NR_044057.1	1380	107	0
NR_043998.1	1383	3	0
NR_043997.1	1503	2	0
NR_043990.1	1411	51	0
NR_043980.1	1351	275	0
NR_043928.1	1416	1	0
NR_043751.1	1356	34	0
NR_043699.1	1499	2	0
NR_043679.1	1325	215	0
NR_043425.1	1527	2	0
NR_043424.1	1527	7	0
NR_043423.1	1526	819	0
NR_043420.1	1527	2	0
NR_043419.1	1530	11	0
NR_043384.1	1515	49	0
NR_043278.1	1520	1	0
NR_042993.1	1485	1	0
NR_042889.1	1371	1	0
NR_042886.1	1362	1	0
NR_042878.1	1362	147	0
NR_042876.1	1362	3	0
NR_042872.1	1364	1	0
NR_042866.1	1362	2	0
NR_042865.1	1365	2	0
NR_042821.1	1496	2	0
NR_042820.1	1497	3	0
NR_042813.1	1461	1	0
NR_042748.1	1436	1131	0
NR_042709.1	1502	1	0
NR_042662.1	1425	40	0
NR_042650.1	1418	1	0
NR_042635.1	1498	3	0
NR_042607.1	1489	10	0
NR_042529.1	1447	1	0
NR_042528.1	1509	1	0
NR_042485.1	1488	5	0
NR_042466.1	1446	35	0
NR_042465.1	1426	42	0
NR_042451.1	1497	18	0
NR_042450.1	1494	29	0
NR_042435.1	1523	11	0
NR_042422.1	1502	58	0
NR_042415.1	1517	151	0
NR_042413.1	1497	210	0
NR_042412.1	1518	4	0
NR_042411.1	1516	4	0
NR_042356.1	1479	70	0
NR_042349.1	1513	99	0
NR_042339.1	1531	1	0
NR_042337.1	1506	1	0
NR_042328.1	1524	7	0
NR_042325.1	1529	5	0
NR_042238.1	1419	4	0
NR_042191.1	1459	1437	0
NR_042166.1	1452	1	0
NR_042137.1	1503	1	0
NR_042106.1	1432	1	0
NR_042080.1	1435	1	0
NR_042062.1	1428	4	0
NR_042021.1	1523	1	0
NR_041979.1	1495	156	0
NR_041978.1	1473	1730	0
NR_041977.1	1491	249	0
NR_041976.1	1497	21	0
NR_041975.1	1509	281	0
NR_041974.1	1504	649	0
NR_041973.1	1495	155	0
NR_041972.1	1496	31	0
NR_041971.1	1497	124	0
NR_041970.1	1497	162	0
NR_041964.1	1435	1	0
NR_041952.1	1448	6	0
NR_041924.1	1434	11	0
NR_041923.1	1422	16	0
NR_041922.1	1427	40	0
NR_041921.1	1413	43	0
NR_041851.1	1523	1	0
NR_041849.1	1529	1	0
NR_041833.1	1461	2	0
NR_041832.1	1461	2	0
NR_041831.1	1461	2	0
NR_041750.1	1436	19	0
NR_041749.1	1436	218	0
NR_041725.1	1488	1	0
NR_041696.1	1491	54	0
NR_041653.1	1463	1	0
NR_041628.1	1456	1	0
NR_041599.1	1453	1	0
NR_041592.1	1438	33	0
NR_041527.1	1490	39	0
NR_041259.1	1460	2	0
NR_041038.1	1477	2	0
NR_041036.1	1442	15	0
NR_041035.1	1430	38	0
NR_041034.1	1451	27	0
NR_040930.1	1399	5	0
NR_040847.1	1486	3	0
NR_040830.1	1388	2	0
NR_040816.1	1477	85	0
NR_040809.1	1478	4	0
NR_040798.1	1513	1	0
NR_044654.1	1471	1	0
NR_044396.1	1475	16	0
NR_044318.1	1431	11	0
NR_044304.1	1438	16	0
NR_044248.1	1359	1	0
NR_044203.1	1425	1	0
NR_044076.1	1493	158	0
NR_043885.1	1506	1	0
NR_043883.1	1347	1854	0
NR_043716.1	1482	9	0
NR_043642.1	1487	1	0
NR_043314.1	1524	2	0
NR_043313.1	1520	1	0
NR_043242.1	1434	1	0
NR_043165.1	1436	1	0
NR_042960.1	1431	2	0
NR_042893.1	1441	54	0
NR_042858.1	1492	2	0
NR_042854.1	1494	20	0
NR_042840.1	1429	1	0
NR_042811.1	1511	4	0
NR_041927.1	1468	569	0
NR_041816.1	1517	3	0
NR_037134.1	1527	40	0
NR_037119.1	1451	1	0
NR_037114.1	1318	2	0
NR_037112.1	1508	15	0
NR_037111.1	1502	136	0
NR_037102.1	1529	4	0
NR_037092.1	1522	2	0
NR_037085.1	1454	316	0
NR_037073.1	1436	1	0
NR_037067.1	1546	24	0
NR_037061.1	1522	7	0
NR_037010.1	1491	1	0
NR_036998.1	1491	12	0
NR_036968.1	1500	1	0
NR_036944.1	1465	2	0
NR_036924.1	1529	76	0
NR_036919.1	1497	772	0
NR_036909.1	1527	1	0
NR_036908.1	1527	33	0
NR_036886.1	1532	102	0
NR_036871.1	1461	1	0
NR_036838.1	1490	1	0
NR_036823.1	1465	1	0
NR_036794.1	1534	46	0
NR_036790.1	1537	12	0
NR_029319.1	1408	12	0
NR_029317.1	1513	2	0
NR_029259.1	1457	2	0
NR_029256.1	1448	1	0
NR_029212.1	1522	1	0
NR_029210.1	1528	18	0
NR_029183.1	1499	1	0
NR_029171.1	1484	7	0
NR_029146.1	1457	1	0
NR_029103.1	1531	127	0
NR_029066.1	1507	10	0
NR_029063.1	1531	2	0
NR_029051.1	1374	1	0
NR_029044.1	1497	1	0
NR_029041.1	1497	7	0
NR_029029.1	1472	2	0
NR_029021.1	1449	1	0
NR_029012.1	1516	1	0
NR_028993.1	1451	70	0
NR_028986.1	1492	1	0
NR_028946.1	1542	21	0
NR_028939.1	1515	1	0
NR_028912.1	1511	63	0
NR_028906.1	1503	3	0
NR_028893.1	1507	800	0
NR_028888.1	1351	1	0
NR_028881.1	1521	3	0
NR_028860.1	1518	9	0
NR_028847.1	1493	3	0
NR_028803.1	1459	122	0
NR_028802.1	1453	112	0
NR_028786.1	1503	9	0
NR_028783.1	1282	1	0
NR_028751.1	1485	2	0
NR_028750.1	1485	1	0
NR_028715.1	1512	1	0
NR_028706.1	1521	3	0
NR_028691.1	1522	28	0
NR_028688.1	1530	109	0
NR_028687.1	1530	110	0
NR_028686.1	1522	177	0
NR_028685.1	1496	23	0
NR_028683.1	1468	4	0
NR_028679.1	1464	1	0
NR_028662.1	1504	1	0
NR_028660.1	1478	1	0
NR_028619.1	1528	6	0
NR_028009.1	1475	1	0
NR_028008.1	1429	1	0
NR_027552.1	1517	1	0
NR_027198.1	1484	1	0
NR_025593.1	1506	2	0
NR_025586.1	1511	2	0
NR_025566.1	1362	123	0
NR_025550.1	1494	2	0
NR_025549.1	1494	1	0
NR_025478.1	1435	2	0
NR_025412.1	1466	1	0
NR_025358.1	1510	1	0
NR_025341.1	1502	4	0
NR_025340.1	1495	2	0
NR_025339.1	1490	2	0
NR_025338.1	1516	155	0
NR_025335.1	1485	332	0
NR_025334.1	1490	14	0
NR_025331.1	1498	743	0
NR_025330.1	1495	696	0
NR_025329.1	1504	689	0
NR_025328.1	1505	708	0
NR_025327.1	1504	48	0
NR_025317.1	1407	1	0
NR_025316.1	1488	127	0
NR_025315.1	1391	3	0
NR_025295.1	1505	6	0
NR_025247.1	1507	6	0
NR_025227.1	1455	1	0
NR_025195.1	1500	1	0
NR_025174.1	1516	1	0
NR_025164.1	1492	1	0
NR_025161.1	1461	2	0
NR_025160.1	1461	4	0
NR_025159.1	1461	3	0
NR_025158.1	1461	2	0
NR_025119.1	1415	1	0
NR_025103.1	1502	3	0
NR_025079.1	1523	2	0
NR_025077.1	1465	2	0
NR_025013.1	1408	6	0
NR_024985.1	1453	1	0
NR_024951.1	1430	2	0
NR_024946.1	1458	1	0
NR_024927.1	1516	1	0
NR_024925.1	1453	10	0
NR_024924.1	1513	2	0
NR_024918.1	1515	5	0
NR_024912.1	1516	3	0
NR_024911.1	1522	3	0
NR_024910.1	1517	2	0
NR_024909.1	1516	2	0
NR_024902.1	1518	1	0
NR_024901.1	1516	1	0
NR_024899.1	1504	125	0
NR_024898.1	1504	7	0
NR_024897.1	1504	1	0
NR_024883.1	1414	260	0
NR_024861.1	1511	138	0
NR_024848.1	1494	68	0
NR_024774.1	1471	1	0
NR_024768.1	1466	30	0
NR_024765.1	1493	1	0
NR_024759.1	1462	1	0
NR_024734.1	1489	56	0
NR_024709.1	1519	1	0
NR_024696.1	1530	3	0
NR_024693.1	1526	1	0
NR_024680.1	1494	1	0
NR_024662.1	1498	1	0
NR_024654.1	1459	1	0
NR_024644.1	1442	60	0
NR_024643.1	1438	61	0
NR_024642.1	1449	461	0
NR_024640.1	1422	57	0
NR_024632.1	1428	18	0
NR_026534.1	1465	34	0
NR_026532.1	1494	15	0
NR_026450.1	1539	3	0
NR_026432.1	1497	1	0
NR_026414.1	1459	1	0
NR_026385.1	1502	1	0
NR_026332.1	1487	230	0
NR_026331.1	1488	135	0
NR_026311.1	1543	1	0
NR_026296.1	1478	1	0
NR_026239.1	1451	1	0
NR_026209.1	1460	4	0
NR_026206.1	1459	2	0
NR_026201.1	1519	1	0
NR_026160.1	1474	2	0
NR_026117.1	1466	1	0
NR_026098.1	1523	1	0
NR_026090.1	1432	1	0
NR_026087.1	1456	1	0
NR_026078.1	1537	60	0
NR_026063.1	1489	1	0
NR_026049.1	1456	22	0
NR_026048.1	1456	260	0
NR_026046.1	1458	161	0
NR_026045.1	1455	5778	0
NR_025970.1	1559	1	0
NR_025947.1	1529	16	0
NR_025938.1	1477	1	0
NR_025937.1	1481	5	0
NR_025881.1	1527	3	0
NR_025854.1	1413	1	0
NR_025847.1	1506	2	0
NR_025807.1	1506	1	0
NR_025794.1	1499	1	0
NR_025779.1	1520	1	0
NR_025775.1	1531	1	0
NR_025764.1	1482	2	0
NR_025713.1	1515	9	0
NR_025712.1	1516	1	0
NR_025709.1	1514	2	0
NR_025707.1	1517	9	0
NR_025704.1	1505	12	0
NR_025697.1	1516	2	0
NR_025687.1	1489	3	0
NR_025683.1	1485	21	0
NR_025682.1	1500	2	0
NR_025677.1	1489	59	0
NR_025676.1	1491	3	0
NR_025642.1	1558	7	0
NR_025635.1	1412	41	0
NR_146849.1	1254	4	0
NR_042154.1	1365	63	0
NR_042081.1	1468	2	0
NR_041980.1	1505	41	0
NR_041968.1	1504	435	0
NR_041837.1	1362	3	0
NR_041829.1	1498	1	0
NR_041794.1	1434	1	0
NR_041765.1	1509	2	0
NR_041715.1	1458	10	0
NR_041702.1	1528	113	0
NR_041640.1	1540	44	0
NR_041567.1	1498	1	0
NR_041547.1	1450	6	0
NR_041441.1	1439	1	0
NR_041312.1	1494	1	0
NR_041830.1	1491	2	0
NR_041813.1	1501	298	0
NR_036982.1	1539	2	0
NR_036952.1	1524	16	0
NR_036927.1	1516	4	0
NR_029365.1	1331	1	0
NR_029362.1	1521	4	0
NR_029358.1	1479	5	0
NR_029225.1	1528	56	0
NR_029222.1	1484	5	0
NR_029211.1	1510	1	0
NR_029105.1	1451	1	0
NR_028938.1	1502	49	0
NR_028892.1	1470	41	0
NR_028891.1	1447	43	0
NR_028830.1	1523	1	0
NR_028826.1	1438	1	0
NR_028677.1	1459	130	0
NR_028672.1	1447	1	0
NR_028639.1	1493	3	0
NR_027609.1	1382	1	0
NR_027587.1	1488	2	0
NR_027556.1	1500	1	0
NR_027549.1	1473	123	0
NR_027546.1	1461	5	0
NR_027545.1	1461	4	0
NR_027544.1	1461	2	0
NR_027543.1	1461	1	0
NR_027539.1	1435	2	0
NR_027229.1	1490	1	0
NR_025610.1	1448	1	0
NR_025569.1	1494	148	0
NR_025423.1	1468	3	0
NR_025342.1	1480	329	0
NR_025337.1	1473	9	0
NR_025333.1	1482	39	0
NR_025332.1	1481	1	0
NR_025270.1	1446	1	0
NR_025243.1	1403	17	0
NR_025145.1	1532	1	0
NR_025128.1	1500	4	0
NR_024996.1	1436	150	0
NR_024992.1	1434	2	0
NR_024820.1	1270	1	0
NR_024795.1	1484	9	0
NR_024770.1	1399	43	0
NR_024769.1	1466	30	0
NR_024706.1	1522	548	0
NR_024641.1	1450	164	0
NR_026360.1	1407	1	0
NR_026129.1	1436	2	0
NR_026126.1	1434	2	0
NR_026056.1	1475	2	0
NR_026050.1	1455	220	0
NR_026047.1	1458	8	0
NR_025971.1	1466	15	0
NR_025710.1	1516	1	0
NR_025703.1	1378	51	0
NR_025701.1	1515	4	0
NR_024570.1	1450	77	0
NR_037084.1	1452	2	0
NR_040859.1	1484	2	0
