NR_177911.1	1484	5	0
NR_177904.1	1464	1	0
NR_177903.1	1461	2	0
NR_177902.1	1464	6	0
NR_177891.1	1479	4	0
NR_177885.1	1427	11	0
NR_177880.1	1463	4	0
NR_177876.1	1455	8	0
NR_177871.1	1163	1	0
NR_177870.1	1480	1	0
NR_177868.1	1160	38	0
NR_177867.1	1160	41	0
NR_177866.1	1162	7	0
NR_177863.1	1124	1	0
NR_177862.1	1462	12	0
NR_177847.1	1462	5	0
NR_177841.1	1144	2	0
NR_177839.1	1144	3	0
NR_177837.1	1144	8	0
NR_177836.1	1144	1	0
NR_177835.1	1144	1	0
NR_177825.1	1163	3	0
NR_177814.1	1145	3	0
NR_177813.1	1145	2	0
NR_177812.1	1145	1	0
NR_177810.1	1145	4	0
NR_177805.1	1474	1	0
NR_177785.1	1143	2	0
NR_177784.1	1143	4	0
NR_177783.1	1143	2	0
NR_177782.1	1143	1	0
NR_177780.1	1144	1	0
NR_177779.1	1143	3	0
NR_177778.1	1162	3	0
NR_177767.1	1438	1	0
NR_177758.1	1484	1	0
NR_177748.1	1481	22	0
NR_177737.1	1485	1	0
NR_177735.1	1450	1	0
NR_177734.1	1478	3	0
NR_177732.1	1485	2	0
NR_177729.1	1485	1	0
NR_177724.1	1464	2	0
NR_177714.1	1543	10	0
NR_177705.1	1393	4	0
NR_177701.1	1293	9	0
NR_177700.1	1461	11	0
NR_177699.1	1453	7	0
NR_177692.1	1415	12	0
NR_177691.1	1414	9	0
NR_177690.1	1414	7	0
NR_177688.1	1471	17	0
NR_177681.1	1146	158	0
NR_177675.1	1285	1	0
NR_177673.1	1258	1	0
NR_177671.1	1462	6	0
NR_177669.1	1430	2	0
NR_177668.1	1442	4	0
NR_177665.1	1311	1	0
NR_177664.1	1292	1	0
NR_177040.1	1430	3	0
NR_177032.1	1455	6	0
NR_177023.1	1163	1	0
NR_176994.1	1443	19	0
NR_176992.1	1295	1	0
NR_176987.1	1485	6	0
NR_176986.1	1113	1	0
NR_176983.1	1111	1	0
NR_145527.1	1552	8	0
NR_176804.1	1504	136	0
NR_176606.1	1200	2	0
NR_176596.1	1330	1	0
NR_176595.1	1500	1	0
NR_176593.1	1144	1	0
NR_176589.1	1435	3	0
NR_176582.1	1001	1	0
NR_176580.1	1001	8	0
NR_176579.1	746	1	0
NR_176578.1	1002	1	0
NR_176576.1	1002	3	0
NR_176561.1	1143	1	0
NR_176553.1	1500	15	0
NR_176552.1	1500	12	0
NR_176550.1	1478	1	0
NR_176549.1	1500	3	0
NR_176539.1	1500	5	0
NR_176526.1	1481	1	0
NR_176517.1	1354	3	0
NR_176515.1	1477	5	0
NR_176514.1	1471	8	0
NR_176511.1	1500	8	0
NR_176510.1	1500	4	0
NR_176504.1	1477	2	0
NR_176501.1	1471	139	0
NR_176498.1	1500	2	0
NR_176497.1	1500	3	0
NR_176494.1	1500	2	0
NR_176493.1	640	11	0
NR_176486.1	1445	4	0
NR_176484.1	1353	7	0
NR_176475.1	1489	41	0
NR_172677.2	1490	9	0
NR_172660.2	1483	15	0
NR_172580.2	1445	2	0
NR_173600.1	1540	3	0
NR_175590.1	1516	1	0
NR_175589.1	1523	1	0
NR_175586.1	1523	2	0
NR_175547.1	1528	2	0
NR_175500.1	1359	4	0
NR_175482.1	1419	1	0
NR_175465.1	1432	1	0
NR_175455.1	1513	1	0
NR_175451.1	1257	19	0
NR_175448.1	1440	13	0
NR_175444.1	1476	1	0
NR_175430.1	1457	1	0
NR_171395.1	1543	1	0
NR_170421.1	1520	1	0
NR_165768.1	1462	24	0
NR_158115.1	1467	1	0
NR_157983.1	1420	1	0
NR_151929.1	1469	2	0
NR_134842.2	1498	10	0
NR_074469.2	1498	2	0
NR_146667.2	1522	3465	0
NR_149294.1	1476	3	0
NR_148578.1	1408	879	0
NR_137210.1	1498	37	0
NR_136872.1	1342	2	0
NR_136830.1	1405	11	0
NR_134140.1	1419	18	0
NR_134139.1	1500	477	0
NR_134065.1	1490	1	0
NR_134060.1	1505	1	0
NR_126210.1	1405	15	0
NR_125691.1	1419	44	0
NR_125600.1	1499	81	0
NR_119370.1	1484	333	0
NR_118756.1	1476	1	0
NR_118636.1	1418	17	0
NR_117894.1	1461	1	0
NR_117528.1	1447	1	0
NR_117232.1	1529	1	0
NR_116849.1	1516	1	0
NR_116838.1	1232	1	0
NR_116757.1	1387	294	0
NR_116497.1	1460	22	0
NR_116388.1	1508	2	0
NR_115108.1	1441	1	0
NR_114713.1	1500	271	0
NR_114149.1	1407	1	0
NR_113989.1	1475	5	0
NR_113653.1	1462	45	0
NR_113290.1	1562	7	0
NR_112785.1	1503	2	0
NR_112065.1	1511	50	0
NR_104755.1	1473	1	0
NR_109601.1	1429	1	0
NR_109519.1	1536	1	0
NR_108491.1	1512	1	0
NR_108487.1	1452	21	0
NR_104793.1	1537	2	0
NR_044647.2	1486	1	0
NR_102852.1	1519	41	0
NR_074958.1	1549	2	0
NR_074910.1	1544	14747	0
NR_074799.1	1534	116	0
NR_044916.1	1549	1	0
NR_044450.1	1408	31	0
NR_044415.1	1403	14	0
NR_044246.1	1497	2	0
NR_043999.1	1476	1	0
NR_043872.1	1480	1	0
NR_043591.1	1474	1	0
NR_043401.1	1486	1	0
NR_043184.1	1476	1	0
NR_042600.1	1387	1	0
NR_042584.1	1527	1	0
NR_042437.1	1559	1	0
NR_041770.1	1469	2	0
NR_041743.1	1460	1	0
NR_041685.1	1446	1	0
NR_040991.1	1479	16	0
NR_040959.1	1459	1	0
NR_040793.1	1507	1	0
NR_044394.1	1406	2	0
NR_037074.1	1499	1	0
NR_037000.1	1492	49	0
NR_029266.1	1526	1	0
NR_028901.1	1472	1	0
NR_028894.1	1505	116	0
NR_028699.1	1522	2	0
NR_028658.1	1556	1	0
NR_027579.1	1402	1	0
NR_027575.1	1540	5	0
NR_025136.1	1500	8	0
NR_024708.1	1497	1	0
NR_026531.1	1446	2	0
NR_025977.1	1417	1	0
NR_174334.1	1356	1	0
NR_174328.1	1405	1	0
NR_174303.1	1514	2	0
NR_174300.1	1538	100	0
NR_174266.1	1574	1	0
NR_174258.1	1528	211	0
NR_174237.1	1520	1	0
NR_174230.1	1485	1	0
NR_174227.1	1486	1	0
NR_174198.1	1352	1	0
NR_174193.1	1524	1	0
NR_173686.1	1391	1	0
NR_173685.1	1405	1	0
NR_173683.1	1395	1	0
NR_173680.1	1538	1	0
NR_173669.1	1455	7	0
NR_173654.1	1379	1	0
NR_173610.1	1543	230	0
NR_173607.1	1497	3	0
NR_173587.1	1528	20	0
NR_173586.1	1523	16	0
NR_173585.1	1525	23	0
NR_173584.1	1533	15	0
NR_173583.1	1533	15	0
NR_173582.1	1533	14	0
NR_173581.1	1526	13	0
NR_173580.1	1529	13	0
NR_173579.1	1504	17	0
NR_173578.1	1523	15	0
NR_173577.1	1524	15	0
NR_173576.1	1523	16	0
NR_173575.1	1525	21	0
NR_173574.1	1515	10	0
NR_173572.1	1546	21	0
NR_173571.1	1546	18	0
NR_173567.1	1532	24	0
NR_173566.1	1522	17	0
NR_173565.1	1518	19	0
NR_173564.1	1528	24	0
NR_173563.1	1528	19	0
NR_173562.1	1535	24	0
NR_173561.1	1507	22	0
NR_173559.1	1534	17	0
NR_173558.1	1542	20	0
NR_173557.1	1526	18	0
NR_173556.1	1517	1	0
NR_173555.1	1497	24	0
NR_173554.1	1520	16	0
NR_173553.1	1522	1	0
NR_173552.1	1527	25	0
NR_173544.1	1479	1	0
NR_173536.1	1459	5	0
NR_173523.1	1428	1	0
NR_173487.1	1436	1	0
NR_173486.1	1502	1	0
NR_026538.1	1497	8	0
NR_172704.1	1162	12	0
NR_172691.1	1162	2	0
NR_172690.1	1162	4	0
NR_172687.1	1162	1	0
NR_172683.1	1139	3	0
NR_172674.1	1161	23	0
NR_172661.1	1163	3	0
NR_172659.1	1167	1	0
NR_172621.1	979	9	0
NR_172613.1	1068	1	0
NR_172606.1	1463	35	0
NR_172605.1	1477	21	0
NR_172604.1	1478	5	0
NR_172603.1	1477	74	0
NR_172597.1	1286	16	0
NR_172585.1	1086	2	0
NR_172579.1	1498	9	0
NR_172576.1	1324	1	0
NR_172567.1	1480	1	0
NR_171529.1	1490	1	0
NR_171524.1	1497	27	0
NR_171515.1	1463	55	0
NR_171514.1	1508	6	0
NR_171510.1	1500	17	0
NR_171508.1	1487	1	0
NR_171480.1	1506	2	0
NR_171474.1	1506	4	0
NR_171443.1	1497	1	0
NR_171417.1	1078	520	0
NR_170528.1	1485	1	0
NR_170517.1	1485	1	0
NR_170506.1	1499	1	0
NR_170473.1	1446	1	0
NR_170465.1	1412	851	0
NR_170438.1	1491	3	0
NR_170433.1	1530	1	0
NR_170428.1	1500	24	0
NR_170426.1	1462	113	0
NR_170414.1	1361	1	0
NR_170492.1	1504	90	0
NR_170476.1	1544	1	0
NR_170467.1	1499	1	0
NR_170430.1	1492	1	0
NR_169498.1	1540	30	0
NR_169476.1	1536	6536	0
NR_169469.1	1399	1	0
NR_169468.1	1495	10	0
NR_169448.1	1465	2	0
NR_169411.1	1525	1	0
NR_169374.1	1480	7	0
NR_169367.1	1398	1	0
NR_169366.1	1460	26	0
NR_169359.1	1497	1	0
NR_169334.1	1500	77	0
NR_169333.1	1500	16	0
NR_169332.1	1532	13	0
NR_169331.1	1532	11	0
NR_169330.1	1532	21	0
NR_169329.1	1540	16	0
NR_169328.1	1536	23	0
NR_169320.1	1521	23	0
NR_169486.1	1429	1	0
NR_169446.1	1533	3	0
NR_169402.1	1530	1	0
NR_169339.1	1400	1	0
NR_169336.1	1418	1	0
NR_169335.1	1423	1	0
NR_169327.1	1535	24	0
NR_169326.1	1534	19	0
NR_165771.1	1495	1	0
NR_165748.1	1538	63	0
NR_165744.1	1477	1	0
NR_165713.1	1410	1	0
NR_165712.1	1564	115	0
NR_165706.1	1533	3	0
NR_165695.1	1475	1	0
NR_165672.1	1629	1	0
NR_165666.1	1580	1	0
NR_165010.1	1465	1	0
NR_165004.1	1505	1	0
NR_165002.1	1534	1	0
NR_165000.1	1409	1	0
NR_164987.1	1504	1	0
NR_164983.1	1547	2	0
NR_164974.1	1502	2	0
NR_164970.1	1480	1	0
NR_164627.1	1466	1	0
NR_164615.1	1518	1	0
NR_163665.1	1380	1	0
NR_108844.1	1428	1	0
NR_160523.1	1527	1	0
NR_159926.1	1530	66	0
NR_159925.1	1530	258	0
NR_159352.1	1395	1	0
NR_159344.1	1475	1	0
NR_159328.1	1440	1	0
NR_159318.1	1456	34	0
NR_159317.1	1454	210	0
NR_159313.1	1497	3	0
NR_159307.1	1398	1	0
NR_159255.1	1542	368	0
NR_159235.1	1503	125	0
NR_159234.1	1453	1	0
NR_159232.1	1455	12	0
NR_159221.1	1420	1	0
NR_159098.1	1394	23	0
NR_159086.1	1534	278	0
NR_159085.1	1542	1846	0
NR_159084.1	1542	363	0
NR_159083.1	1542	342	0
NR_158132.1	1453	1	0
NR_158062.1	1360	1	0
NR_158061.1	1360	1	0
NR_158058.1	1450	13	0
NR_158050.1	1420	10	0
NR_158049.1	1459	1	0
NR_158039.1	1410	2	0
NR_157999.1	1508	1	0
NR_157781.1	1465	1	0
NR_157778.1	1537	69	0
NR_157777.1	1531	138	0
NR_157762.1	1525	3	0
NR_157658.1	1535	6	0
NR_157602.1	1551	64	0
NR_157004.1	1473	2	0
NR_157001.1	1529	1	0
NR_157000.1	1487	1	0
NR_156995.1	1358	1	0
NR_156994.1	1357	1	0
NR_156989.1	1539	16	0
NR_156934.1	1471	1	0
NR_156932.1	1288	88	0
NR_156931.1	1281	8	0
NR_156930.1	1368	12	0
NR_156924.1	1526	5	0
NR_156918.1	1506	1	0
NR_156914.1	1439	15	0
NR_156860.1	1480	13	0
NR_156852.1	1415	1	0
NR_156848.1	1455	1	0
NR_156838.1	1538	23	0
NR_156801.1	1544	5	0
NR_156134.1	1433	1	0
NR_156104.1	1484	1	0
NR_156092.1	1419	1	0
NR_156025.1	1449	1	0
NR_153752.1	1543	219	0
NR_153747.1	1539	2	0
NR_153726.1	1494	1	0
NR_153720.1	1409	1	0
NR_153712.1	1362	8	0
NR_153691.1	1481	1	0
NR_153664.1	1532	4	0
NR_152710.1	1412	32	0
NR_152639.1	1423	2	0
NR_152630.1	1547	1	0
NR_152086.1	1545	5	0
NR_152082.1	1526	1	0
NR_152032.1	1437	1	0
NR_152011.1	1470	1	0
NR_151916.1	1489	4	0
NR_151914.1	1426	9	0
NR_151907.1	1552	1	0
NR_151905.1	1515	2	0
NR_151900.1	1519	1	0
NR_074480.2	1498	2	0
NR_074459.2	1498	3	0
NR_126313.2	1531	1	0
NR_132700.2	1456	1	0
NR_136501.2	1537	62	0
NR_102476.2	1482	1	0
NR_074335.2	1488	4	0
NR_075005.2	1550	1	0
NR_102783.2	1550	3	0
NR_118693.2	1489	1	0
NR_149822.1	1416	1	0
NR_149800.1	1468	1	0
NR_149782.1	1521	2	0
NR_149302.1	1542	119	0
NR_149201.1	1477	2	0
NR_148849.1	1463	1	0
NR_148843.1	1489	1	0
NR_148820.1	1348	3445	0
NR_148795.1	1400	1	0
NR_148770.1	1423	1	0
NR_148766.1	1477	2	0
NR_148756.1	1532	1	0
NR_148753.1	1533	1	0
NR_148663.1	1414	2	0
NR_148661.1	1450	1	0
NR_148650.1	1454	887	0
NR_148649.1	1444	136	0
NR_148598.1	1490	21	0
NR_148590.1	1412	1	0
NR_148582.1	1491	1	0
NR_148581.1	1322	1	0
NR_148577.1	1513	6	0
NR_148570.1	1530	1	0
NR_148272.1	1424	4	0
NR_148251.1	1443	9	0
NR_148246.1	1409	1	0
NR_147782.1	1457	1	0
NR_147774.1	1528	2	0
NR_147771.1	1454	31	0
NR_147758.1	1444	2	0
NR_147712.1	1478	2	0
NR_147393.1	1464	162	0
NR_146848.1	1345	7	0
NR_146847.1	1345	7	0
NR_146845.1	1345	6	0
NR_146843.1	1442	1	0
NR_146703.1	1446	1	0
NR_146692.1	1503	2	0
NR_146677.1	1452	26	0
NR_146676.1	1449	16	0
NR_146051.1	1528	1	0
NR_146047.1	1486	1	0
NR_146038.1	1451	1	0
NR_145923.1	1451	1	0
NR_145905.1	1377	1	0
NR_145878.1	1540	2	0
NR_145864.1	1458	1	0
NR_145849.1	1404	3	0
NR_145647.1	1422	70	0
NR_145641.1	1480	4	0
NR_145637.1	1423	1	0
NR_145570.1	1436	6	0
NR_145539.1	1483	1	0
NR_145528.1	1489	1	0
NR_144605.1	1510	1	0
NR_144604.1	1450	9	0
NR_144582.1	1408	168	0
NR_144581.1	1359	156	0
NR_144576.1	1519	1	0
NR_144574.1	1464	7	0
NR_137419.1	1493	6	0
NR_137415.1	1494	202	0
NR_137380.1	1502	167	0
NR_137345.1	1358	1	0
NR_137344.1	1290	1	0
NR_137333.1	1495	637	0
NR_137244.1	1306	1	0
NR_137236.1	1461	1	0
NR_136876.1	1422	1	0
NR_136869.1	1446	1	0
NR_136780.1	1464	9	0
NR_136767.1	1461	3	0
NR_136472.1	1504	123	0
NR_136445.1	1501	66	0
NR_136429.1	1508	118	0
NR_135885.1	1437	2	0
NR_135871.1	1463	12	0
NR_135696.1	1485	1	0
NR_135211.1	1462	46	0
NR_134830.1	1432	11	0
NR_134829.1	1484	6	0
NR_134827.1	1363	1	0
NR_134826.1	1483	24	0
NR_134825.1	1445	18	0
NR_134795.1	1403	1	0
NR_134741.1	1441	7	0
NR_134684.1	1460	1	0
NR_134230.1	1476	6	0
NR_134229.1	1396	1	0
NR_134219.1	1506	1	0
NR_134150.1	1400	6	0
NR_134149.1	1401	6	0
NR_134148.1	1394	10	0
NR_134124.1	1530	1	0
NR_134073.1	1430	1	0
NR_134063.1	1462	81	0
NR_134062.1	1462	19	0
NR_134020.1	1409	5	0
NR_133998.1	1488	1	0
NR_133967.1	1505	2	0
NR_133885.1	1473	1	0
NR_133881.1	1296	1	0
NR_133878.1	1418	3	0
NR_133848.1	1414	2	0
NR_133835.1	1432	1	0
NR_133815.1	1366	17	0
NR_133808.1	1389	1	0
NR_133801.1	1466	1	0
NR_133023.1	1459	1	0
NR_133020.1	1460	7	0
NR_132704.1	1534	1	0
NR_132596.1	1456	62	0
NR_132302.1	1397	1	0
NG_041959.1	1692	2	0
NR_044847.4	1497	1	0
NR_117712.2	1159	3	0
NR_126314.1	1546	3	0
NR_126284.1	1462	2	0
NR_126229.1	1426	1	0
NR_126228.1	1495	1	0
NR_126224.1	1433	1	0
NR_126223.1	1456	15	0
NR_126220.1	1472	4	0
NR_126199.1	1496	23	0
NR_126180.1	1453	2	0
NR_125696.2	1284	1	0
NR_115546.2	1543	3	0
NR_125709.1	873	1	0
NR_125699.1	1344	24	0
NR_125698.1	1344	39	0
NR_125690.1	1459	43	0
NR_125587.1	1397	3	0
NR_125586.1	1404	56	0
NR_125523.1	1529	32	0
NR_125517.1	1430	1	0
NR_125487.1	1506	1	0
NR_125461.1	1452	415	0
NR_122081.1	1480	21	0
NR_121793.1	1543	128	0
NR_121726.1	1500	1	0
NR_119223.1	1335	64	0
NR_118984.1	1434	4	0
NR_118972.1	1427	1	0
NR_118960.1	1435	1	0
NR_118911.1	1491	1	0
NR_118872.1	1526	2	0
NR_118785.1	1453	1	0
NR_118764.1	1312	1	0
NR_118585.1	1259	6	0
NR_118490.1	1534	1	0
NR_118469.1	1455	1	0
NR_118458.1	1442	1	0
NR_118433.1	1538	1	0
NR_118432.1	1418	2	0
NR_118420.1	1498	2	0
NR_118386.1	1451	3	0
NR_118348.1	1503	4	0
NR_118346.1	1414	1	0
NR_118335.1	1395	193	0
NR_118333.1	1500	85	0
NR_118321.1	1477	3	0
NR_118255.1	1446	1	0
NR_118155.1	1498	1	0
NR_118138.1	1544	3	0
NR_118001.1	1506	1	0
NR_117999.1	1517	1	0
NR_117931.1	1390	3	0
NR_117921.1	1424	3	0
NR_117903.1	1354	1	0
NR_117881.1	1449	8	0
NR_117880.1	1446	1	0
NR_117862.1	1464	1	0
NR_117838.1	1459	16	0
NR_117827.1	1442	15	0
NR_117824.1	1444	12	0
NR_117797.1	1400	1	0
NR_117795.1	1452	1	0
NR_117794.1	1424	32	0
NR_117790.1	1320	1	0
NR_117770.1	1495	1	0
NR_117697.1	1516	94	0
NR_117611.1	1230	1	0
NR_117571.1	1492	1	0
NR_117559.1	1272	1	0
NR_117551.1	1504	10	0
NR_117547.1	1535	84	0
NR_117490.1	1325	1	0
NR_117446.1	1406	848	0
NR_117437.1	1507	132	0
NR_117420.1	1526	2	0
NR_117419.1	1430	1	0
NR_117369.1	1451	7	0
NR_117304.1	1495	1193	0
NR_117216.1	1480	1	0
NR_117215.1	1319	1	0
NR_117186.1	1472	26	0
NR_117058.1	1426	1	0
NR_117041.1	1503	1	0
NR_117039.1	1461	6	0
NR_117022.1	1435	1	0
NR_117003.1	1516	2	0
NR_116999.1	1413	120	0
NR_116981.1	1417	1	0
NR_116970.1	1450	3	0
NR_116969.1	1431	24	0
NR_116935.1	1338	9	0
NR_116894.1	1463	1	0
NR_116893.1	1463	3	0
NR_116850.1	1463	2	0
NR_116839.1	1290	9	0
NR_116815.1	1440	1	0
NR_116782.1	1484	17	0
NR_116773.1	1410	1	0
NR_116762.1	1509	1	0
NR_116657.1	1492	1	0
NR_116646.1	1321	5	0
NR_116604.1	1422	58	0
NR_116560.1	1494	1	0
NR_116537.1	1481	2	0
NR_116535.1	1401	4	0
NR_116437.1	1299	2	0
NR_116403.1	1426	269	0
NR_116394.1	1492	1	0
NR_116326.1	1483	5	0
NR_116248.1	1492	1	0
NR_116240.1	1445	2	0
NR_116120.1	1549	1	0
NR_116079.1	1368	31	0
NR_116068.1	1544	1	0
NR_116033.1	1481	157	0
NR_115943.1	1425	211	0
NR_115922.1	1438	35	0
NR_115888.1	1493	1	0
NR_115874.1	1460	34	0
NR_115810.1	1527	1	0
NR_115808.1	1501	4	0
NR_115759.1	1513	8	0
NR_115697.1	1445	2	0
NR_115689.1	1360	2	0
NR_115511.1	1365	1	0
NR_115328.1	1494	1	0
NR_115258.1	1533	8314	0
NR_115229.1	1334	2	0
NR_115225.1	1360	16	0
NR_115224.1	1363	152	0
NR_115151.1	1386	1	0
NR_115115.1	1501	2	0
NR_115065.1	1411	2	0
NR_114981.1	1391	2	0
NR_114965.1	1530	6	0
NR_114957.1	1379	9	0
NR_114900.1	1468	15	0
NR_114868.1	1354	13	0
NR_114774.1	1427	2	0
NR_114645.1	1474	1	0
NR_114573.1	1508	1	0
NR_114544.1	1501	6	0
NR_114415.1	1434	2	0
NR_114312.1	1474	73	0
NR_114306.1	1338	1	0
NR_113569.1	1478	462	0
NR_113331.1	1441	6	0
NR_113269.1	1494	2	0
NR_113170.1	1434	1	0
NR_113061.1	1467	159	0
NR_113009.1	1438	1	0
NR_112920.1	1488	1	0
NR_112808.1	1490	18	0
NR_112807.1	1510	1	0
NR_112682.1	1414	1	0
NR_112571.1	1452	1	0
NR_112560.1	1393	4	0
NR_112205.1	1460	1	0
NR_104937.1	1527	311	0
NR_104911.1	1446	1	0
NR_104906.1	1463	3	0
NR_104901.1	1515	306	0
NR_104890.1	1469	278	0
NR_104856.1	1494	1	0
NR_104831.1	1467	2	0
NR_104828.1	1508	4164	0
NR_103954.1	1532	2	0
NR_102957.1	1525	6	0
NR_102890.1	1527	4	0
NR_102462.1	1479	2	0
NR_075054.1	1585	3	0
NR_075034.1	1568	6	0
NR_074991.1	1553	1	0
NR_074978.1	1551	1	0
NR_074951.1	1548	3	0
NR_074933.1	1546	1	0
NR_074932.1	1546	2	0
NR_074890.1	1542	166	0
NR_074869.1	1539	2674	0
NR_074818.1	1535	2	0
NR_074804.1	1534	1	0
NR_074697.1	1527	2	0
NR_074693.1	1526	3	0
NR_074666.1	1524	7	0
NR_074665.1	1524	15	0
NR_074394.1	1499	2	0
NR_074388.1	1498	1	0
NR_074386.1	1498	1	0
NR_074371.1	1496	1	0
NR_074296.1	1488	1	0
NR_044954.1	1368	1	0
NR_044795.1	1435	1	0
NR_044753.1	1473	1	0
NR_044751.1	1480	3	0
NR_044495.1	1365	1	0
NR_044390.1	1404	67	0
NR_044269.1	1441	2	0
NR_044209.1	1419	90	0
NR_044188.1	1442	2	0
NR_044105.1	1367	1	0
NR_044104.1	1359	1	0
NR_044095.1	1444	1	0
NR_044068.1	1492	12	0
NR_044061.1	1423	81	0
NR_044032.1	1484	1	0
NR_044017.1	1432	1	0
NR_043770.1	1403	2	0
NR_043750.1	1356	24	0
NR_043746.1	1515	1	0
NR_043731.1	1505	1	0
NR_043622.1	1492	3	0
NR_043614.1	1500	1	0
NR_043545.1	1441	3	0
NR_043536.1	1489	1	0
NR_043470.1	1430	1	0
NR_043421.1	1526	4	0
NR_043289.1	1531	56	0
NR_043277.1	1518	1	0
NR_043217.1	1498	1	0
NR_043174.1	1403	25	0
NR_043115.1	1529	20	0
NR_043110.1	1457	1	0
NR_042973.1	1462	1	0
NR_042972.1	1419	1	0
NR_042963.1	1540	2	0
NR_042636.1	1505	2	0
NR_042634.1	1502	1	0
NR_042387.1	1516	1	0
NR_042071.1	1384	6	0
NR_042050.1	1532	73	0
NR_041962.1	1407	12	0
NR_041958.1	1510	1	0
NR_041697.1	1527	929	0
NR_041583.1	1501	1	0
NR_041552.1	1487	2	0
NR_041510.1	1518	1	0
NR_041385.1	1457	2	0
NR_041355.1	1422	2	0
NR_041276.1	1484	1	0
NR_041000.1	1571	1	0
NR_040819.1	1419	2	0
NR_044569.1	1449	30	0
NR_044550.1	1421	2	0
NR_044460.1	1414	1	0
NR_044457.1	1433	1	0
NR_044436.1	1423	1	0
NR_044395.1	1450	1	0
NR_044284.1	1536	15	0
NR_044217.1	1540	2	0
NR_044215.1	1394	1	0
NR_044087.1	1425	1	0
NR_044040.1	1491	4	0
NR_044030.1	1467	3	0
NR_043860.1	1450	162	0
NR_043788.1	1530	4	0
NR_043690.1	1395	2	0
NR_043648.1	1486	2	0
NR_043647.1	1486	2	0
NR_043645.1	1480	3	0
NR_043643.1	1473	2	0
NR_043637.1	1477	1	0
NR_043634.1	1478	2	0
NR_043617.1	1462	1	0
NR_043223.1	1455	1	0
NR_043169.1	1485	2	0
NR_042945.1	1485	3	0
NR_041886.1	1414	1	0
NR_041797.1	1510	1	0
NR_037012.2	1503	13	0
NR_037110.1	1502	11	0
NR_036851.1	1428	1	0
NR_028875.1	1532	512	0
NR_027602.1	1546	1	0
NR_024882.1	1454	1	0
NR_024862.1	1521	190	0
NR_026382.1	1417	2	0
NR_026321.1	1401	1	0
NR_159347.1	1486	1	0
NR_159346.1	1485	2	0
NR_159305.1	1363	4	0
NR_159179.1	1512	6	0
NR_159157.1	1531	159	0
NR_159080.1	1533	1	0
NR_156996.1	1480	1	0
NR_156986.1	1428	1	0
NR_156919.1	1518	1	0
NR_156052.1	1336	295	0
NR_156018.1	1508	1	0
NR_153750.1	1461	4	0
NR_152635.1	1484	1	0
NR_152626.1	1489	1	0
NR_151897.1	1508	2	0
NR_075015.2	1553	3	0
NR_044656.2	1498	2	0
NR_102794.2	1543	324	0
NR_103934.2	1537	355	0
NR_121794.2	1522	1	0
NR_074354.2	1490	1	0
NR_074476.2	1503	8	0
NR_074674.2	1521	3	0
NR_102493.2	1540	318	0
NR_112116.2	1550	2	0
NR_121722.2	1566	1	0
NR_149809.1	1434	1	0
NR_149808.1	1445	1	0
NR_148847.1	1489	8	0
NR_148767.1	1502	59	0
NR_148747.1	1521	15	0
NR_148575.1	1390	22	0
NR_148572.1	1503	14	0
NR_148298.1	1499	2	0
NR_146846.1	1475	81	0
NR_146697.1	1530	1	0
NR_145596.1	1484	1	0
NR_145595.1	1486	1	0
NR_145562.1	1512	85	0
NR_137272.1	1461	1	0
NR_136858.1	1496	9	0
NR_136831.1	1405	12	0
NR_136829.1	1405	19	0
NR_136495.1	1485	1	0
NR_136490.1	1508	1	0
NR_136448.1	1456	24	0
NR_136437.1	1528	49	0
NR_136435.1	1407	1	0
NR_136431.1	1404	381	0
NR_135894.1	1347	374	0
NR_135866.1	1451	1	0
NR_135725.1	1483	33	0
NR_134807.1	1451	1474	0
NR_134793.1	1506	30	0
NR_134792.1	1415	8	0
NR_134169.1	1417	1	0
NR_134161.1	1490	2	0
NR_134120.1	1413	2	0
NR_134045.1	1521	1	0
NR_133965.1	1538	1	0
NR_109294.1	1449	1	0
NR_133904.1	1551	5	0
NR_133903.1	1552	8	0
NR_133766.1	1422	1	0
NR_132718.1	1503	11	0
NR_132692.1	1459	16	0
NR_037064.2	1356	1	0
NR_126319.1	1531	100	0
NR_126318.1	1531	112	0
NR_126317.1	1532	85	0
NR_126305.1	1501	156	0
NR_126304.1	1501	163	0
NR_126303.1	1501	179	0
NR_126291.1	1344	111	0
NR_126208.1	1429	125	0
NR_029364.2	1518	1	0
NR_117738.2	1528	29	0
NR_117737.2	1528	34	0
NR_125711.1	1460	11	0
NR_125682.1	1162	1	0
NR_125649.1	985	26	0
NR_125599.1	460	11	0
NR_125539.1	1428	151	0
NR_125521.1	1458	5	0
NR_125506.1	1388	1	0
NR_116992.1	1425	28	0
NR_122062.1	1524	1	0
NR_122060.1	1541	1	0
NR_122059.1	1541	1	0
NR_122057.1	1544	99	0
NR_122050.1	1541	1	0
NR_121745.1	1485	4	0
NR_121742.1	1542	117	0
NR_121739.1	1546	3	0
NR_121733.1	1525	107	0
NR_121727.1	1538	1	0
NR_121718.1	1529	6	0
NR_121709.1	1541	1	0
NR_121703.1	1542	118	0
NR_121686.1	1521	1	0
NR_119372.1	1484	366	0
NR_119371.1	1471	40	0
NR_119369.1	1485	14	0
NR_119368.1	1497	29	0
NR_119367.1	1497	160	0
NR_119366.1	1481	194	0
NR_119365.1	1498	70	0
NR_119364.1	1496	49	0
NR_119363.1	1484	2045	0
NR_119362.1	1495	4681	0
NR_119361.1	1497	14033	0
NR_119360.1	1416	1	0
NR_119358.1	1416	1	0
NR_119302.1	1452	1	0
NR_119296.1	1410	3	0
NR_119279.1	1452	210	0
NR_119278.1	1452	17	0
NR_119277.1	1452	148	0
NR_119276.1	1452	15	0
NR_119256.1	1499	4263	0
NR_119255.1	1239	62	0
NR_119225.1	1492	6	0
NR_119224.1	1334	12	0
NR_119214.1	1401	210	0
NR_119191.1	1482	1	0
NR_119190.1	1538	16	0
NR_119186.1	1092	21	0
NR_119153.1	1497	1	0
NR_119151.1	1497	2	0
NR_119150.1	1497	1	0
NR_119131.1	1200	18	0
NR_119130.1	1475	13	0
NR_119109.1	1443	43	0
NR_119108.1	1539	222	0
NR_119064.1	1486	24	0
NR_119063.1	1485	1	0
NR_119060.1	1468	1	0
NR_119059.1	1464	2	0
NR_119053.1	1457	8	0
NR_119051.1	1463	3	0
NR_119050.1	1467	1	0
NR_119049.1	1468	1	0
NR_119048.1	1457	191	0
NR_119045.1	1460	14	0
NR_119044.1	1460	16	0
NR_119043.1	1460	17	0
NR_119042.1	1460	18	0
NR_119041.1	1460	12	0
NR_119040.1	1460	20	0
NR_119039.1	1460	11	0
NR_119005.1	1480	2	0
NR_118947.1	1503	8	0
NR_118946.1	1503	2	0
NR_118945.1	1503	12	0
NR_118944.1	1503	12	0
NR_118931.1	1482	102	0
NR_118930.1	1472	2	0
NR_118928.1	1481	119	0
NR_118927.1	1482	113	0
NR_118925.1	1472	132	0
NR_118923.1	1469	1	0
NR_118878.1	1390	1	0
NR_118864.1	1467	9	0
NR_118859.1	1457	95	0
NR_118858.1	1458	55	0
NR_118857.1	1457	91	0
NR_118856.1	1458	170	0
NR_118855.1	1457	151	0
NR_118854.1	1456	202	0
NR_118853.1	1502	272	0
NR_118816.1	1548	3	0
NR_118806.1	1414	1	0
NR_118798.1	1456	7	0
NR_118771.1	1527	21	0
NR_118763.1	1471	1	0
NR_118762.1	1483	5	0
NR_118758.1	1487	2	0
NR_118757.1	1477	1	0
NR_118748.1	1479	1	0
NR_118744.1	1479	2	0
NR_118743.1	1476	3	0
NR_118742.1	1479	3	0
NR_118717.1	1474	18	0
NR_118700.1	1467	1	0
NR_118695.1	1474	1	0
NR_118659.1	1473	2	0
NR_118658.1	1495	3	0
NR_118657.1	1485	1	0
NR_118656.1	1476	2	0
NR_118655.1	1485	2	0
NR_118648.1	1372	1	0
NR_118588.1	1459	240	0
NR_118571.1	1450	4	0
NR_118568.1	1369	103	0
NR_118556.1	1376	83	0
NR_118547.1	1287	13	0
NR_118537.1	1331	6	0
NR_118531.1	1494	1541	0
NR_118488.1	1537	1	0
NR_118487.1	1294	29	0
NR_118470.1	1467	2	0
NR_118449.1	1438	309	0
NR_118443.1	1291	12	0
NR_118431.1	1493	94	0
NR_118394.1	1500	177	0
NR_118387.1	1439	90	0
NR_118356.1	1426	1	0
NR_118347.1	1535	26	0
NR_118342.1	1503	1	0
NR_118328.1	1422	1	0
NR_118325.1	1271	6	0
NR_118295.1	1531	231	0
NR_118294.1	1531	60	0
NR_118293.1	1531	77	0
NR_118292.1	1530	382	0
NR_118291.1	1530	348	0
NR_118273.1	1344	420	0
NR_118256.1	1525	416	0
NR_118243.1	1468	1	0
NR_118228.1	1530	209	0
NR_118227.1	1530	208	0
NR_118226.1	1530	204	0
NR_118225.1	1530	216	0
NR_118224.1	1530	213	0
NR_118153.1	1430	1	0
NR_118143.1	1364	5	0
NR_118142.1	1362	2	0
NR_118134.1	1494	33	0
NR_118127.1	1345	5	0
NR_118126.1	1345	11	0
NR_118122.1	1344	1156	0
NR_118121.1	1344	6656	0
NR_118120.1	1344	920	0
NR_118106.1	1494	185	0
NR_118105.1	1494	358	0
NR_118099.1	1406	2	0
NR_118095.1	1471	1	0
NR_118093.1	1471	3	0
NR_118092.1	1471	2	0
NR_118091.1	1471	1	0
NR_118088.1	1443	60	0
NR_118087.1	1425	58	0
NR_118075.1	1124	1	0
NR_118062.1	1124	1	0
NR_118057.1	1124	1	0
NR_118044.1	1503	19	0
NR_118043.1	1503	15	0
NR_118042.1	1503	13	0
NR_118027.1	1398	1	0
NR_118011.1	1507	67	0
NR_118008.1	1497	1	0
NR_117969.1	1500	113	0
NR_117930.1	1392	1	0
NR_117898.1	1470	1	0
NR_117893.1	1471	1	0
NR_117890.1	1471	1	0
NR_117887.1	1470	4	0
NR_117874.1	1481	1	0
NR_117793.1	1471	29	0
NR_117789.1	1413	103	0
NR_117769.1	1356	7	0
NR_117763.1	1348	138	0
NR_117753.1	1545	3	0
NR_117752.1	1427	154	0
NR_117751.1	1427	254	0
NR_117750.1	1427	130	0
NR_117708.1	1483	1	0
NR_117704.1	1530	179	0
NR_117686.1	1530	34	0
NR_117685.1	1530	46	0
NR_117684.1	1530	24	0
NR_117683.1	1530	31	0
NR_117682.1	1524	38	0
NR_117681.1	1517	1	0
NR_117679.1	1529	73	0
NR_117678.1	1527	17	0
NR_117677.1	1515	1	0
NR_117625.1	1531	1	0
NR_117624.1	1530	1	0
NR_117623.1	1529	1	0
NR_117622.1	1530	4	0
NR_117620.1	1529	5	0
NR_117575.1	1536	13	0
NR_117531.1	1453	1	0
NR_117526.1	1396	105	0
NR_117512.1	1478	10	0
NR_117424.1	1421	1	0
NR_117405.1	1506	942	0
NR_117353.1	1350	137	0
NR_117305.1	1494	1265	0
NR_117303.1	1504	14	0
NR_117269.1	1527	1226	0
NR_117167.1	1548	1	0
NR_117146.1	1545	1	0
NR_117145.1	1542	2	0
NR_117000.1	1493	74	0
NR_116994.1	1504	3	0
NR_116937.1	1428	1	0
NR_116927.1	1295	2	0
NR_116926.1	1381	1	0
NR_116925.1	1386	2	0
NR_116924.1	1379	3	0
NR_116904.1	1521	37	0
NR_116898.1	1495	22	0
NR_116880.1	1503	16	0
NR_116845.1	1528	2	0
NR_116808.1	1488	4	0
NR_116800.1	1502	109	0
NR_116799.1	1361	296	0
NR_116798.1	1505	319	0
NR_116797.1	1506	889	0
NR_116786.1	1484	37	0
NR_116785.1	1466	25	0
NR_116784.1	1460	7	0
NR_116783.1	1484	28	0
NR_116759.1	1522	5	0
NR_116758.1	1387	406	0
NR_116756.1	1387	47	0
NR_116755.1	1361	1269	0
NR_116754.1	1387	205	0
NR_116753.1	1361	233	0
NR_116752.1	1362	1836	0
NR_116751.1	1387	5830	0
NR_116750.1	1387	3961	0
NR_116749.1	1387	5245	0
NR_116748.1	1376	9946	0
NR_116690.1	1438	1	0
NR_116603.1	1436	25	0
NR_116602.1	1421	2344	0
NR_116586.1	1503	17	0
NR_116585.1	1503	11	0
NR_116584.1	1503	11	0
NR_116489.1	1495	11	0
NR_116478.1	1464	2419	0
NR_116430.1	1285	1448	0
NR_116422.1	1477	1	0
NR_116341.1	1223	48	0
NR_116305.1	1501	39	0
NR_116292.1	1449	3	0
NR_116283.1	1494	254	0
NR_116282.1	1492	617	0
NR_116259.1	1397	1	0
NR_116258.1	1397	1	0
NR_116247.1	1344	13351	0
NR_116246.1	1344	1160	0
NR_116245.1	1344	8151	0
NR_116244.1	1344	4737	0
NR_116213.1	1329	1	0
NR_116206.1	1329	1	0
NR_116192.1	1168	1	0
NR_116186.1	1168	1	0
NR_116168.1	1505	169	0
NR_116167.1	1506	3	0
NR_116156.1	1313	1	0
NR_116151.1	1313	2	0
NR_116126.1	1262	119	0
NR_116125.1	1438	31	0
NR_116124.1	1443	144	0
NR_116115.1	1429	10069	0
NR_116114.1	1443	9227	0
NR_116113.1	1432	5636	0
NR_116112.1	1348	5768	0
NR_116111.1	1422	282	0
NR_116110.1	1494	112	0
NR_116109.1	1494	325	0
NR_116048.1	1345	5	0
NR_116047.1	1344	164	0
NR_116046.1	1343	317	0
NR_116045.1	1345	178	0
NR_116044.1	1344	170	0
NR_116026.1	1506	17	0
NR_116022.1	1468	1	0
NR_116017.1	1468	1	0
NR_115976.1	1461	4	0
NR_115975.1	1461	39	0
NR_115974.1	1461	35	0
NR_115973.1	1461	2	0
NR_115972.1	1461	4	0
NR_115971.1	1461	7	0
NR_115970.1	1461	9	0
NR_115969.1	1461	3	0
NR_115968.1	1461	9	0
NR_115942.1	1424	106	0
NR_115932.1	1251	240	0
NR_115931.1	1468	1	0
NR_115882.1	1465	1	0
NR_115880.1	1485	165	0
NR_115879.1	1479	1	0
NR_115878.1	1478	1	0
NR_115873.1	1305	308	0
NR_115869.1	1440	4	0
NR_115806.1	1435	1	0
NR_115750.1	1356	28	0
NR_115734.1	1472	1	0
NR_115723.1	1245	69	0
NR_115722.1	1266	48	0
NR_115679.1	1470	1	0
NR_115642.1	1329	1	0
NR_115629.1	1469	1	0
NR_115615.1	1388	1	0
NR_115611.1	1370	4	0
NR_115608.1	1453	17	0
NR_115575.1	1479	1	0
NR_115491.1	1415	1	0
NR_115351.1	1510	13	0
NR_115332.1	1475	1	0
NR_115233.1	1487	1	0
NR_115215.1	1362	152	0
NR_115192.1	1499	4	0
NR_115186.1	1461	1	0
NR_115173.1	1447	142	0
NR_115005.1	1466	947	0
NR_114995.1	1459	4	0
NR_114975.1	1521	9	0
NR_114964.1	1478	131	0
NR_114923.1	1086	25	0
NR_114921.1	1462	1	0
NR_114903.1	1516	1	0
NR_114883.1	1497	15	0
NR_114798.1	1492	2	0
NR_114793.1	1370	7	0
NR_114764.1	1466	1	0
NR_114751.1	1369	4	0
NR_114750.1	1362	67	0
NR_114737.1	1511	99	0
NR_114736.1	1516	255	0
NR_114735.1	1512	6474	0
NR_114716.1	1509	25	0
NR_114715.1	1492	27	0
NR_114714.1	1499	4	0
NR_114711.1	1477	13	0
NR_114706.1	1531	15	0
NR_114705.1	1502	3	0
NR_114704.1	1498	19	0
NR_114701.1	1444	5	0
NR_114641.1	1547	2	0
NR_114630.1	1514	1	0
NR_114589.1	1437	81	0
NR_114588.1	1498	2	0
NR_114579.1	1464	11	0
NR_114577.1	1457	10	0
NR_114576.1	1461	7	0
NR_114575.1	1464	9	0
NR_114550.1	1531	1	0
NR_114523.1	1344	2	0
NR_114522.1	1485	1	0
NR_114520.1	1480	221	0
NR_114507.1	1436	37	0
NR_114506.1	1436	21	0
NR_114505.1	1271	5245	0
NR_114503.1	1436	261	0
NR_114502.1	1436	419	0
NR_114499.1	1350	1	0
NR_114491.1	1462	1	0
NR_114478.1	1440	26	0
NR_114477.1	1457	28	0
NR_114472.1	1459	43	0
NR_114471.1	1489	32	0
NR_114470.1	1418	2	0
NR_114448.1	1504	1	0
NR_114430.1	1410	1	0
NR_114429.1	1485	2	0
NR_114419.1	1497	2	0
NR_114413.1	1460	1	0
NR_114345.1	1324	112	0
NR_114286.1	1467	114	0
NR_114285.1	1414	1	0
NR_114282.1	1470	2	0
NR_114259.1	1468	1	0
NR_114235.1	1467	151	0
NR_114234.1	1406	2	0
NR_114233.1	1468	1	0
NR_114232.1	1467	25	0
NR_114225.1	1462	1	0
NR_114221.1	1435	1	0
NR_114220.1	1486	1	0
NR_114219.1	1467	1	0
NR_114218.1	1478	12	0
NR_114215.1	1462	144	0
NR_114204.1	1471	1	0
NR_114199.1	1414	1	0
NR_114196.1	1461	89	0
NR_114195.1	1462	20	0
NR_114194.1	1462	6	0
NR_114185.1	1469	1	0
NR_114167.1	1461	17	0
NR_114165.1	1461	1	0
NR_114164.1	1462	35	0
NR_114159.1	1466	151	0
NR_114158.1	1467	181	0
NR_114157.1	1467	7	0
NR_114156.1	1466	4	0
NR_114155.1	1467	159	0
NR_114154.1	1465	908	0
NR_114153.1	1465	108	0
NR_114152.1	1465	206	0
NR_114126.1	1463	6	0
NR_114111.1	1466	13415	0
NR_114108.1	1465	117	0
NR_114107.1	1465	98	0
NR_114080.1	1465	569	0
NR_114079.1	1467	109	0
NR_114078.1	1469	71	0
NR_114077.1	1467	115	0
NR_114072.1	1462	35	0
NR_114044.1	1478	10	0
NR_114043.1	1467	6	0
NR_114042.1	1467	109	0
NR_114041.1	1463	1023	0
NR_114032.1	1495	1	0
NR_114022.1	1468	1	0
NR_114018.1	1468	1	0
NR_114007.1	1480	1	0
NR_113973.1	1470	1	0
NR_113967.1	1468	1	0
NR_113881.1	1480	1	0
NR_113877.1	1457	1	0
NR_113859.1	1461	19	0
NR_113856.1	1462	2	0
NR_113798.1	1481	1	0
NR_113791.1	1479	3	0
NR_113789.1	1478	1	0
NR_113775.1	1496	18	0
NR_113774.1	1472	2	0
NR_113741.1	1409	4	0
NR_113703.1	1467	427	0
NR_113702.1	1465	17	0
NR_113701.1	1465	210	0
NR_113688.1	1446	1	0
NR_113667.1	1463	1	0
NR_113652.1	1462	11	0
NR_113651.1	1462	40	0
NR_113649.1	1462	22	0
NR_113648.1	1470	2	0
NR_113646.1	1462	22	0
NR_113636.1	1414	1	0
NR_113635.1	1470	14	0
NR_113620.1	1462	1	0
NR_113617.1	1462	44	0
NR_113616.1	1468	5	0
NR_113615.1	1465	83	0
NR_113614.1	1465	92	0
NR_113609.1	1470	1	0
NR_113601.1	1462	8	0
NR_113599.1	1461	37	0
NR_113598.1	1465	237	0
NR_113596.1	1467	103	0
NR_113583.1	1462	1	0
NR_113580.1	1468	30	0
NR_113391.1	1483	1	0
NR_113352.1	1460	7	0
NR_113347.1	1464	121	0
NR_113342.1	1467	15	0
NR_113341.1	1462	215	0
NR_113340.1	1464	111	0
NR_113322.1	1462	2	0
NR_113321.1	1468	332	0
NR_113299.1	1472	1	0
NR_113258.1	1499	216	0
NR_113240.1	1462	19	0
NR_113238.1	1385	1	0
NR_113237.1	1459	1	0
NR_113236.1	1464	8	0
NR_113182.1	1400	1	0
NR_113168.1	1421	6	0
NR_113167.1	1450	1	0
NR_113028.1	1486	2	0
NR_112986.1	1434	134	0
NR_112985.1	1473	13	0
NR_112838.1	1415	11	0
NR_112837.1	1414	10	0
NR_112725.1	1475	1	0
NR_112570.1	1225	5	0
NR_112569.1	1474	1	0
NR_112558.1	1110	79	0
NR_112557.1	1110	1897	0
NR_112556.1	1110	131	0
NR_112555.1	1110	228	0
NR_112554.1	1110	225	0
NR_112191.1	1436	10	0
NR_112179.1	1148	3	0
NR_112177.1	1147	1	0
NR_112175.1	1145	5	0
NR_112123.1	1361	18	0
NR_112110.1	1432	4	0
NR_112108.1	1443	1	0
NR_112087.1	1454	36	0
NR_112078.1	1450	1	0
NR_112075.1	1504	1	0
NR_112073.1	1503	1	0
NR_112072.1	1505	16	0
NR_112070.1	1505	19	0
NR_112063.1	1491	1	0
NR_112062.1	1507	37	0
NR_112061.1	1506	2	0
NR_112060.1	1506	1	0
NR_112030.1	1467	1	0
NR_112011.1	1451	230	0
NR_112010.1	1441	235	0
NR_112009.1	1449	18	0
NR_112007.1	1438	103	0
NR_112006.1	1449	116	0
NR_112005.1	1449	148	0
NR_111998.1	1449	110	0
NR_111990.1	1410	1	0
NR_044825.2	1482	141	0
NR_044659.2	1526	19	0
NR_044676.2	1485	2	0
NR_044752.2	1476	1	0
NR_109657.1	1433	1	0
NR_109636.1	1447	1	0
NR_109632.1	1459	1	0
NR_109583.1	1532	23	0
NR_109529.1	1477	1	0
NR_109490.1	1407	10	0
NR_109470.1	1459	47	0
NR_109420.1	1422	1	0
NR_109327.1	1471	1	0
NR_109326.1	1458	1	0
NR_109325.1	1454	4	0
NR_109317.1	1561	1	0
NR_109179.1	1449	53	0
NR_109105.1	1536	3	0
NR_109099.1	1465	1	0
NR_108991.1	1405	3	0
NR_108899.1	1500	1	0
NR_108873.1	1463	13	0
NR_108872.1	1322	13	0
NR_108848.1	1494	320	0
NR_108829.1	1516	6	0
NR_108603.1	1475	1	0
NR_108575.1	1467	1	0
NR_108559.1	1430	2	0
NR_108526.1	1448	2	0
NR_108515.1	1441	1	0
NR_108494.1	1517	1	0
NR_108493.1	1487	2	0
NR_108470.1	1536	2	0
NR_108187.1	1405	1	0
NR_108136.1	1422	1	0
NR_108121.1	1535	113	0
NR_104980.1	1418	234	0
NR_104978.1	1485	3	0
NR_104975.1	1485	3	0
NR_104973.1	1485	1	0
NR_104964.1	1499	1	0
NR_104963.1	1499	1	0
NR_104962.1	1432	4784	0
NR_104949.1	1465	1	0
NR_104943.1	1440	7598	0
NR_104940.1	1478	3194	0
NR_104939.1	1532	1	0
NR_104936.1	1522	1	0
NR_104935.1	1534	17	0
NR_104934.1	1527	281	0
NR_104933.1	1527	987	0
NR_104932.1	1529	140	0
NR_104930.1	1486	1	0
NR_104929.1	1533	4	0
NR_104928.1	1524	35135	0
NR_104925.1	1534	85	0
NR_104924.1	1494	1437	0
NR_104914.1	1472	2	0
NR_104913.1	1465	1	0
NR_104903.1	1480	128	0
NR_104893.1	1462	1	0
NR_104873.1	1538	1	0
NR_104861.1	1562	2	0
NR_104841.1	1400	1	0
NR_104838.1	1460	41	0
NR_104826.1	1530	269	0
NR_104824.1	1494	15	0
NR_104823.1	1504	190	0
NR_104802.1	1541	1	0
NR_104773.1	1535	1	0
NR_104770.1	1530	1	0
NR_104767.1	1510	19	0
NR_104759.1	1524	1	0
NR_104752.1	1516	1	0
NR_104742.1	1469	1	0
NR_104724.1	1461	60	0
NR_104709.1	1467	132	0
NR_104569.1	1494	1484	0
NR_104568.1	1473	11	0
NR_104280.1	1484	1	0
NR_044739.2	1460	1	0
NR_044729.2	1488	7	0
NR_044692.2	1470	2	0
NR_044645.2	1479	1	0
NR_102980.1	1552	2	0
NR_102822.1	1531	5	0
NR_102814.1	1537	3	0
NR_102802.1	1543	276	0
NR_102464.1	1480	4	0
NR_102439.1	1507	25	0
NR_075037.1	1569	1	0
NR_075029.1	1567	1	0
NR_074959.1	1549	1	0
NR_074936.1	1547	5	0
NR_074917.1	1544	1	0
NR_074915.1	1544	1	0
NR_074908.1	1544	16883	0
NR_074906.1	1543	3	0
NR_074902.1	1542	428	0
NR_074888.1	1542	2941	0
NR_074886.1	1541	1	0
NR_074853.1	1538	1	0
NR_074841.1	1537	10	0
NR_074830.1	1536	2	0
NR_074823.1	1535	7	0
NR_074782.1	1533	74	0
NR_074733.1	1528	1	0
NR_074099.1	1512	1	0
NR_074670.1	1524	15	0
NR_074663.1	1524	1	0
NR_074534.1	1512	14	0
NR_074521.1	1510	13	0
NR_074444.1	1506	1	0
NR_074436.1	1505	4	0
NR_074390.1	1498	1	0
NR_074379.1	1497	3	0
NR_074378.1	1497	1	0
NR_074347.1	1493	1	0
NR_074314.1	1489	33	0
NR_074297.1	1488	10	0
NR_074291.1	1486	1	0
NR_074282.1	1485	10	0
NR_074244.1	1476	1	0
NR_074208.1	1472	2	0
NR_044980.1	1485	160	0
NR_044978.1	1495	82	0
NR_044977.1	1495	123	0
NR_044976.1	1498	762	0
NR_044924.1	1536	157	0
NR_044901.1	1467	3	0
NR_044898.1	1499	1	0
NR_044880.1	1473	1	0
NR_044870.1	1516	1	0
NR_044851.1	1425	2	0
NR_044846.1	1490	1	0
NR_044845.1	1532	13	0
NR_044844.1	1478	1	0
NR_044838.1	1454	11	0
NR_044827.1	1499	154	0
NR_044800.1	1456	11007	0
NR_044799.1	1502	454	0
NR_044749.1	1479	105	0
NR_044646.1	1469	10	0
NR_044613.1	1485	1	0
NR_044612.1	1490	1	0
NR_044426.1	1485	1	0
NR_044385.1	1500	7	0
NR_044373.1	1368	110	0
NR_044372.1	1448	105	0
NR_044371.1	1437	133	0
NR_044370.1	1414	31	0
NR_044191.1	1421	1	0
NR_044152.1	1461	25	0
NR_044101.1	1400	226	0
NR_044062.1	1361	60	0
NR_044060.1	1417	70	0
NR_044059.1	1425	83	0
NR_044058.1	1417	60	0
NR_044057.1	1380	67	0
NR_043998.1	1383	1	0
NR_043997.1	1503	3	0
NR_043990.1	1411	29	0
NR_043980.1	1351	290	0
NR_043751.1	1356	32	0
NR_043679.1	1325	142	0
NR_043553.1	1488	2	0
NR_043425.1	1527	1	0
NR_043423.1	1526	624	0
NR_043420.1	1527	2	0
NR_043419.1	1530	8	0
NR_043386.1	1424	2	0
NR_043384.1	1515	17	0
NR_043324.1	1510	11	0
NR_043152.1	1491	14	0
NR_043007.1	1477	1	0
NR_042886.1	1362	1	0
NR_042879.1	1362	2	0
NR_042878.1	1362	175	0
NR_042821.1	1496	15	0
NR_042820.1	1497	1	0
NR_042806.1	1517	1	0
NR_042748.1	1436	1580	0
NR_042709.1	1502	1	0
NR_042699.1	1493	1	0
NR_042667.1	1501	1	0
NR_042662.1	1425	15	0
NR_042650.1	1418	2	0
NR_042614.1	1390	1	0
NR_042607.1	1489	10	0
NR_042518.1	1350	8	0
NR_042500.1	1332	1	0
NR_042485.1	1488	4	0
NR_042475.1	1415	1	0
NR_042473.1	1401	2	0
NR_042466.1	1446	19	0
NR_042465.1	1426	24	0
NR_042451.1	1497	11	0
NR_042450.1	1494	28	0
NR_042435.1	1523	4	0
NR_042422.1	1502	913	0
NR_042415.1	1517	166	0
NR_042413.1	1497	230	0
NR_042412.1	1518	12	0
NR_042411.1	1516	7	0
NR_042356.1	1479	20	0
NR_042355.1	1426	1	0
NR_042349.1	1513	142	0
NR_042344.1	1535	1	0
NR_042328.1	1524	14	0
NR_042326.1	1525	3	0
NR_042325.1	1529	17	0
NR_042238.1	1419	30	0
NR_042191.1	1459	872	0
NR_042155.1	1498	13	0
NR_042121.1	1504	1	0
NR_042062.1	1428	5	0
NR_042058.1	1569	1	0
NR_042043.1	1544	2	0
NR_042021.1	1523	5	0
NR_041979.1	1495	169	0
NR_041978.1	1473	7795	0
NR_041977.1	1491	386	0
NR_041976.1	1497	34	0
NR_041975.1	1509	309	0
NR_041974.1	1504	2253	0
NR_041973.1	1495	321	0
NR_041972.1	1496	19	0
NR_041971.1	1497	147	0
NR_041970.1	1497	219	0
NR_041969.1	1496	1	0
NR_041953.1	1492	1	0
NR_041952.1	1448	1	0
NR_041924.1	1434	10	0
NR_041923.1	1422	7	0
NR_041922.1	1427	29	0
NR_041921.1	1413	17	0
NR_041851.1	1523	6	0
NR_041833.1	1461	8	0
NR_041832.1	1461	29	0
NR_041831.1	1461	7	0
NR_041811.1	1363	1	0
NR_041750.1	1436	37	0
NR_041749.1	1436	230	0
NR_041725.1	1488	1	0
NR_041720.1	1494	1	0
NR_041719.1	1494	1	0
NR_041696.1	1491	46	0
NR_041688.1	1532	1	0
NR_041653.1	1463	1	0
NR_041638.1	1437	1	0
NR_041592.1	1438	17	0
NR_041577.1	1538	2	0
NR_041527.1	1490	127	0
NR_041386.1	1456	1	0
NR_041036.1	1442	8	0
NR_041035.1	1430	22	0
NR_041034.1	1451	20	0
NR_040930.1	1399	54	0
NR_040928.1	1480	1	0
NR_040863.1	1459	1	0
NR_040847.1	1486	1	0
NR_040829.1	1467	16	0
NR_040825.1	1476	1	0
NR_040816.1	1477	199	0
NR_040813.1	1479	1	0
NR_040812.1	1480	1	0
NR_040809.1	1478	11	0
NR_040803.1	1513	8	0
NR_040798.1	1513	3	0
NR_040786.1	1490	3	0
NR_044640.1	1544	1	0
NR_044396.1	1475	6	0
NR_044318.1	1431	8	0
NR_044304.1	1438	6	0
NR_044112.1	1477	1	0
NR_044076.1	1493	186	0
NR_043957.1	1500	2	0
NR_043885.1	1506	13	0
NR_043883.1	1347	1249	0
NR_043716.1	1482	5	0
NR_043652.1	1447	2	0
NR_043638.1	1542	8	0
NR_043209.1	1463	2	0
NR_043165.1	1436	1	0
NR_042893.1	1441	160	0
NR_042811.1	1511	19	0
NR_041927.1	1468	572	0
NR_041817.1	1523	1	0
NR_041815.1	1499	2	0
NR_037014.2	1503	13	0
NR_037013.2	1503	16	0
NR_036911.2	1503	16	0
NR_026089.2	1503	14	0
NR_025945.2	1503	13	0
NR_037134.1	1527	51	0
NR_037133.1	1485	1	0
NR_037112.1	1508	18	0
NR_037111.1	1502	146	0
NR_037102.1	1529	10	0
NR_037085.1	1454	399	0
NR_037072.1	1414	1	0
NR_037067.1	1546	11	0
NR_037011.1	1502	11	0
NR_036998.1	1491	12	0
NR_036968.1	1500	5	0
NR_036944.1	1465	1	0
NR_036924.1	1529	201	0
NR_036919.1	1497	6660	0
NR_036908.1	1527	18	0
NR_036886.1	1532	12	0
NR_036877.1	1443	1	0
NR_036794.1	1534	111	0
NR_036790.1	1537	11	0
NR_036770.1	1538	1	0
NR_029331.1	1500	10	0
NR_029319.1	1408	8	0
NR_029317.1	1513	1	0
NR_029287.1	1519	1	0
NR_029259.1	1457	2	0
NR_029255.1	1467	1	0
NR_029252.1	1460	12	0
NR_029210.1	1528	1	0
NR_029180.1	1443	1	0
NR_029171.1	1484	8	0
NR_029103.1	1531	45	0
NR_029069.1	1532	1	0
NR_029068.1	1506	1	0
NR_029063.1	1531	1	0
NR_029062.1	1479	1	0
NR_029046.1	1418	1	0
NR_029041.1	1497	13	0
NR_029029.1	1472	1	0
NR_029012.1	1516	1	0
NR_028993.1	1451	79	0
NR_028959.1	1370	1	0
NR_028946.1	1542	9	0
NR_028912.1	1511	89	0
NR_028906.1	1503	1	0
NR_028893.1	1507	6695	0
NR_028881.1	1521	1	0
NR_028869.1	1522	1	0
NR_028865.1	1507	1	0
NR_028803.1	1459	130	0
NR_028802.1	1453	107	0
NR_028801.1	1509	1	0
NR_028788.1	1437	1	0
NR_028786.1	1503	2	0
NR_028783.1	1282	5	0
NR_028751.1	1485	1	0
NR_028746.1	1494	2	0
NR_028721.1	1517	1	0
NR_028718.1	1513	1	0
NR_028715.1	1512	5	0
NR_028706.1	1521	1	0
NR_028688.1	1530	203	0
NR_028687.1	1530	210	0
NR_028686.1	1522	181	0
NR_028685.1	1496	31	0
NR_028683.1	1468	2	0
NR_028678.1	1468	1	0
NR_028641.1	1485	1	0
NR_028619.1	1528	1	0
NR_028602.1	1486	1	0
NR_028009.1	1475	5	0
NR_027198.1	1484	2	0
NR_027194.1	1481	6	0
NR_027192.1	1507	1	0
NR_025605.1	1421	1	0
NR_025585.1	1452	9	0
NR_025566.1	1362	114	0
NR_025553.1	1531	1	0
NR_025480.1	1435	1	0
NR_025449.1	1513	1	0
NR_025441.1	1500	1	0
NR_025427.1	1485	1	0
NR_025385.1	1449	4	0
NR_025374.1	1440	2	0
NR_025359.1	1533	1	0
NR_025341.1	1502	9	0
NR_025340.1	1495	6	0
NR_025339.1	1490	10	0
NR_025338.1	1516	183	0
NR_025335.1	1485	477	0
NR_025334.1	1490	19	0
NR_025331.1	1498	1166	0
NR_025330.1	1495	1064	0
NR_025329.1	1504	833	0
NR_025328.1	1505	793	0
NR_025327.1	1504	20	0
NR_025321.1	1422	1	0
NR_025317.1	1407	11	0
NR_025316.1	1488	154	0
NR_025315.1	1391	8	0
NR_025295.1	1505	5	0
NR_025288.1	1393	1	0
NR_025247.1	1507	10	0
NR_025242.1	1436	4	0
NR_025172.1	1378	1	0
NR_025161.1	1461	5	0
NR_025160.1	1461	10	0
NR_025159.1	1461	10	0
NR_025158.1	1461	7	0
NR_025137.1	1484	1	0
NR_025119.1	1415	2	0
NR_025116.1	1529	1	0
NR_025105.1	1540	1	0
NR_025103.1	1502	1	0
NR_025016.1	1527	2	0
NR_025010.1	1477	1	0
NR_025001.1	1431	14	0
NR_024980.1	1469	1	0
NR_024931.1	1409	2	0
NR_024925.1	1453	5	0
NR_024912.1	1516	1	0
NR_024909.1	1516	2	0
NR_024899.1	1504	144	0
NR_024898.1	1504	3	0
NR_024897.1	1504	3	0
NR_024896.1	1504	3	0
NR_024883.1	1414	171	0
NR_024864.1	1445	1	0
NR_024861.1	1511	136	0
NR_024860.1	1488	1	0
NR_024858.1	1547	1	0
NR_024848.1	1494	72	0
NR_024791.1	1440	1	0
NR_024768.1	1466	47	0
NR_024734.1	1489	36	0
NR_024689.1	1515	1	0
NR_024644.1	1442	21	0
NR_024643.1	1438	89	0
NR_024642.1	1449	920	0
NR_024640.1	1422	99	0
NR_024632.1	1428	14	0
NR_026534.1	1465	31	0
NR_026532.1	1494	10	0
NR_026498.1	1466	1	0
NR_026465.1	1395	1	0
NR_026450.1	1539	2	0
NR_026392.1	1500	6	0
NR_026391.1	1502	1	0
NR_026386.1	1502	1	0
NR_026384.1	1500	4	0
NR_026383.1	1502	1	0
NR_026338.1	1461	1	0
NR_026332.1	1487	209	0
NR_026331.1	1488	132	0
NR_026320.1	1475	2	0
NR_026316.1	1500	5	0
NR_026283.1	1416	2	0
NR_026281.1	1469	1	0
NR_026226.1	1402	1	0
NR_026209.1	1460	2	0
NR_026208.1	1459	1	0
NR_026206.1	1459	2	0
NR_026128.1	1465	1	0
NR_026125.1	1436	1	0
NR_026098.1	1523	1	0
NR_026078.1	1537	39	0
NR_026075.1	1468	1	0
NR_026049.1	1456	76	0
NR_026048.1	1456	315	0
NR_026046.1	1458	305	0
NR_026045.1	1455	5257	0
NR_026030.1	1466	1	0
NR_025983.1	1519	4	0
NR_025975.1	1445	1	0
NR_025970.1	1559	1	0
NR_025967.1	1491	1	0
NR_025947.1	1529	15	0
NR_025938.1	1477	1	0
NR_025937.1	1481	3	0
NR_025932.1	1512	1	0
NR_025906.1	1461	1	0
NR_025881.1	1527	2	0
NR_025875.1	1476	2	0
NR_025861.1	1368	7	0
NR_025847.1	1506	1	0
NR_025807.1	1506	17	0
NR_025764.1	1482	4	0
NR_025763.1	1482	1	0
NR_025740.1	1516	1	0
NR_025642.1	1558	13	0
NR_025635.1	1412	47	0
NR_029226.2	1501	1	0
NR_146849.1	1254	8	0
NR_028903.2	1510	2	0
NR_042154.1	1365	86	0
NR_042118.1	1500	1	0
NR_042081.1	1468	1	0
NR_042057.1	1569	3	0
NR_042053.1	1507	2	0
NR_041980.1	1505	24	0
NR_041968.1	1504	973	0
NR_041957.1	1502	1	0
NR_041877.1	1540	1	0
NR_041829.1	1498	1	0
NR_041715.1	1458	6	0
NR_041702.1	1528	43	0
NR_041680.1	1481	4	0
NR_041640.1	1540	103	0
NR_041633.1	1439	1	0
NR_041547.1	1450	14	0
NR_040831.1	1550	2	0
NR_041830.1	1491	9	0
NR_036982.1	1539	2	0
NR_036866.1	1506	1	0
NR_029362.1	1521	3	0
NR_029358.1	1479	1	0
NR_029225.1	1528	14	0
NR_029222.1	1484	6	0
NR_029211.1	1510	1	0
NR_029207.1	1426	1	0
NR_029102.1	1477	1	0
NR_028938.1	1502	30	0
NR_028892.1	1470	10	0
NR_028891.1	1447	12	0
NR_028885.1	1406	1	0
NR_028830.1	1523	4	0
NR_028697.1	1557	1	0
NR_028681.1	1459	1	0
NR_028677.1	1459	66	0
NR_028672.1	1447	1	0
NR_028639.1	1493	2	0
NR_027609.1	1382	1	0
NR_027587.1	1488	1	0
NR_027553.1	1294	2	0
NR_027549.1	1473	138	0
NR_027547.1	1549	1	0
NR_027546.1	1461	5	0
NR_027545.1	1461	5	0
NR_027544.1	1461	9	0
NR_027543.1	1461	6	0
NR_027540.1	1484	2	0
NR_025610.1	1448	1	0
NR_025569.1	1494	179	0
NR_025477.1	1504	1	0
NR_025423.1	1468	1	0
NR_025342.1	1480	303	0
NR_025337.1	1473	95	0
NR_025333.1	1482	20	0
NR_025332.1	1481	1	0
NR_025243.1	1403	34	0
NR_025125.1	1514	1	0
NR_024996.1	1436	202	0
NR_024992.1	1434	1	0
NR_024820.1	1270	5	0
NR_024795.1	1484	14	0
NR_024770.1	1399	44	0
NR_024769.1	1466	40	0
NR_024706.1	1522	752	0
NR_024641.1	1450	110	0
NR_026423.1	1482	1	0
NR_026127.1	1466	1	0
NR_026056.1	1475	3	0
NR_026050.1	1455	492	0
NR_026047.1	1458	8	0
NR_025703.1	1378	26	0
NR_024570.1	1450	33	0
NR_037084.1	1452	23	0
