NR_177912.1	1484	1	0
NR_177903.1	1461	1	0
NR_177902.1	1464	4	0
NR_177885.1	1427	4	0
NR_177882.1	1465	1	0
NR_177881.1	1465	1	0
NR_177880.1	1463	6	0
NR_177876.1	1455	3	0
NR_177871.1	1163	6	0
NR_177868.1	1160	9	0
NR_177867.1	1160	5	0
NR_177866.1	1162	9	0
NR_177862.1	1462	3	0
NR_177837.1	1144	3	0
NR_177758.1	1484	1	0
NR_177748.1	1481	4	0
NR_177729.1	1485	1	0
NR_177705.1	1393	1	0
NR_177702.1	946	1	0
NR_177701.1	1293	1	0
NR_177700.1	1461	1	0
NR_177699.1	1453	2	0
NR_177688.1	1471	1	0
NR_177684.1	1410	1	0
NR_177682.1	1366	1	0
NR_177681.1	1146	19	0
NR_177676.1	1485	1	0
NR_177671.1	1462	4	0
NR_177668.1	1442	1	0
NR_177664.1	1292	5	0
NR_177056.1	1486	1	0
NR_177032.1	1455	6	0
NR_177022.1	1163	1	0
NR_177000.1	1270	1	0
NR_176991.1	1161	1	0
NR_174292.1	1481	1	0
NR_145527.1	1552	7	0
NR_113179.1	1461	1	0
NR_176804.1	1504	145	0
NR_176606.1	1200	3	0
NR_176604.1	1320	1	0
NR_176596.1	1330	1	0
NR_176595.1	1500	2	0
NR_176589.1	1435	4	0
NR_176586.1	1444	1	0
NR_176580.1	1001	6	0
NR_176579.1	746	1	0
NR_176553.1	1500	4	0
NR_176552.1	1500	5	0
NR_176539.1	1500	2	0
NR_176529.1	1530	1	0
NR_176521.1	1480	2	0
NR_176517.1	1354	1	0
NR_176514.1	1471	5	0
NR_176511.1	1500	1	0
NR_176510.1	1500	1	0
NR_176501.1	1471	135	0
NR_176493.1	640	7	0
NR_176478.1	1388	1	0
NR_172677.2	1490	3	0
NR_172660.2	1483	3	0
NR_173600.1	1540	2	0
NR_175591.1	1528	2	0
NR_175589.1	1523	1	0
NR_175588.1	1522	1	0
NR_175587.1	1522	1	0
NR_175583.1	1535	1	0
NR_175582.1	1534	1	0
NR_175566.1	1500	1	0
NR_175563.1	1539	1	0
NR_175562.1	1545	1	0
NR_175524.1	1503	1	0
NR_175511.1	1487	3	0
NR_175508.1	1426	1	0
NR_175500.1	1359	3	0
NR_175486.1	1477	1	0
NR_175452.1	1527	1	0
NR_175451.1	1257	25	0
NR_175430.1	1457	6	0
NR_175429.1	1491	1	0
NR_175425.1	1523	1	0
NR_175422.1	1469	1	0
NR_169419.1	1462	2	0
NR_165768.1	1462	6	0
NR_159082.1	1577	1	0
NR_158146.1	1391	1	0
NR_157983.1	1420	1	0
NR_156071.1	1442	1	0
NR_152050.1	1404	60	0
NR_134842.2	1498	4	0
NR_074469.2	1498	3	0
NR_146667.2	1522	8719	0
NR_149294.1	1476	3	0
NR_148578.1	1408	2007	0
NR_145858.1	1476	1	0
NR_145652.1	1453	1	0
NR_137210.1	1498	15	0
NR_136872.1	1342	1	0
NR_136871.1	1341	1	0
NR_136830.1	1405	2	0
NR_134751.1	1489	1	0
NR_134693.1	1453	1	0
NR_134140.1	1419	3	0
NR_134139.1	1500	126	0
NR_133738.1	1447	1	0
NR_133711.1	1437	1	0
NR_126210.1	1405	1	0
NR_125691.1	1419	64	0
NR_125600.1	1499	56	0
NR_119370.1	1484	395	0
NR_119245.1	1567	2	0
NR_118974.1	1515	2	0
NR_118791.1	1315	1	0
NR_118756.1	1476	1	0
NR_118636.1	1418	34	0
NR_118442.1	1291	1	0
NR_118066.1	1124	1	0
NR_117627.1	1530	1	0
NR_117114.1	1477	1	0
NR_116757.1	1387	391	0
NR_116497.1	1460	8	0
NR_116443.1	1541	1	0
NR_116427.1	1408	1	0
NR_115603.1	1433	1	0
NR_115226.1	1466	2	0
NR_115123.1	1412	1	0
NR_115043.1	1429	1	0
NR_114713.1	1500	307	0
NR_114534.1	1446	1	0
NR_113989.1	1475	2	0
NR_113653.1	1462	17	0
NR_113157.1	1489	1	0
NR_112797.1	1495	1	0
NR_112678.1	1450	2	0
NR_112065.1	1511	19	0
NR_044662.2	1472	1	0
NR_109724.1	1524	1	0
NR_109669.1	1493	1	0
NR_108487.1	1452	2	0
NR_044700.2	1511	8	0
NR_102769.1	1524	1	0
NR_074940.1	1547	1	0
NR_074910.1	1544	15089	0
NR_074854.1	1538	1	0
NR_074799.1	1534	102	0
NR_074619.1	1520	1	0
NR_044415.1	1403	6	0
NR_044246.1	1497	2	0
NR_043872.1	1480	1	0
NR_043591.1	1474	14	0
NR_043579.1	1495	2	0
NR_043561.1	1465	1	0
NR_043095.1	1556	1	0
NR_042970.1	1429	1	0
NR_042769.1	1354	1	0
NR_042584.1	1527	1	0
NR_042201.1	1300	1	0
NR_041770.1	1469	1	0
NR_041611.1	1488	1	0
NR_041127.1	1477	1	0
NR_040991.1	1479	2	0
NR_043092.1	1472	1	0
NR_037000.1	1492	18	0
NR_029118.1	1498	1	0
NR_029002.1	1438	1	0
NR_028894.1	1505	78	0
NR_028699.1	1522	1	0
NR_027575.1	1540	4	0
NR_025279.1	1508	1	0
NR_025136.1	1500	2	0
NR_025091.1	1499	1	0
NR_024708.1	1497	1	0
NR_026494.1	1499	1	0
NR_025977.1	1417	1	0
NR_174335.1	1446	1	0
NR_174324.1	1520	1	0
NR_174300.1	1538	76	0
NR_174299.1	1481	2	0
NR_174267.1	1547	31	0
NR_174258.1	1528	240	0
NR_174230.1	1485	3	0
NR_174198.1	1352	1	0
NR_173688.1	1453	1	0
NR_173686.1	1391	3	0
NR_173684.1	1399	2	0
NR_173683.1	1395	2	0
NR_173682.1	1389	1	0
NR_173679.1	1515	1	0
NR_173669.1	1455	9	0
NR_173659.1	1476	1	0
NR_173655.1	1403	1	0
NR_173652.1	1405	2	0
NR_173651.1	1409	1	0
NR_173643.1	1458	1	0
NR_173639.1	1541	30	0
NR_173632.1	1400	1	0
NR_173631.1	1445	1	0
NR_173627.1	1535	2	0
NR_173610.1	1543	272	0
NR_173607.1	1497	3	0
NR_173601.1	1453	1	0
NR_173587.1	1528	32	0
NR_173586.1	1523	35	0
NR_173585.1	1525	28	0
NR_173584.1	1533	27	0
NR_173583.1	1533	30	0
NR_173582.1	1533	35	0
NR_173581.1	1526	27	0
NR_173580.1	1529	37	0
NR_173579.1	1504	30	0
NR_173578.1	1523	26	0
NR_173577.1	1524	49	0
NR_173576.1	1523	26	0
NR_173575.1	1525	31	0
NR_173574.1	1515	30	0
NR_173572.1	1546	39	0
NR_173571.1	1546	35	0
NR_173567.1	1532	33	0
NR_173566.1	1522	28	0
NR_173565.1	1518	33	0
NR_173564.1	1528	28	0
NR_173563.1	1528	28	0
NR_173562.1	1535	32	0
NR_173561.1	1507	20	0
NR_173559.1	1534	24	0
NR_173558.1	1542	27	0
NR_173557.1	1526	29	0
NR_173556.1	1517	1	0
NR_173555.1	1497	30	0
NR_173554.1	1520	26	0
NR_173553.1	1522	1	0
NR_173552.1	1527	15	0
NR_173540.1	1494	1	0
NR_173537.1	1452	1	0
NR_173536.1	1459	4	0
NR_173525.1	1528	1	0
NR_173523.1	1428	5	0
NR_026538.1	1497	19	0
NR_172705.1	1161	1	0
NR_172704.1	1162	1	0
NR_172674.1	1161	1	0
NR_172614.1	1059	1	0
NR_172606.1	1463	1	0
NR_172597.1	1286	3	0
NR_172579.1	1498	10	0
NR_171524.1	1497	3	0
NR_171515.1	1463	71	0
NR_171510.1	1500	2	0
NR_171504.1	1524	1	0
NR_171482.1	1492	2	0
NR_171480.1	1506	1	0
NR_171471.1	1452	1	0
NR_171464.1	1489	1	0
NR_171456.1	1503	2	0
NR_171451.1	1414	1	0
NR_171434.1	1416	1	0
NR_171428.1	1395	1	0
NR_171420.1	1408	3	0
NR_171417.1	1078	508	0
NR_171397.1	1532	1	0
NR_171393.1	1482	1	0
NR_170536.1	1493	1	0
NR_170530.1	1485	1	0
NR_170529.1	1485	1	0
NR_170526.1	1485	2	0
NR_170524.1	1485	1	0
NR_170522.1	1485	1	0
NR_170515.1	1485	1	0
NR_170509.1	1538	1	0
NR_170506.1	1499	1	0
NR_170496.1	1542	1	0
NR_170465.1	1412	544	0
NR_170455.1	1485	1	0
NR_170445.1	1453	1	0
NR_170444.1	1541	1	0
NR_170438.1	1491	6	0
NR_170433.1	1530	1	0
NR_170428.1	1500	9	0
NR_170426.1	1462	72	0
NR_170425.1	1489	1	0
NR_170414.1	1361	3	0
NR_170401.1	1523	1	0
NR_170395.1	1497	1	0
NR_170391.1	1504	4	0
NR_170479.1	1474	2	0
NR_169498.1	1540	18	0
NR_169495.1	1459	1	0
NR_169492.1	1457	1	0
NR_169487.1	1438	1	0
NR_169476.1	1536	4967	0
NR_169468.1	1495	38	0
NR_169453.1	1471	1	0
NR_169448.1	1465	10	0
NR_169417.1	1453	1	0
NR_169374.1	1480	2	0
NR_169367.1	1398	2	0
NR_169366.1	1460	1	0
NR_169362.1	1533	1	0
NR_169344.1	1410	1	0
NR_169334.1	1500	23	0
NR_169333.1	1500	30	0
NR_169332.1	1532	30	0
NR_169331.1	1532	36	0
NR_169330.1	1532	25	0
NR_169329.1	1540	29	0
NR_169328.1	1536	42	0
NR_169320.1	1521	37	0
NR_169315.1	1451	1	0
NR_169458.1	1477	1	0
NR_169447.1	1533	10	0
NR_169446.1	1533	5	0
NR_169421.1	1395	1	0
NR_169390.1	1426	4	0
NR_169339.1	1400	1	0
NR_169335.1	1423	1	0
NR_169327.1	1535	28	0
NR_169326.1	1534	42	0
NR_169319.1	1506	1	0
NR_169318.1	1508	1	0
NR_165776.1	1493	4	0
NR_165761.1	1490	1	0
NR_165748.1	1538	13	0
NR_165727.1	1535	1	0
NR_165712.1	1564	82	0
NR_165706.1	1533	16	0
NR_165695.1	1475	1	0
NR_165666.1	1580	2	0
NR_165025.1	1424	1	0
NR_165024.1	1424	1	0
NR_165017.1	1518	1	0
NR_165012.1	1459	1	0
NR_165004.1	1505	2	0
NR_164983.1	1547	1	0
NR_164974.1	1502	3	0
NR_164972.1	1390	1	0
NR_164943.1	1524	1	0
NR_164907.1	1482	2	0
NR_164874.1	1428	1	0
NR_164619.1	1418	1	0
NR_164626.1	1481	1	0
NR_164620.1	1490	1	0
NR_163662.1	1463	1	0
NR_163650.1	1485	1	0
NR_163647.1	1461	1	0
NR_163609.1	1457	1	0
NR_163605.1	1437	1	0
NR_163604.1	1490	8	0
NR_160523.1	1527	1	0
NR_159926.1	1530	32	0
NR_159925.1	1530	225	0
NR_159916.1	1412	2	0
NR_159318.1	1456	7	0
NR_159317.1	1454	196	0
NR_159314.1	1532	1	0
NR_159313.1	1497	3	0
NR_159311.1	1453	1	0
NR_159299.1	1452	11	0
NR_159255.1	1542	371	0
NR_159239.1	1444	1	0
NR_159238.1	1451	1	0
NR_159235.1	1503	97	0
NR_159233.1	1340	1	0
NR_159232.1	1455	25	0
NR_159231.1	1518	1	0
NR_159221.1	1420	15	0
NR_159190.1	1451	4	0
NR_159182.1	1400	1	0
NR_159177.1	1483	1	0
NR_159163.1	1409	1	0
NR_159144.1	1518	1	0
NR_159101.1	1500	1	0
NR_159099.1	1508	1	0
NR_159098.1	1394	33	0
NR_159086.1	1534	251	0
NR_159085.1	1542	1685	0
NR_159084.1	1542	379	0
NR_159083.1	1542	371	0
NR_158141.1	1423	1	0
NR_158135.1	1427	1	0
NR_158132.1	1453	1	0
NR_158058.1	1450	12	0
NR_158055.1	1421	3	0
NR_158050.1	1420	33	0
NR_158037.1	1352	1	0
NR_158006.1	1421	1	0
NR_157999.1	1508	1	0
NR_157993.1	1443	1	0
NR_157992.1	1491	1	0
NR_157987.1	1470	1	0
NR_157778.1	1537	10	0
NR_157777.1	1531	34	0
NR_157765.1	1454	1	0
NR_157762.1	1525	2	0
NR_157706.1	1457	1	0
NR_157698.1	1509	4	0
NR_157685.1	1557	1	0
NR_157674.1	1465	1	0
NR_157667.1	1480	1	0
NR_157658.1	1535	493	0
NR_157657.1	1432	1	0
NR_157625.1	1445	1	0
NR_157622.1	1445	1	0
NR_157009.1	1411	12	0
NR_157004.1	1473	4	0
NR_156999.1	1428	1	0
NR_156995.1	1358	2	0
NR_156989.1	1539	8	0
NR_156982.1	1517	1	0
NR_156977.1	1448	1	0
NR_156948.1	1456	1	0
NR_156932.1	1288	12	0
NR_156931.1	1281	9	0
NR_156930.1	1368	20	0
NR_156925.1	1496	1	0
NR_156924.1	1526	3	0
NR_156918.1	1506	3	0
NR_156917.1	1450	1	0
NR_156914.1	1439	32	0
NR_156877.1	1510	1	0
NR_156861.1	1399	1	0
NR_156860.1	1480	1	0
NR_156850.1	1383	2	0
NR_156848.1	1455	1	0
NR_156847.1	1423	1	0
NR_156815.1	1539	1	0
NR_156802.1	1501	1	0
NR_156801.1	1544	5	0
NR_156163.1	1351	1	0
NR_156102.1	1505	2	0
NR_156087.1	1447	5	0
NR_156076.1	1471	1	0
NR_156074.1	1427	3	0
NR_153752.1	1543	293	0
NR_153747.1	1539	1	0
NR_153725.1	1437	1	0
NR_153719.1	1258	4	0
NR_153691.1	1481	1	0
NR_153670.1	1494	1	0
NR_153664.1	1532	6	0
NR_152710.1	1412	8	0
NR_152631.1	1547	1	0
NR_152630.1	1547	4	0
NR_152629.1	1547	2	0
NR_152628.1	1547	2	0
NR_152086.1	1545	1	0
NR_152060.1	1418	1	0
NR_152059.1	1363	1	0
NR_151985.1	1502	1	0
NR_151930.1	1308	1	0
NR_151916.1	1489	7	0
NR_151914.1	1426	23	0
NR_151906.1	1552	2	0
NR_151905.1	1515	3	0
NR_151900.1	1519	1	0
NR_151869.1	1450	1	0
NR_074484.2	1498	2	0
NR_074473.2	1498	1	0
NR_136501.2	1537	15	0
NR_102476.2	1482	1	0
NR_102489.2	1489	1	0
NR_136516.2	1533	1	0
NR_145956.2	1489	1	0
NR_145962.2	1490	1	0
NR_149822.1	1416	1	0
NR_149804.1	1473	1	0
NR_149803.1	1485	1	0
NR_149800.1	1468	1	0
NR_149790.1	1433	1	0
NR_149302.1	1542	69	0
NR_149296.1	1449	1	0
NR_149220.1	1425	1	0
NR_149208.1	1503	1	0
NR_149201.1	1477	14	0
NR_149198.1	1467	1	0
NR_149187.1	1461	1	0
NR_149174.1	1407	1	0
NR_148844.1	1490	1	0
NR_148843.1	1489	7	0
NR_148820.1	1348	341	0
NR_148809.1	1523	2	0
NR_148766.1	1477	4	0
NR_148756.1	1532	3	0
NR_148753.1	1533	3	0
NR_148752.1	1533	1	0
NR_148652.1	1414	1	0
NR_148650.1	1454	502	0
NR_148649.1	1444	116	0
NR_148644.1	1548	1	0
NR_148629.1	1467	1	0
NR_148601.1	1456	1	0
NR_148598.1	1490	38	0
NR_148591.1	1451	1	0
NR_148582.1	1491	8	0
NR_148580.1	1465	2	0
NR_148577.1	1513	2	0
NR_148576.1	1489	9	0
NR_148570.1	1530	2	0
NR_148567.1	1212	1	0
NR_148566.1	1418	1	0
NR_148277.1	1453	1	0
NR_148272.1	1424	1	0
NR_148251.1	1443	3	0
NR_148246.1	1409	2	0
NR_147780.1	1511	4	0
NR_147774.1	1528	2	0
NR_147771.1	1454	5	0
NR_147758.1	1444	13	0
NR_147738.1	1463	5	0
NR_147737.1	1461	5	0
NR_147712.1	1478	1	0
NR_147398.1	1490	1	0
NR_147393.1	1464	242	0
NR_147375.1	1487	1	0
NR_147369.1	1499	2	0
NR_146851.1	1395	1	0
NR_146850.1	1408	1	0
NR_146848.1	1345	6	0
NR_146847.1	1345	6	0
NR_146845.1	1345	11	0
NR_146840.1	1503	2	0
NR_146824.1	1462	1	0
NR_146677.1	1452	26	0
NR_146676.1	1449	34	0
NR_146377.1	1497	1	0
NR_146374.1	1335	2	0
NR_146372.1	1365	1	0
NR_146051.1	1528	1	0
NR_146026.1	1485	1	0
NR_146023.1	1484	1	0
NR_145928.1	1424	1	0
NR_145926.1	1480	1	0
NR_145883.1	1290	1	0
NR_145878.1	1540	4	0
NR_145864.1	1458	1	0
NR_145849.1	1404	2	0
NR_145647.1	1422	127	0
NR_145644.1	1453	1	0
NR_145641.1	1480	6	0
NR_145632.1	1523	1	0
NR_145570.1	1436	1	0
NR_145569.1	1390	8	0
NR_145555.1	1357	1	0
NR_145528.1	1489	1	0
NR_144743.1	1498	2	0
NR_144742.1	1499	1	0
NR_144702.1	1476	1	0
NR_144604.1	1450	25	0
NR_144582.1	1408	513	0
NR_144581.1	1359	548	0
NR_144574.1	1464	4	0
NR_137419.1	1493	3	0
NR_137415.1	1494	184	0
NR_137410.1	1461	2	0
NR_137380.1	1502	241	0
NR_137347.1	1454	1	0
NR_137345.1	1358	1	0
NR_137344.1	1290	1	0
NR_137333.1	1495	1131	0
NR_137263.1	1482	1	0
NR_137252.1	1453	1	0
NR_137236.1	1461	1	0
NR_137235.1	1459	1	0
NR_137234.1	1459	3	0
NR_137228.1	1441	4	0
NR_137215.1	1454	2	0
NR_136811.1	1521	1	0
NR_136810.1	1521	1	0
NR_136780.1	1464	7	0
NR_136767.1	1461	7	0
NR_136472.1	1504	129	0
NR_136445.1	1501	13	0
NR_136429.1	1508	95	0
NR_135885.1	1437	9	0
NR_135872.1	1508	1	0
NR_135871.1	1463	14	0
NR_135861.1	1487	1	0
NR_135733.1	1448	1	0
NR_135727.1	1346	1	0
NR_135699.1	1474	1	0
NR_135211.1	1462	64	0
NR_135209.1	1383	1	0
NR_134830.1	1432	3	0
NR_134829.1	1484	15	0
NR_134826.1	1483	29	0
NR_134825.1	1445	26	0
NR_134795.1	1403	2	0
NR_134794.1	1441	1	0
NR_134780.1	1506	1	0
NR_134756.1	1410	1	0
NR_134755.1	1491	1	0
NR_134741.1	1441	7	0
NR_134709.1	1405	1	0
NR_134684.1	1460	3	0
NR_134230.1	1476	4	0
NR_134225.1	1407	1	0
NR_134189.1	1493	1	0
NR_134181.1	1434	1	0
NR_134086.1	1443	1	0
NR_134073.1	1430	1	0
NR_134063.1	1462	81	0
NR_134062.1	1462	31	0
NR_134026.1	1376	1	0
NR_134020.1	1409	11	0
NR_133986.1	1353	1	0
NR_133967.1	1505	2	0
NR_108242.1	1376	2	0
NR_133878.1	1418	5	0
NR_133877.1	1440	1	0
NR_133863.1	1436	1	0
NR_133857.1	1487	1	0
NR_133848.1	1414	1	0
NR_133832.1	1466	4	0
NR_133827.1	1511	2	0
NR_133817.1	1402	1	0
NR_133816.1	1450	1	0
NR_133815.1	1366	1	0
NR_133801.1	1466	1	0
NR_133792.1	1330	1	0
NR_133787.1	1481	1	0
NR_133784.1	1451	1	0
NR_133751.1	1436	1	0
NR_133707.1	1413	1	0
NR_133031.1	1411	2	0
NR_133023.1	1459	1	0
NR_133018.1	1498	1	0
NR_132724.1	1396	1	0
NR_132713.1	1474	7	0
NR_132708.1	1434	2	0
NR_132690.1	1408	1	0
NR_132674.1	1480	2	0
NR_108689.1	1396	1	0
NR_132613.1	1453	1	0
NR_132596.1	1456	60	0
NR_132327.1	1476	1	0
NR_132293.1	1435	4	0
NG_041959.1	1692	3	0
NR_044847.4	1497	1	0
NR_126314.1	1546	2	0
NR_126284.1	1462	1	0
NR_126274.1	1300	8	0
NR_126269.1	1503	1	0
NR_126264.1	1412	1	0
NR_126260.1	1239	10	0
NR_126242.1	1410	1	0
NR_126224.1	1433	1	0
NR_126223.1	1456	15	0
NR_126199.1	1496	37	0
NR_126196.1	1463	1	0
NR_126182.1	1483	1	0
NR_126180.1	1453	2	0
NR_126179.1	1466	1	0
NR_126172.1	1508	1	0
NR_115546.2	1543	4	0
NR_125699.1	1344	27	0
NR_125698.1	1344	262	0
NR_125690.1	1459	54	0
NR_125668.1	1466	1	0
NR_125642.1	1355	1	0
NR_125638.1	1490	5	0
NR_125587.1	1397	4	0
NR_125586.1	1404	105	0
NR_125528.1	1406	1	0
NR_125523.1	1529	46	0
NR_125517.1	1430	1	0
NR_125492.1	1391	1	0
NR_125461.1	1452	176	0
NR_125451.1	1443	1	0
NR_122095.1	1387	1	0
NR_122085.1	1475	5	0
NR_122081.1	1480	33	0
NR_121793.1	1543	101	0
NR_119291.1	1409	1	0
NR_119223.1	1335	134	0
NR_119072.1	1438	1	0
NR_118984.1	1434	4	0
NR_118911.1	1491	1	0
NR_118903.1	1473	1	0
NR_118872.1	1526	15	0
NR_118845.1	1390	1	0
NR_118804.1	1496	1	0
NR_118637.1	1524	1	0
NR_118629.1	1459	1	0
NR_118585.1	1259	3	0
NR_118554.1	1475	1	0
NR_118548.1	1345	1	0
NR_118538.1	1400	1	0
NR_118490.1	1534	1	0
NR_118485.1	1350	1	0
NR_118458.1	1442	1	0
NR_118448.1	1450	2	0
NR_118433.1	1538	4	0
NR_118432.1	1418	6	0
NR_118420.1	1498	11	0
NR_118391.1	1506	1	0
NR_118355.1	1389	1	0
NR_118348.1	1503	14	0
NR_118335.1	1395	209	0
NR_118333.1	1500	100	0
NR_118321.1	1477	3	0
NR_118316.1	1490	1	0
NR_118255.1	1446	2	0
NR_118138.1	1544	5	0
NR_118030.1	1442	1	0
NR_118000.1	1441	1	0
NR_117978.1	1488	1	0
NR_117931.1	1390	3	0
NR_117921.1	1424	3	0
NR_117905.1	1376	1	0
NR_117881.1	1449	3	0
NR_117880.1	1446	1	0
NR_117862.1	1464	1	0
NR_117851.1	1407	1	0
NR_117838.1	1459	5	0
NR_117834.1	1492	2	0
NR_117827.1	1442	2	0
NR_117825.1	1442	1	0
NR_117824.1	1444	4	0
NR_117797.1	1400	2	0
NR_117794.1	1424	12	0
NR_117770.1	1495	5	0
NR_117697.1	1516	73	0
NR_117559.1	1272	1	0
NR_117551.1	1504	2	0
NR_117547.1	1535	102	0
NR_117546.1	1513	1	0
NR_117541.1	1457	1	0
NR_117535.1	1304	1	0
NR_117485.1	1455	1	0
NR_117463.1	1524	1	0
NR_117458.1	1491	2	0
NR_117446.1	1406	1847	0
NR_117437.1	1507	207	0
NR_117427.1	1523	11	0
NR_117420.1	1526	6	0
NR_117418.1	1508	1	0
NR_117406.1	1476	1	0
NR_117369.1	1451	7	0
NR_117304.1	1495	2354	0
NR_117270.1	1477	1	0
NR_117259.1	1420	3	0
NR_117216.1	1480	2	0
NR_117186.1	1472	2	0
NR_117058.1	1426	2	0
NR_117045.1	1404	6	0
NR_117003.1	1516	2	0
NR_116999.1	1413	147	0
NR_116971.1	1513	1	0
NR_116969.1	1431	31	0
NR_116935.1	1338	1	0
NR_116906.1	1467	1	0
NR_116902.1	1458	3	0
NR_116893.1	1463	3	0
NR_116834.1	1489	1	0
NR_116793.1	1483	1	0
NR_116782.1	1484	11	0
NR_116775.1	1508	1	0
NR_116772.1	1490	1	0
NR_116698.1	1349	2	0
NR_116657.1	1492	1	0
NR_116629.1	1503	1	0
NR_116604.1	1422	91	0
NR_116554.1	1491	1	0
NR_116535.1	1401	4	0
NR_116528.1	1507	1	0
NR_116513.1	1379	3	0
NR_116511.1	1379	3	0
NR_116499.1	1425	1	0
NR_116495.1	1534	1	0
NR_116463.1	1339	1	0
NR_116407.1	1451	1	0
NR_116403.1	1426	610	0
NR_116358.1	1430	1	0
NR_116316.1	1366	1	0
NR_116314.1	1468	1	0
NR_116248.1	1492	1	0
NR_116194.1	1339	1	0
NR_116164.1	1432	1	0
NR_116079.1	1368	27	0
NR_116071.1	1529	1	0
NR_116070.1	1529	1	0
NR_116033.1	1481	6	0
NR_116014.1	1223	1	0
NR_116008.1	1410	1	0
NR_116005.1	1445	2	0
NR_115943.1	1425	439	0
NR_115922.1	1438	19	0
NR_115888.1	1493	1	0
NR_115874.1	1460	6	0
NR_115813.1	1438	1	0
NR_115810.1	1527	2	0
NR_115808.1	1501	4	0
NR_115759.1	1513	4	0
NR_115739.1	1445	3	0
NR_115713.1	1467	2	0
NR_115697.1	1445	1	0
NR_115690.1	1550	1	0
NR_115687.1	1467	1	0
NR_115512.1	1366	1	0
NR_115340.1	1510	1	0
NR_115328.1	1494	2	0
NR_115292.1	1387	1	0
NR_115258.1	1533	5978	0
NR_115225.1	1360	31	0
NR_115224.1	1363	77	0
NR_115191.1	1499	1	0
NR_115157.1	1450	1	0
NR_115134.1	1397	1	0
NR_115126.1	1408	1	0
NR_115090.1	1455	1	0
NR_115088.1	1455	1	0
NR_115070.1	1455	1	0
NR_115065.1	1411	1	0
NR_115046.1	1395	1	0
NR_115009.1	1377	2	0
NR_114999.1	1431	1	0
NR_114965.1	1530	3	0
NR_114957.1	1379	3	0
NR_114900.1	1468	2	0
NR_114885.1	1395	1	0
NR_114868.1	1354	4	0
NR_114802.1	1503	1	0
NR_114648.1	1551	1	0
NR_114633.1	1333	1	0
NR_114627.1	1413	1	0
NR_114591.1	1350	1	0
NR_114526.1	1502	1	0
NR_114508.1	1369	1	0
NR_114366.1	1515	74	0
NR_113569.1	1478	1155	0
NR_113566.1	1476	1	0
NR_113559.1	1303	1	0
NR_113282.1	1454	1	0
NR_113277.1	1367	1	0
NR_113264.1	1474	1	0
NR_113170.1	1434	2	0
NR_113126.1	1444	1	0
NR_113063.1	1429	1	0
NR_113061.1	1467	578	0
NR_113009.1	1438	1	0
NR_112972.1	1483	2	0
NR_112948.1	1456	2	0
NR_112920.1	1488	2	0
NR_112902.1	1610	1	0
NR_112900.1	1497	2	0
NR_112887.1	1455	1	0
NR_112886.1	1455	3	0
NR_112882.1	1506	2	0
NR_112808.1	1490	6	0
NR_112776.1	1488	1	0
NR_112675.1	1464	1	0
NR_112238.1	1463	1	0
NR_112205.1	1460	2	0
NR_108319.1	1448	1	0
NR_104937.1	1527	480	0
NR_104921.1	1510	1	0
NR_104906.1	1463	2	0
NR_104901.1	1515	281	0
NR_104890.1	1469	571	0
NR_104828.1	1508	1164	0
NR_104821.1	1460	1	0
NR_103954.1	1532	2	0
NR_103943.1	1556	5	0
NR_103928.1	1524	1	0
NR_102929.1	1497	1	0
NR_102890.1	1527	4	0
NR_102806.1	1539	1	0
NR_102497.1	1527	1	0
NR_074155.1	1458	1	0
NR_074325.2	1535	1	0
NR_075055.1	1586	1	0
NR_074991.1	1553	1	0
NR_074933.1	1546	1	0
NR_074932.1	1546	1	0
NR_074924.1	1545	1	0
NR_074890.1	1542	50	0
NR_074872.1	1540	1	0
NR_074869.1	1539	1060	0
NR_074818.1	1535	1	0
NR_074804.1	1534	3	0
NR_074790.1	1533	1	0
NR_074720.1	1528	1	0
NR_074693.1	1526	3	0
NR_074692.1	1526	1	0
NR_074687.1	1526	3	0
NR_074666.1	1524	3	0
NR_074665.1	1524	2	0
NR_074597.1	1518	1	0
NR_074394.1	1499	1	0
NR_074359.1	1495	2	0
NR_074324.1	1490	1	0
NR_074322.1	1490	4	0
NR_074313.1	1489	1	0
NR_074296.1	1488	2	0
NR_074257.1	1478	2	0
NR_074224.1	1474	1	0
NR_044904.1	1501	1	0
NR_044795.1	1435	1	0
NR_044753.1	1473	3	0
NR_044605.1	1462	1	0
NR_044566.1	1384	1	0
NR_044559.1	1402	1	0
NR_044500.1	1496	1	0
NR_044454.1	1422	1	0
NR_044439.1	1458	1	0
NR_044417.1	1420	1	0
NR_044412.1	1479	2	0
NR_044390.1	1404	13	0
NR_044377.1	1396	1	0
NR_044297.1	1442	1	0
NR_044251.1	1441	3	0
NR_044209.1	1419	21	0
NR_044188.1	1442	3	0
NR_044187.1	1447	1	0
NR_044105.1	1367	1	0
NR_044095.1	1444	1	0
NR_044068.1	1492	7	0
NR_044061.1	1423	124	0
NR_044027.1	1457	1	0
NR_044018.1	1433	1	0
NR_043930.1	1408	1	0
NR_043918.1	1420	1	0
NR_043900.1	1407	1	0
NR_043791.1	1406	1	0
NR_043770.1	1403	2	0
NR_043750.1	1356	8	0
NR_043731.1	1505	1	0
NR_043622.1	1492	2	0
NR_043552.1	1499	1	0
NR_043545.1	1441	2	0
NR_043536.1	1489	12	0
NR_043463.1	1509	1	0
NR_043421.1	1526	1	0
NR_043309.1	1471	1	0
NR_043289.1	1531	12	0
NR_043245.1	1414	1	0
NR_043174.1	1403	6	0
NR_043115.1	1529	4	0
NR_043094.1	1526	1	0
NR_043037.1	1483	2	0
NR_043036.1	1484	1	0
NR_043033.1	1487	1	0
NR_043008.1	1543	1	0
NR_042975.1	1546	7	0
NR_042972.1	1419	2	0
NR_042964.1	1536	1	0
NR_042963.1	1540	1	0
NR_042949.1	1432	4	0
NR_042867.1	1362	1	0
NR_042636.1	1505	5	0
NR_042634.1	1502	2	0
NR_042633.1	1498	6	0
NR_042632.1	1502	2	0
NR_042387.1	1516	1	0
NR_042150.1	1436	1	0
NR_042077.1	1438	1	0
NR_042071.1	1384	1	0
NR_042050.1	1532	26	0
NR_041962.1	1407	6	0
NR_041955.1	1310	1	0
NR_041697.1	1527	576	0
NR_041687.1	1480	1	0
NR_041670.1	1440	1	0
NR_041608.1	1472	1	0
NR_041606.1	1469	1	0
NR_041552.1	1487	4	0
NR_041500.1	1477	1	0
NR_041444.1	1463	1	0
NR_041443.1	1434	3	0
NR_041442.1	1437	1	0
NR_041440.1	1433	2	0
NR_041369.1	1473	1	0
NR_041365.1	1495	1	0
NR_041355.1	1422	1	0
NR_041297.1	1413	1	0
NR_041296.1	1418	1	0
NR_040819.1	1419	2	0
NR_044569.1	1449	2	0
NR_044503.1	1627	1	0
NR_044392.1	1537	1	0
NR_044099.1	1460	1	0
NR_044040.1	1491	3	0
NR_044029.1	1506	1	0
NR_044024.1	1433	2	0
NR_043902.1	1508	9	0
NR_043878.1	1380	1	0
NR_043877.1	1480	1	0
NR_043860.1	1450	86	0
NR_043690.1	1395	1	0
NR_043653.1	1436	2	0
NR_043648.1	1486	2	0
NR_043647.1	1486	1	0
NR_043646.1	1482	3	0
NR_043645.1	1480	2	0
NR_043644.1	1481	2	0
NR_043637.1	1477	2	0
NR_043634.1	1478	2	0
NR_043630.1	1478	1	0
NR_043629.1	1478	1	0
NR_043617.1	1462	14	0
NR_043522.1	1427	1	0
NR_043306.1	1523	1	0
NR_043231.1	1396	1	0
NR_043212.1	1483	1	0
NR_043169.1	1485	3	0
NR_043104.1	1416	3	0
NR_041892.1	1553	1	0
NR_041885.1	1450	1	0
NR_041797.1	1510	1	0
NR_037012.2	1503	4	0
NR_037110.1	1502	32	0
NR_037099.1	1458	1	0
NR_036851.1	1428	1	0
NR_036824.1	1400	4	0
NR_036811.1	1376	8	0
NR_028875.1	1532	691	0
NR_027602.1	1546	1	0
NR_027566.1	1498	1	0
NR_027233.1	1417	1	0
NR_024882.1	1454	4	0
NR_024959.1	1447	1	0
NR_024862.1	1521	116	0
NR_026064.1	1491	1	0
NR_026062.1	1491	1	0
NR_118735.2	1470	1	0
NR_159305.1	1363	2	0
NR_159227.1	1493	1	0
NR_159179.1	1512	7	0
NR_159157.1	1531	242	0
NR_159080.1	1533	9	0
NR_158113.1	1471	1	0
NR_157985.1	1394	1	0
NR_157736.1	1509	1	0
NR_157729.1	1509	1	0
NR_157656.1	1448	1	0
NR_157646.1	1386	1	0
NR_156996.1	1480	1	0
NR_156841.1	1502	1	0
NR_156052.1	1336	198	0
NR_156018.1	1508	1	0
NR_153750.1	1461	4	0
NR_152632.1	1483	2	0
NR_152025.1	1493	1	0
NR_152004.1	1526	2	0
NR_151933.1	1492	9	0
NR_151898.1	1497	1	0
NR_044656.2	1498	2	0
NR_102512.2	1535	1	0
NR_102794.2	1543	468	0
NR_103934.2	1537	65	0
NR_044719.2	1469	2	0
NR_074476.2	1503	11	0
NR_074674.2	1521	2	0
NR_075051.2	1573	8	0
NR_102493.2	1540	294	0
NR_119159.2	1450	2	0
NR_148855.1	1489	1	0
NR_148847.1	1489	5	0
NR_148845.1	1489	1	0
NR_148767.1	1502	54	0
NR_148763.1	1525	1	0
NR_148747.1	1521	26	0
NR_148666.1	1500	1	0
NR_148575.1	1390	32	0
NR_148572.1	1503	36	0
NR_146846.1	1475	15	0
NR_146684.1	1520	2	0
NR_145862.1	1450	1	0
NR_145860.1	1468	1	0
NR_145605.1	1484	1	0
NR_145604.1	1484	1	0
NR_145601.1	1486	1	0
NR_145599.1	1483	1	0
NR_145598.1	1484	1	0
NR_145595.1	1486	1	0
NR_145562.1	1512	34	0
NR_137357.1	1469	1	0
NR_137273.1	1461	2	0
NR_137271.1	1477	1	0
NR_137216.1	1408	1	0
NR_136858.1	1496	9	0
NR_136855.1	1405	2	0
NR_136834.1	1417	1	0
NR_136831.1	1405	1	0
NR_136829.1	1405	4	0
NR_136496.1	1443	2	0
NR_136495.1	1485	17	0
NR_136465.1	1461	6	0
NR_136457.1	1409	1	0
NR_136448.1	1456	33	0
NR_136431.1	1404	412	0
NR_135894.1	1347	828	0
NR_135878.1	1328	1	0
NR_135858.1	1476	1	0
NR_135725.1	1483	4	0
NR_135721.1	1549	1	0
NR_134807.1	1451	2120	0
NR_134793.1	1506	4	0
NR_114681.2	1434	1	0
NR_134173.1	1506	1	0
NR_134158.1	1399	2	0
NR_134120.1	1413	1	0
NR_134045.1	1521	4	0
NR_133904.1	1551	2	0
NR_133766.1	1422	3	0
NR_132718.1	1503	5	0
NR_132692.1	1459	30	0
NR_126319.1	1531	56	0
NR_126318.1	1531	66	0
NR_126317.1	1532	68	0
NR_126305.1	1501	595	0
NR_126304.1	1501	617	0
NR_126303.1	1501	618	0
NR_126291.1	1344	173	0
NR_126208.1	1429	98	0
NR_117738.2	1528	46	0
NR_117737.2	1528	45	0
NR_114779.2	1551	1	0
NR_125711.1	1460	3	0
NR_125653.1	1422	1	0
NR_125649.1	985	40	0
NR_125599.1	460	1	0
NR_125539.1	1428	177	0
NR_125524.1	1462	1	0
NR_125508.1	1388	1	0
NR_125507.1	1353	1	0
NR_125447.1	1467	1	0
NR_116992.1	1425	3	0
NR_122066.1	1560	1	0
NR_122062.1	1524	2	0
NR_122060.1	1541	6	0
NR_122059.1	1541	9	0
NR_122057.1	1544	96	0
NR_122050.1	1541	3	0
NR_121742.1	1542	66	0
NR_121739.1	1546	6	0
NR_121733.1	1525	66	0
NR_121727.1	1538	1	0
NR_121724.1	1545	1	0
NR_121709.1	1541	9	0
NR_121703.1	1542	113	0
NR_121691.1	1541	1	0
NR_119372.1	1484	391	0
NR_119371.1	1471	68	0
NR_119369.1	1485	16	0
NR_119368.1	1497	54	0
NR_119367.1	1497	188	0
NR_119366.1	1481	185	0
NR_119365.1	1498	101	0
NR_119364.1	1496	152	0
NR_119363.1	1484	928	0
NR_119362.1	1495	8453	0
NR_119361.1	1497	29586	0
NR_119358.1	1416	4	0
NR_119357.1	1417	1	0
NR_119307.1	1491	1	0
NR_119296.1	1410	1	0
NR_119279.1	1452	181	0
NR_119278.1	1452	26	0
NR_119277.1	1452	149	0
NR_119276.1	1452	868	0
NR_119257.1	1410	1	0
NR_119256.1	1499	11585	0
NR_119255.1	1239	82	0
NR_119225.1	1492	2	0
NR_119220.1	1500	2	0
NR_119214.1	1401	174	0
NR_119194.1	1449	1	0
NR_119190.1	1538	4	0
NR_119186.1	1092	22	0
NR_119152.1	1498	1	0
NR_119151.1	1497	1	0
NR_119150.1	1497	1	0
NR_119136.1	1409	1	0
NR_119131.1	1200	33	0
NR_119130.1	1475	27	0
NR_119113.1	1460	3	0
NR_119109.1	1443	82	0
NR_119108.1	1539	158	0
NR_119085.1	1503	1	0
NR_119064.1	1486	3	0
NR_119063.1	1485	1	0
NR_119062.1	1477	1	0
NR_119059.1	1464	6	0
NR_119058.1	1471	8	0
NR_119054.1	1488	4	0
NR_119053.1	1457	1	0
NR_119051.1	1463	2	0
NR_119050.1	1467	1	0
NR_119049.1	1468	5	0
NR_119048.1	1457	180	0
NR_119045.1	1460	6	0
NR_119044.1	1460	3	0
NR_119043.1	1460	7	0
NR_119042.1	1460	4	0
NR_119041.1	1460	5	0
NR_119040.1	1460	3	0
NR_119039.1	1460	3	0
NR_119005.1	1480	14	0
NR_118969.1	1435	1	0
NR_118947.1	1503	5	0
NR_118945.1	1503	4	0
NR_118944.1	1503	6	0
NR_118931.1	1482	142	0
NR_118930.1	1472	2	0
NR_118928.1	1481	139	0
NR_118927.1	1482	116	0
NR_118925.1	1472	179	0
NR_118864.1	1467	6	0
NR_118859.1	1457	66	0
NR_118858.1	1458	76	0
NR_118857.1	1457	203	0
NR_118856.1	1458	49	0
NR_118855.1	1457	183	0
NR_118854.1	1456	457	0
NR_118853.1	1502	261	0
NR_118798.1	1456	1	0
NR_118789.1	1406	1	0
NR_118775.1	1511	2	0
NR_118773.1	1464	1	0
NR_118763.1	1471	2	0
NR_118762.1	1483	10	0
NR_118758.1	1487	2	0
NR_118757.1	1477	1	0
NR_118754.1	1480	1	0
NR_118747.1	1482	1	0
NR_118745.1	1479	1	0
NR_118744.1	1479	3	0
NR_118743.1	1476	7	0
NR_118742.1	1479	4	0
NR_118717.1	1474	11	0
NR_118659.1	1473	3	0
NR_118658.1	1495	1	0
NR_118657.1	1485	1	0
NR_118655.1	1485	3	0
NR_118643.1	1390	2	0
NR_118588.1	1459	498	0
NR_118571.1	1450	6	0
NR_118569.1	1368	6	0
NR_118568.1	1369	117	0
NR_118556.1	1376	56	0
NR_118547.1	1287	4	0
NR_118537.1	1331	5	0
NR_118531.1	1494	995	0
NR_118487.1	1294	30	0
NR_118470.1	1467	1	0
NR_118449.1	1438	836	0
NR_118443.1	1291	2	0
NR_118431.1	1493	238	0
NR_118394.1	1500	280	0
NR_118387.1	1439	103	0
NR_118352.1	1360	1	0
NR_118347.1	1535	6	0
NR_118328.1	1422	2	0
NR_118295.1	1531	46	0
NR_118294.1	1531	49	0
NR_118293.1	1531	39	0
NR_118292.1	1530	197	0
NR_118291.1	1530	201	0
NR_118273.1	1344	536	0
NR_118258.1	1458	4	0
NR_118256.1	1525	660	0
NR_118243.1	1468	1	0
NR_118228.1	1530	218	0
NR_118227.1	1530	224	0
NR_118226.1	1530	232	0
NR_118225.1	1530	219	0
NR_118224.1	1530	197	0
NR_118143.1	1364	18	0
NR_118134.1	1494	67	0
NR_118127.1	1345	9	0
NR_118126.1	1345	12	0
NR_118122.1	1344	2275	0
NR_118121.1	1344	1496	0
NR_118120.1	1344	600	0
NR_118106.1	1494	242	0
NR_118105.1	1494	591	0
NR_118099.1	1406	2	0
NR_118095.1	1471	8	0
NR_118093.1	1471	5	0
NR_118092.1	1471	6	0
NR_118091.1	1471	10	0
NR_118088.1	1443	111	0
NR_118087.1	1425	86	0
NR_118082.1	1124	2	0
NR_118081.1	1126	1	0
NR_118080.1	1124	2	0
NR_118078.1	1124	2	0
NR_118075.1	1124	3	0
NR_118070.1	1124	2	0
NR_118068.1	1124	1	0
NR_118067.1	1124	2	0
NR_118064.1	1126	1	0
NR_118062.1	1124	1	0
NR_118058.1	1124	2	0
NR_118057.1	1124	1	0
NR_118055.1	1126	1	0
NR_118053.1	1124	6	0
NR_118052.1	1124	1	0
NR_118051.1	1124	4	0
NR_118044.1	1503	7	0
NR_118043.1	1503	1	0
NR_118042.1	1503	3	0
NR_118036.1	1399	1	0
NR_118011.1	1507	101	0
NR_118008.1	1497	2	0
NR_117981.1	1362	1	0
NR_117969.1	1500	583	0
NR_117945.1	1348	1	0
NR_117930.1	1392	2	0
NR_117895.1	1471	6	0
NR_117893.1	1471	6	0
NR_117890.1	1471	6	0
NR_117889.1	1465	1	0
NR_117887.1	1470	3	0
NR_117877.1	1479	1	0
NR_117832.1	1390	1	0
NR_117820.1	1444	1	0
NR_117793.1	1471	3	0
NR_117789.1	1413	201	0
NR_117784.1	1393	1	0
NR_117769.1	1356	5	0
NR_117763.1	1348	185	0
NR_117752.1	1427	93	0
NR_117751.1	1427	543	0
NR_117750.1	1427	91	0
NR_117718.1	1521	1	0
NR_117704.1	1530	15	0
NR_117686.1	1530	34	0
NR_117685.1	1530	26	0
NR_117684.1	1530	25	0
NR_117683.1	1530	31	0
NR_117682.1	1524	26	0
NR_117679.1	1529	110	0
NR_117678.1	1527	7	0
NR_117677.1	1515	7	0
NR_117676.1	1461	1	0
NR_117661.1	1485	2	0
NR_117653.1	1544	2	0
NR_117638.1	1514	1	0
NR_117630.1	1529	2	0
NR_117629.1	1530	1	0
NR_117626.1	1531	3	0
NR_117625.1	1531	3	0
NR_117624.1	1530	1	0
NR_117622.1	1530	5	0
NR_117621.1	1530	1	0
NR_117620.1	1529	7	0
NR_117619.1	1530	1	0
NR_117575.1	1536	12	0
NR_117553.1	1475	2	0
NR_117526.1	1396	115	0
NR_117512.1	1478	9	0
NR_117508.1	1375	1	0
NR_117480.1	1405	1	0
NR_117424.1	1421	2	0
NR_117405.1	1506	638	0
NR_117353.1	1350	128	0
NR_117305.1	1494	2561	0
NR_117303.1	1504	4	0
NR_117269.1	1527	277	0
NR_117177.1	1527	1	0
NR_117146.1	1545	2	0
NR_117126.1	1525	1	0
NR_117125.1	1538	1	0
NR_117117.1	1455	2	0
NR_117052.1	1416	2	0
NR_117000.1	1493	207	0
NR_116995.1	1478	1	0
NR_116945.1	1475	1	0
NR_116928.1	1301	1	0
NR_116927.1	1295	2	0
NR_116926.1	1381	5	0
NR_116925.1	1386	3	0
NR_116905.1	1530	1	0
NR_116904.1	1521	11	0
NR_116898.1	1495	14	0
NR_116880.1	1503	2	0
NR_116845.1	1528	2	0
NR_116808.1	1488	4	0
NR_116800.1	1502	122	0
NR_116799.1	1361	618	0
NR_116798.1	1505	448	0
NR_116797.1	1506	5974	0
NR_116786.1	1484	34	0
NR_116785.1	1466	4	0
NR_116784.1	1460	7	0
NR_116783.1	1484	9	0
NR_116774.1	1533	3	0
NR_116758.1	1387	403	0
NR_116756.1	1387	33	0
NR_116755.1	1361	2327	0
NR_116754.1	1387	285	0
NR_116753.1	1361	420	0
NR_116752.1	1362	5633	0
NR_116751.1	1387	2054	0
NR_116750.1	1387	7977	0
NR_116749.1	1387	3026	0
NR_116748.1	1376	11456	0
NR_116603.1	1436	12	0
NR_116602.1	1421	6357	0
NR_116586.1	1503	2	0
NR_116585.1	1503	2	0
NR_116584.1	1503	2	0
NR_116489.1	1495	1	0
NR_116478.1	1464	6365	0
NR_116459.1	1490	1	0
NR_116430.1	1285	3865	0
NR_116341.1	1223	54	0
NR_116305.1	1501	10	0
NR_116292.1	1449	1	0
NR_116283.1	1494	459	0
NR_116282.1	1492	1378	0
NR_116258.1	1397	1	0
NR_116247.1	1344	10883	0
NR_116246.1	1344	2395	0
NR_116245.1	1344	11233	0
NR_116244.1	1344	6034	0
NR_116230.1	1488	1	0
NR_116221.1	1450	1	0
NR_116188.1	1168	1	0
NR_116177.1	1411	1	0
NR_116172.1	1469	1	0
NR_116168.1	1505	215	0
NR_116167.1	1506	3	0
NR_116155.1	1313	3	0
NR_116154.1	1313	1	0
NR_116153.1	1313	1	0
NR_116152.1	1313	1	0
NR_116150.1	1313	1	0
NR_116149.1	1313	1	0
NR_116148.1	1313	1	0
NR_116128.1	1440	1	0
NR_116126.1	1262	61	0
NR_116125.1	1438	40	0
NR_116124.1	1443	287	0
NR_116115.1	1429	1710	0
NR_116114.1	1443	5399	0
NR_116113.1	1432	2900	0
NR_116112.1	1348	1069	0
NR_116111.1	1422	599	0
NR_116110.1	1494	118	0
NR_116109.1	1494	411	0
NR_116064.1	1444	2	0
NR_116051.1	1541	2	0
NR_116048.1	1345	9	0
NR_116047.1	1344	170	0
NR_116046.1	1343	179	0
NR_116045.1	1345	9	0
NR_116044.1	1344	171	0
NR_116026.1	1506	3	0
NR_115988.1	1500	1	0
NR_115976.1	1461	6	0
NR_115975.1	1461	13	0
NR_115974.1	1461	11	0
NR_115973.1	1461	7	0
NR_115972.1	1461	4	0
NR_115971.1	1461	4	0
NR_115970.1	1461	3	0
NR_115969.1	1461	2	0
NR_115968.1	1461	2	0
NR_115942.1	1424	182	0
NR_115932.1	1251	594	0
NR_115931.1	1468	1	0
NR_115882.1	1465	1	0
NR_115881.1	1476	3	0
NR_115880.1	1485	174	0
NR_115879.1	1479	1	0
NR_115873.1	1305	620	0
NR_115809.1	1453	1	0
NR_115773.1	1407	1	0
NR_115750.1	1356	10	0
NR_115723.1	1245	181	0
NR_115722.1	1266	56	0
NR_115715.1	1520	1	0
NR_115663.1	1312	1	0
NR_115611.1	1370	1	0
NR_115608.1	1453	4	0
NR_115575.1	1479	1	0
NR_115573.1	1479	1	0
NR_115572.1	1482	1	0
NR_115484.1	1319	1	0
NR_115351.1	1510	2	0
NR_115332.1	1475	1	0
NR_115265.1	1485	1	0
NR_115228.1	1396	1	0
NR_115215.1	1362	183	0
NR_115192.1	1499	1	0
NR_115190.1	1499	1	0
NR_115173.1	1447	152	0
NR_115119.1	1392	2	0
NR_115036.1	1520	1	0
NR_115035.1	1504	1	0
NR_115005.1	1466	228	0
NR_114967.1	1443	1	0
NR_114964.1	1478	162	0
NR_114958.1	1511	1	0
NR_114923.1	1086	5	0
NR_114921.1	1462	5	0
NR_114883.1	1497	2	0
NR_114793.1	1370	3	0
NR_114764.1	1466	1	0
NR_114757.1	1525	1	0
NR_114750.1	1362	89	0
NR_114737.1	1511	59	0
NR_114736.1	1516	187	0
NR_114735.1	1512	2111	0
NR_114724.1	1493	1	0
NR_114716.1	1509	34	0
NR_114715.1	1492	28	0
NR_114714.1	1499	7	0
NR_114712.1	1446	1	0
NR_114711.1	1477	42	0
NR_114706.1	1531	29	0
NR_114705.1	1502	4	0
NR_114704.1	1498	15	0
NR_114690.1	1382	1	0
NR_114631.1	1514	5	0
NR_114630.1	1514	4	0
NR_114589.1	1437	159	0
NR_114579.1	1464	5	0
NR_114577.1	1457	6	0
NR_114576.1	1461	2	0
NR_114575.1	1464	4	0
NR_114558.1	1461	1	0
NR_114550.1	1531	3	0
NR_114540.1	1422	2	0
NR_114533.1	1451	1	0
NR_114531.1	1466	1	0
NR_114522.1	1485	1	0
NR_114520.1	1480	471	0
NR_114507.1	1436	12	0
NR_114506.1	1436	24	0
NR_114505.1	1271	1950	0
NR_114503.1	1436	244	0
NR_114502.1	1436	197	0
NR_114494.1	1466	1	0
NR_114491.1	1462	2	0
NR_114481.1	1459	1	0
NR_114478.1	1440	6	0
NR_114477.1	1457	8	0
NR_114476.1	1458	1	0
NR_114474.1	1458	3	0
NR_114473.1	1458	1	0
NR_114472.1	1459	7	0
NR_114471.1	1489	9	0
NR_114470.1	1418	3	0
NR_114448.1	1504	3	0
NR_114430.1	1410	2	0
NR_114429.1	1485	1	0
NR_114428.1	1481	1	0
NR_114427.1	1480	1	0
NR_114404.1	1480	1	0
NR_114345.1	1324	67	0
NR_114286.1	1467	135	0
NR_114281.1	1468	2	0
NR_114268.1	1477	1	0
NR_114257.1	1449	1	0
NR_114236.1	1470	2	0
NR_114235.1	1467	111	0
NR_114234.1	1406	10	0
NR_114232.1	1467	54	0
NR_114230.1	1450	1	0
NR_114221.1	1435	1	0
NR_114216.1	1464	1	0
NR_114215.1	1462	32	0
NR_114196.1	1461	20	0
NR_114195.1	1462	7	0
NR_114194.1	1462	1	0
NR_114185.1	1469	1	0
NR_114183.1	1464	1	0
NR_114177.1	1460	1	0
NR_114167.1	1461	10	0
NR_114164.1	1462	3	0
NR_114159.1	1466	102	0
NR_114158.1	1467	194	0
NR_114157.1	1467	28	0
NR_114156.1	1466	5	0
NR_114155.1	1467	247	0
NR_114154.1	1465	660	0
NR_114153.1	1465	208	0
NR_114152.1	1465	219	0
NR_114147.1	1477	12	0
NR_114138.1	1414	1	0
NR_114126.1	1463	2	0
NR_114124.1	1410	1	0
NR_114111.1	1466	2092	0
NR_114108.1	1465	183	0
NR_114107.1	1465	172	0
NR_114080.1	1465	1292	0
NR_114079.1	1467	158	0
NR_114078.1	1469	148	0
NR_114077.1	1467	186	0
NR_114072.1	1462	6	0
NR_114057.1	1265	1	0
NR_114050.1	1472	1	0
NR_114045.1	1478	1	0
NR_114044.1	1478	1	0
NR_114043.1	1467	27	0
NR_114042.1	1467	195	0
NR_114041.1	1463	258	0
NR_114038.1	1460	1	0
NR_114012.1	1466	1	0
NR_114007.1	1480	1	0
NR_113959.1	1482	1	0
NR_113938.1	1484	1	0
NR_113859.1	1461	6	0
NR_113838.1	1410	1	0
NR_113815.1	1475	1	0
NR_113791.1	1479	11	0
NR_113789.1	1478	10	0
NR_113787.1	1478	3	0
NR_113784.1	1477	4	0
NR_113782.1	1478	6	0
NR_113781.1	1478	14	0
NR_113741.1	1409	1	0
NR_113740.1	1410	1	0
NR_113739.1	1406	1	0
NR_113726.1	1436	1	0
NR_113703.1	1467	398	0
NR_113702.1	1465	27	0
NR_113701.1	1465	159	0
NR_113680.1	1443	1	0
NR_113678.1	1451	1	0
NR_113652.1	1462	2	0
NR_113651.1	1462	8	0
NR_113649.1	1462	5	0
NR_113646.1	1462	7	0
NR_113645.1	1458	2	0
NR_113635.1	1470	4	0
NR_113629.1	1458	2	0
NR_113623.1	1424	1	0
NR_113617.1	1462	17	0
NR_113616.1	1468	9	0
NR_113615.1	1465	75	0
NR_113614.1	1465	48	0
NR_113610.1	1478	7	0
NR_113607.1	1406	1	0
NR_113604.1	1478	6	0
NR_113601.1	1462	1	0
NR_113599.1	1461	9	0
NR_113598.1	1465	460	0
NR_113596.1	1467	78	0
NR_113580.1	1468	7	0
NR_113393.1	1528	1	0
NR_113385.1	1347	5	0
NR_113376.1	1524	1	0
NR_113347.1	1464	169	0
NR_113346.1	1460	1	0
NR_113343.1	1460	1	0
NR_113342.1	1467	2	0
NR_113341.1	1462	211	0
NR_113340.1	1464	71	0
NR_113321.1	1468	361	0
NR_113268.1	1510	180	0
NR_113253.1	1486	1	0
NR_113248.1	1484	1	0
NR_113240.1	1462	25	0
NR_113237.1	1459	6	0
NR_113236.1	1464	27	0
NR_113182.1	1400	7	0
NR_113169.1	1444	1	0
NR_113135.1	1488	1	0
NR_113032.1	1472	1	0
NR_113025.1	1456	1	0
NR_112986.1	1434	46	0
NR_112985.1	1473	17	0
NR_112941.1	1480	1	0
NR_112928.1	1414	1	0
NR_112838.1	1415	4	0
NR_112837.1	1414	4	0
NR_112782.1	1423	1	0
NR_112671.1	1413	1	0
NR_112592.1	1484	1	0
NR_112558.1	1110	166	0
NR_112557.1	1110	567	0
NR_112556.1	1110	167	0
NR_112555.1	1110	297	0
NR_112554.1	1110	468	0
NR_112261.1	1466	1	0
NR_112235.1	1433	8	0
NR_112232.1	1433	1	0
NR_112220.1	1433	2	0
NR_112191.1	1436	3	0
NR_112190.1	1480	2	0
NR_112136.1	1439	1	0
NR_112123.1	1361	1	0
NR_112110.1	1432	1	0
NR_112105.1	1471	1	0
NR_112074.1	1501	3	0
NR_112072.1	1505	1	0
NR_112070.1	1505	3	0
NR_112062.1	1507	7	0
NR_112061.1	1506	1	0
NR_112060.1	1506	1	0
NR_112033.1	1385	2	0
NR_112011.1	1451	530	0
NR_112010.1	1441	251	0
NR_112009.1	1449	21	0
NR_112007.1	1438	196	0
NR_112006.1	1449	196	0
NR_112005.1	1449	219	0
NR_111998.1	1449	108	0
NR_104812.1	1495	1	0
NR_104756.1	1477	1	0
NR_109684.2	1522	1	0
NR_044712.2	1475	2	0
NR_044825.2	1482	154	0
NR_044752.2	1476	1	0
NR_109681.1	1464	1	0
NR_109616.1	1468	1	0
NR_109598.1	1502	1	0
NR_109583.1	1532	2	0
NR_109549.1	1407	1	0
NR_109507.1	1460	1	0
NR_109490.1	1407	5	0
NR_109470.1	1459	10	0
NR_109326.1	1458	2	0
NR_109312.1	1432	1	0
NR_109179.1	1449	14	0
NR_109105.1	1536	3	0
NR_109099.1	1465	1	0
NR_109076.1	1494	1	0
NR_109066.1	1468	1	0
NR_109063.1	1464	3	0
NR_108991.1	1405	5	0
NR_108987.1	1471	1	0
NR_108899.1	1500	11	0
NR_108886.1	1416	1	0
NR_108875.1	1535	1	0
NR_108873.1	1463	1	0
NR_108872.1	1322	6	0
NR_108848.1	1494	278	0
NR_108830.1	1416	1	0
NR_108829.1	1516	2	0
NR_108634.1	1488	2	0
NR_108615.1	1469	1	0
NR_108606.1	1476	1	0
NR_108603.1	1475	6	0
NR_108559.1	1430	9	0
NR_108524.1	1350	2	0
NR_108516.1	1439	1	0
NR_108490.1	1491	1	0
NR_108484.1	1529	4	0
NR_108482.1	1393	1	0
NR_108470.1	1536	1	0
NR_108469.1	1430	2	0
NR_108459.1	1477	1	0
NR_108453.1	1464	1	0
NR_108383.1	1402	1	0
NR_108243.1	1351	1	0
NR_108233.1	1453	1	0
NR_108187.1	1405	1	0
NR_108186.1	1436	1	0
NR_108141.1	1449	1	0
NR_108121.1	1535	97	0
NR_108115.1	1423	3	0
NR_104980.1	1418	383	0
NR_104978.1	1485	6	0
NR_104975.1	1485	4	0
NR_104973.1	1485	3	0
NR_104965.1	1499	2	0
NR_104962.1	1432	8703	0
NR_104943.1	1440	2299	0
NR_104940.1	1478	634	0
NR_104939.1	1532	7	0
NR_104935.1	1534	2	0
NR_104934.1	1527	176	0
NR_104933.1	1527	646	0
NR_104932.1	1529	280	0
NR_104930.1	1486	1	0
NR_104929.1	1533	3	0
NR_104928.1	1524	65435	0
NR_104925.1	1534	60	0
NR_104924.1	1494	959	0
NR_104913.1	1465	2	0
NR_104908.1	1447	2	0
NR_104903.1	1480	128	0
NR_104884.1	1459	1	0
NR_104841.1	1400	1	0
NR_104839.1	1435	1	0
NR_104838.1	1460	8	0
NR_104826.1	1530	284	0
NR_104825.1	1500	1	0
NR_104824.1	1494	3	0
NR_104823.1	1504	253	0
NR_104802.1	1541	3	0
NR_104770.1	1530	1	0
NR_104767.1	1510	7	0
NR_104760.1	1532	1	0
NR_104742.1	1469	2	0
NR_104735.1	1511	1	0
NR_104724.1	1461	179	0
NR_104722.1	1474	158	0
NR_104710.1	1400	1	0
NR_104709.1	1467	98	0
NR_104569.1	1494	2539	0
NR_104564.1	1533	4	0
NR_104525.1	1461	1	0
NR_044729.2	1488	7	0
NR_102822.1	1531	4	0
NR_102814.1	1537	9	0
NR_102802.1	1543	278	0
NR_102469.1	1488	1	0
NR_102439.1	1507	28	0
NR_074128.1	1447	1	0
NR_074299.2	1528	1	0
NR_037065.2	1475	1	0
NR_075022.1	1563	7	0
NR_074952.1	1548	1	0
NR_074917.1	1544	1	0
NR_074908.1	1544	21104	0
NR_074906.1	1543	4	0
NR_074902.1	1542	439	0
NR_074888.1	1542	9298	0
NR_074853.1	1538	2	0
NR_074841.1	1537	4	0
NR_074830.1	1536	1	0
NR_074823.1	1535	2	0
NR_074812.1	1535	2	0
NR_074809.1	1535	9	0
NR_074805.1	1534	4	0
NR_074782.1	1533	15	0
NR_074696.1	1527	1	0
NR_074680.1	1525	1	0
NR_074672.1	1525	1	0
NR_074670.1	1524	37	0
NR_074628.1	1521	2	0
NR_074606.1	1519	1	0
NR_074549.1	1513	1	0
NR_074534.1	1512	39	0
NR_074521.1	1510	30	0
NR_074520.1	1510	1	0
NR_074436.1	1505	6	0
NR_074390.1	1498	2	0
NR_074379.1	1497	4	0
NR_074347.1	1493	1	0
NR_074337.1	1492	1	0
NR_074317.1	1489	3	0
NR_074314.1	1489	5	0
NR_074297.1	1488	24	0
NR_074261.1	1479	3	0
NR_074244.1	1476	8	0
NR_074208.1	1472	1	0
NR_042430.2	1492	1	0
NR_044980.1	1485	5	0
NR_044978.1	1495	117	0
NR_044977.1	1495	200	0
NR_044976.1	1498	583	0
NR_044975.1	1417	1	0
NR_044947.1	1410	1	0
NR_044924.1	1536	262	0
NR_044919.1	1492	1	0
NR_044911.1	1441	5	0
NR_044905.1	1483	1	0
NR_044901.1	1467	3	0
NR_044867.1	1428	2	0
NR_044853.1	1538	1	0
NR_044851.1	1425	2	0
NR_044845.1	1532	6	0
NR_044844.1	1478	10	0
NR_044838.1	1454	1	0
NR_044827.1	1499	201	0
NR_044823.1	1469	1	0
NR_044800.1	1456	22327	0
NR_044799.1	1502	175	0
NR_044793.1	1496	1	0
NR_044749.1	1479	113	0
NR_044744.1	1425	1	0
NR_044742.1	1425	3	0
NR_044646.1	1469	1	0
NR_044602.1	1502	1	0
NR_044592.1	1427	1	0
NR_044547.1	1451	1	0
NR_044385.1	1500	28	0
NR_044373.1	1368	81	0
NR_044372.1	1448	93	0
NR_044371.1	1437	84	0
NR_044370.1	1414	42	0
NR_044152.1	1461	3	0
NR_044101.1	1400	276	0
NR_044062.1	1361	125	0
NR_044060.1	1417	170	0
NR_044059.1	1425	188	0
NR_044058.1	1417	129	0
NR_044057.1	1380	132	0
NR_044016.1	1508	1	0
NR_043998.1	1383	1	0
NR_043997.1	1503	5	0
NR_043990.1	1411	5	0
NR_043980.1	1351	625	0
NR_043928.1	1416	2	0
NR_043919.1	1467	1	0
NR_043898.1	1425	5	0
NR_043793.1	1481	1	0
NR_043751.1	1356	8	0
NR_043679.1	1325	272	0
NR_043663.1	1500	3	0
NR_043662.1	1500	1	0
NR_043515.1	1386	2	0
NR_043425.1	1527	1	0
NR_043424.1	1527	1	0
NR_043423.1	1526	138	0
NR_043422.1	1526	1	0
NR_043420.1	1527	1	0
NR_043419.1	1530	2	0
NR_043384.1	1515	30	0
NR_043297.1	1424	1	0
NR_043278.1	1520	2	0
NR_043152.1	1491	2	0
NR_043109.1	1540	1	0
NR_043091.1	1454	2	0
NR_043044.1	1431	1	0
NR_042993.1	1485	2	0
NR_042977.1	1493	1	0
NR_042887.1	1356	2	0
NR_042886.1	1362	1	0
NR_042879.1	1362	1	0
NR_042878.1	1362	192	0
NR_042876.1	1362	1	0
NR_042874.1	1362	1	0
NR_042870.1	1356	1	0
NR_042868.1	1364	2	0
NR_042821.1	1496	6	0
NR_042806.1	1517	2	0
NR_042764.1	1439	1	0
NR_042748.1	1436	1745	0
NR_042710.1	1495	1	0
NR_042706.1	1430	1	0
NR_042662.1	1425	30	0
NR_042654.1	1399	1	0
NR_042650.1	1418	12	0
NR_042640.1	1460	1	0
NR_042635.1	1498	1	0
NR_042627.1	1383	1	0
NR_042607.1	1489	5	0
NR_042593.1	1484	1	0
NR_042556.1	1508	1	0
NR_042542.1	1459	1	0
NR_042528.1	1509	1	0
NR_042518.1	1350	6	0
NR_042505.1	1403	1	0
NR_042492.1	1480	1	0
NR_042485.1	1488	3	0
NR_042466.1	1446	41	0
NR_042465.1	1426	28	0
NR_042450.1	1494	15	0
NR_042435.1	1523	3	0
NR_042432.1	1345	1	0
NR_042422.1	1502	699	0
NR_042415.1	1517	171	0
NR_042413.1	1497	187	0
NR_042412.1	1518	11	0
NR_042411.1	1516	14	0
NR_042398.1	1534	1	0
NR_042389.1	1511	1	0
NR_042360.1	1333	1	0
NR_042356.1	1479	11	0
NR_042350.1	1476	1	0
NR_042349.1	1513	122	0
NR_042343.1	1505	5	0
NR_042328.1	1524	15	0
NR_042327.1	1524	1	0
NR_042326.1	1525	1	0
NR_042325.1	1529	13	0
NR_042238.1	1419	9	0
NR_042199.1	1492	1	0
NR_042198.1	1462	1	0
NR_042191.1	1459	245	0
NR_042183.1	1481	1	0
NR_042173.1	1486	1	0
NR_042155.1	1498	6	0
NR_042145.1	1475	1	0
NR_042126.1	1527	1	0
NR_042106.1	1432	1	0
NR_042105.1	1426	2	0
NR_042067.1	1531	1	0
NR_042062.1	1428	8	0
NR_042042.1	1512	1	0
NR_042026.1	1456	1	0
NR_042023.1	1331	1	0
NR_042021.1	1523	2	0
NR_041979.1	1495	239	0
NR_041978.1	1473	2160	0
NR_041977.1	1491	372	0
NR_041976.1	1497	69	0
NR_041975.1	1509	347	0
NR_041974.1	1504	1065	0
NR_041973.1	1495	218	0
NR_041972.1	1496	51	0
NR_041971.1	1497	157	0
NR_041970.1	1497	298	0
NR_041969.1	1496	2	0
NR_041952.1	1448	2	0
NR_041924.1	1434	11	0
NR_041923.1	1422	7	0
NR_041922.1	1427	60	0
NR_041921.1	1413	46	0
NR_041851.1	1523	1	0
NR_041838.1	1514	5	0
NR_041833.1	1461	1	0
NR_041832.1	1461	4	0
NR_041831.1	1461	3	0
NR_041811.1	1363	1	0
NR_041810.1	1364	1	0
NR_041750.1	1436	897	0
NR_041749.1	1436	193	0
NR_041720.1	1494	9	0
NR_041719.1	1494	3	0
NR_041696.1	1491	44	0
NR_041683.1	1298	1	0
NR_041661.1	1462	1	0
NR_041653.1	1463	4	0
NR_041651.1	1454	2	0
NR_041649.1	1455	1	0
NR_041634.1	1474	2	0
NR_041599.1	1453	1	0
NR_041592.1	1438	2	0
NR_041577.1	1538	1	0
NR_041527.1	1490	109	0
NR_041403.1	1484	1	0
NR_041259.1	1460	13	0
NR_041036.1	1442	2	0
NR_041035.1	1430	3	0
NR_041034.1	1451	7	0
NR_041026.1	1433	1	0
NR_041025.1	1435	1	0
NR_040953.1	1439	3	0
NR_040936.1	1482	4	0
NR_040930.1	1399	19	0
NR_040916.1	1467	1	0
NR_040866.1	1425	1	0
NR_040863.1	1459	2	0
NR_040847.1	1486	2	0
NR_040845.1	1515	1	0
NR_040829.1	1467	3	0
NR_040803.1	1513	2	0
NR_040798.1	1513	2	0
NR_044741.1	1498	1	0
NR_044654.1	1471	1	0
NR_044640.1	1544	1	0
NR_044359.1	1440	1	0
NR_044358.1	1433	1	0
NR_044304.1	1438	1	0
NR_044248.1	1359	1	0
NR_044203.1	1425	1	0
NR_044076.1	1493	247	0
NR_044048.1	1453	1	0
NR_043949.1	1491	1	0
NR_043885.1	1506	2	0
NR_043883.1	1347	2247	0
NR_043873.1	1448	1	0
NR_043716.1	1482	2	0
NR_043642.1	1487	3	0
NR_043638.1	1542	5	0
NR_043165.1	1436	13	0
NR_042893.1	1441	85	0
NR_042827.1	1440	1	0
NR_042811.1	1511	16	0
NR_041932.1	1431	1	0
NR_041927.1	1468	1232	0
NR_041827.1	1477	1	0
NR_041816.1	1517	1	0
NR_041815.1	1499	1	0
NR_037014.2	1503	1	0
NR_037013.2	1503	3	0
NR_036911.2	1503	6	0
NR_026089.2	1503	2	0
NR_025945.2	1503	2	0
NR_037134.1	1527	13	0
NR_037120.1	1465	1	0
NR_037119.1	1451	1	0
NR_037112.1	1508	11	0
NR_037111.1	1502	160	0
NR_037102.1	1529	3	0
NR_037085.1	1454	414	0
NR_037082.1	1535	1	0
NR_037072.1	1414	1	0
NR_037067.1	1546	1	0
NR_037011.1	1502	3	0
NR_037010.1	1491	1	0
NR_036998.1	1491	6	0
NR_036953.1	1480	1	0
NR_036944.1	1465	5	0
NR_036919.1	1497	1499	0
NR_036908.1	1527	2	0
NR_036886.1	1532	40	0
NR_036885.1	1504	1	0
NR_036836.1	1439	1	0
NR_036830.1	1456	1	0
NR_036825.1	1519	1	0
NR_036794.1	1534	124	0
NR_036771.1	1464	1	0
NR_029342.1	1519	1	0
NR_029331.1	1500	1	0
NR_029319.1	1408	15	0
NR_029317.1	1513	1	0
NR_029315.1	1468	1	0
NR_029256.1	1448	1	0
NR_029254.1	1427	1	0
NR_029252.1	1460	1	0
NR_029212.1	1522	3	0
NR_029210.1	1528	16	0
NR_029202.1	1427	4	0
NR_029171.1	1484	5	0
NR_029169.1	1481	1	0
NR_029162.1	1498	1	0
NR_029126.1	1413	1	0
NR_029125.1	1407	2	0
NR_029103.1	1531	13	0
NR_029070.1	1497	1	0
NR_029063.1	1531	3	0
NR_029058.1	1504	1	0
NR_029046.1	1418	2	0
NR_029040.1	1479	2	0
NR_029037.1	1499	1	0
NR_029032.1	1529	1	0
NR_029029.1	1472	5	0
NR_029013.1	1502	1	0
NR_029012.1	1516	2	0
NR_028993.1	1451	106	0
NR_028987.1	1492	1	0
NR_028973.1	1492	1	0
NR_028959.1	1370	2	0
NR_028953.1	1450	1	0
NR_028946.1	1542	2	0
NR_028930.1	1497	2	0
NR_028912.1	1511	92	0
NR_028906.1	1503	1	0
NR_028893.1	1507	1488	0
NR_028881.1	1521	4	0
NR_028870.1	1540	1	0
NR_028869.1	1522	1	0
NR_028854.1	1418	1	0
NR_028847.1	1493	1	0
NR_028803.1	1459	202	0
NR_028802.1	1453	217	0
NR_028801.1	1509	1	0
NR_028788.1	1437	13	0
NR_028786.1	1503	29	0
NR_028783.1	1282	2	0
NR_028718.1	1513	2	0
NR_028715.1	1512	4	0
NR_028702.1	1400	2	0
NR_028688.1	1530	166	0
NR_028687.1	1530	119	0
NR_028686.1	1522	203	0
NR_028685.1	1496	38	0
NR_028683.1	1468	2	0
NR_028680.1	1470	1	0
NR_028673.1	1538	1	0
NR_028626.1	1439	1	0
NR_028619.1	1528	1	0
NR_028607.1	1495	1	0
NR_028009.1	1475	1	0
NR_027220.1	1409	1	0
NR_027194.1	1481	2	0
NR_025593.1	1506	2	0
NR_025585.1	1452	6	0
NR_025583.1	1447	1	0
NR_025582.1	1447	2	0
NR_025566.1	1362	306	0
NR_025544.1	1407	1	0
NR_025540.1	1482	1	0
NR_025518.1	1494	1	0
NR_025495.1	1447	1	0
NR_025491.1	1468	6	0
NR_025479.1	1494	1	0
NR_025478.1	1435	7	0
NR_025461.1	1483	1	0
NR_025412.1	1466	2	0
NR_025411.1	1466	1	0
NR_025409.1	1486	1	0
NR_025404.1	1521	1	0
NR_025400.1	1405	1	0
NR_025363.1	1446	1	0
NR_025356.1	1444	1	0
NR_025341.1	1502	4	0
NR_025340.1	1495	3	0
NR_025339.1	1490	7	0
NR_025338.1	1516	278	0
NR_025335.1	1485	451	0
NR_025334.1	1490	20	0
NR_025331.1	1498	1363	0
NR_025330.1	1495	1146	0
NR_025329.1	1504	1087	0
NR_025328.1	1505	1147	0
NR_025327.1	1504	29	0
NR_025318.1	1450	1	0
NR_025316.1	1488	208	0
NR_025315.1	1391	3	0
NR_025295.1	1505	2	0
NR_025267.1	1531	1	0
NR_025266.1	1361	1	0
NR_025242.1	1436	1	0
NR_025227.1	1455	1	0
NR_025161.1	1461	4	0
NR_025160.1	1461	5	0
NR_025159.1	1461	4	0
NR_025158.1	1461	3	0
NR_025137.1	1484	1	0
NR_025132.1	1499	1	0
NR_025119.1	1415	4	0
NR_025105.1	1540	2	0
NR_025103.1	1502	4	0
NR_025102.1	1501	1	0
NR_025097.1	1523	1	0
NR_025057.1	1476	1	0
NR_025053.1	1483	2	0
NR_025050.1	1433	1	0
NR_025037.1	1529	1	0
NR_025027.1	1296	1	0
NR_025021.1	1462	1	0
NR_025013.1	1408	3	0
NR_025012.1	1462	16	0
NR_025003.1	1414	1	0
NR_025001.1	1431	2	0
NR_024981.1	1462	1	0
NR_024978.1	1463	1	0
NR_024940.1	1354	1	0
NR_024925.1	1453	3	0
NR_024914.1	1378	1	0
NR_024910.1	1517	3	0
NR_024902.1	1518	1	0
NR_024899.1	1504	182	0
NR_024898.1	1504	3	0
NR_024897.1	1504	1	0
NR_024894.1	1466	1	0
NR_024892.1	1464	1	0
NR_024883.1	1414	784	0
NR_024861.1	1511	198	0
NR_024853.1	1475	1	0
NR_024848.1	1494	81	0
NR_024768.1	1466	42	0
NR_024734.1	1489	5	0
NR_024709.1	1519	3	0
NR_024680.1	1494	5	0
NR_024654.1	1459	1	0
NR_024644.1	1442	72	0
NR_024643.1	1438	59	0
NR_024642.1	1449	592	0
NR_024640.1	1422	136	0
NR_024633.1	1499	1	0
NR_024631.1	1452	1	0
NR_026534.1	1465	7	0
NR_026532.1	1494	5	0
NR_026506.1	1526	1	0
NR_026498.1	1466	1	0
NR_026478.1	1490	1	0
NR_026462.1	1432	1	0
NR_026450.1	1539	1	0
NR_026414.1	1459	3	0
NR_026354.1	1547	1	0
NR_026353.1	1412	1	0
NR_026332.1	1487	534	0
NR_026331.1	1488	199	0
NR_026313.1	1487	1	0
NR_026283.1	1416	2	0
NR_026222.1	1436	1	0
NR_026209.1	1460	2	0
NR_026208.1	1459	6	0
NR_026207.1	1460	1	0
NR_026206.1	1459	1	0
NR_026157.1	1472	2	0
NR_026156.1	1472	3	0
NR_026128.1	1465	7	0
NR_026125.1	1436	5	0
NR_026078.1	1537	15	0
NR_026049.1	1456	131	0
NR_026048.1	1456	412	0
NR_026046.1	1458	178	0
NR_026045.1	1455	8256	0
NR_026030.1	1466	2	0
NR_026012.1	1502	1	0
NR_025947.1	1529	5	0
NR_025937.1	1481	2	0
NR_025927.1	1480	1	0
NR_025908.1	1473	1	0
NR_025894.1	1489	1	0
NR_025889.1	1466	1	0
NR_025875.1	1476	1	0
NR_025794.1	1499	9	0
NR_025764.1	1482	3	0
NR_025763.1	1482	2	0
NR_025635.1	1412	19	0
NR_036954.2	1541	1	0
NR_146849.1	1254	6	0
NR_134226.1	1343	1	0
NR_029213.2	1483	2	0
NR_042154.1	1365	103	0
NR_042123.1	1419	1	0
NR_042081.1	1468	11	0
NR_042056.1	1440	1	0
NR_042053.1	1507	1	0
NR_042049.1	1463	2	0
NR_042007.1	1454	2	0
NR_041980.1	1505	31	0
NR_041968.1	1504	615	0
NR_041837.1	1362	1	0
NR_041765.1	1509	1	0
NR_041715.1	1458	1	0
NR_041705.1	1431	1	0
NR_041702.1	1528	22	0
NR_041640.1	1540	2	0
NR_041397.1	1496	1	0
NR_041236.1	1438	1	0
NR_040992.1	1498	1	0
NR_040948.1	1483	1	0
NR_041920.1	1572	4	0
NR_036960.1	1471	1	0
NR_036866.1	1506	1	0
NR_036777.1	1418	1	0
NR_029362.1	1521	10	0
NR_029269.1	1521	1	0
NR_029225.1	1528	22	0
NR_029222.1	1484	2	0
NR_029211.1	1510	1	0
NR_029209.1	1478	1	0
NR_029207.1	1426	2	0
NR_029186.1	1438	3	0
NR_029082.1	1477	1	0
NR_028979.1	1470	1	0
NR_028938.1	1502	12	0
NR_028892.1	1470	29	0
NR_028891.1	1447	32	0
NR_028885.1	1406	1	0
NR_028830.1	1523	3	0
NR_028677.1	1459	142	0
NR_028672.1	1447	4	0
NR_027587.1	1488	1	0
NR_027585.1	1533	1	0
NR_027578.1	1462	1	0
NR_027574.1	1494	1	0
NR_027554.1	1480	1	0
NR_027549.1	1473	185	0
NR_027546.1	1461	3	0
NR_027545.1	1461	6	0
NR_027544.1	1461	1	0
NR_027543.1	1461	2	0
NR_027540.1	1484	5	0
NR_025610.1	1448	1	0
NR_025569.1	1494	215	0
NR_025484.1	1451	1	0
NR_025477.1	1504	1	0
NR_025423.1	1468	2	0
NR_025342.1	1480	879	0
NR_025337.1	1473	13	0
NR_025333.1	1482	4	0
NR_025332.1	1481	1	0
NR_025243.1	1403	40	0
NR_025144.1	1465	1	0
NR_025039.1	1516	1	0
NR_024996.1	1436	181	0
NR_024905.1	1509	1	0
NR_024795.1	1484	11	0
NR_024770.1	1399	41	0
NR_024769.1	1466	37	0
NR_024706.1	1522	765	0
NR_024641.1	1450	182	0
NR_026513.1	1482	1	0
NR_026210.1	1459	2	0
NR_026176.1	1486	1	0
NR_026129.1	1436	3	0
NR_026126.1	1434	1	0
NR_026124.1	1466	4	0
NR_026056.1	1475	4	0
NR_026053.1	1486	2	0
NR_026050.1	1455	367	0
NR_026047.1	1458	7	0
NR_025883.1	1465	1	0
NR_025703.1	1378	13	0
NR_025681.1	1357	1	0
NR_024570.1	1450	97	0
NR_037084.1	1452	23	0
NR_037019.1	1434	1	0
