NR_178141.1	628	1	0
NR_178091.1	674	1	0
NR_177501.1	644	1	0
NR_177469.1	660	1	0
NR_177458.1	784	545	0
NR_177180.1	896	1	0
NR_177176.1	784	50	0
NR_177137.1	548	1	0
NR_176780.1	609	1	0
NR_176776.1	583	1	0
NR_176758.1	680	1	0
NR_175700.1	716	134	0
NR_176108.1	665	2	0
NR_130313.1	724	1	0
NR_120301.1	557	642	0
NR_157855.1	640	1	0
NR_119809.1	690	1	0
NR_119806.1	738	1	0
NR_175186.1	571	13	0
NR_175183.1	653	12	0
NR_175152.1	733	1	0
NR_175101.1	641	24	0
NR_175095.1	778	50	0
NR_175026.1	531	1	0
NR_174900.1	744	38	0
NR_174733.1	677	2	0
NR_174732.1	667	3	0
NR_174730.1	594	6	0
NR_174729.1	649	1	0
NR_174668.1	667	1	0
NR_174649.1	644	1	0
NR_174052.1	661	268	0
NR_174051.1	660	282	0
NR_164277.1	756	1138	0
NR_173976.1	657	1	0
NR_173939.1	689	384	0
NR_173881.1	617	37	0
NR_173878.1	628	17	0
NR_173874.1	735	313	0
NR_173873.1	650	1	0
NR_173872.1	675	116	0
NR_173793.1	748	132	0
NR_173726.1	695	18	0
NR_173706.1	741	4	0
NR_173483.1	482	1	0
NR_173428.1	634	3	0
NR_173427.1	637	1	0
NR_120116.2	673	3	0
NR_119473.1	642	10	0
NR_173316.1	479	3	0
NR_173262.1	568	1	0
NR_173216.1	785	1	0
NR_173189.1	791	2	0
NR_173188.1	1016	50	0
NR_173167.1	733	1	0
NR_172974.1	518	15	0
NR_155799.1	520	1	0
NR_155237.1	874	1	0
NR_138235.2	493	1	0
NR_172782.1	806	883	0
NR_172732.1	468	3	0
NR_172546.1	572	1	0
NR_153597.1	609	97	0
NR_119591.1	573	5	0
NR_172361.1	745	2	0
NR_172323.1	554	1	0
NR_172296.1	629	1	0
NR_172287.1	764	1	0
NR_172227.1	722	53	0
NR_172218.1	652	1	0
NR_172192.1	595	1	0
NR_172191.1	636	1	0
NR_172175.1	596	2	0
NR_172002.1	689	1	0
NR_171714.1	679	1	0
NR_171357.1	633	1	0
NR_171354.1	686	2	0
NR_171321.1	583	2	0
NR_171267.1	976	273	0
NR_171255.1	681	1	0
NR_171160.1	569	1	0
NR_170738.1	815	3	0
NR_169916.1	473	59	0
NR_169668.1	795	2	0
NR_168751.1	703	1	0
NR_168750.1	699	1	0
NR_158374.1	667	6	0
NR_168142.1	715	1	0
NR_166037.1	662	32	0
NR_166278.1	704	17	0
NR_166237.1	641	166	0
NR_165944.1	768	1	0
NR_160610.1	697	1	0
NR_121520.1	692	92	0
NR_165200.1	829	4	0
NR_119777.1	711	1	0
NR_119557.1	580	2	0
NR_164586.1	683	1	0
NR_164525.1	480	6	0
NR_164292.1	705	2	0
NR_164224.1	649	1	0
NR_164045.1	735	124	0
NR_164014.1	718	1	0
NR_154704.1	668	2	0
NR_154604.1	656	1	0
NR_154391.1	832	2	0
NR_153863.1	801	3	0
NR_145276.1	600	1	0
NR_132841.1	647	1	0
NR_132054.1	1092	277	0
NR_121400.1	692	1935	0
NR_121398.1	691	1907	0
NR_121395.1	691	1913	0
NR_121394.1	689	1865	0
NR_121393.1	689	1927	0
NR_121391.1	690	1821	0
NR_121390.1	694	1930	0
NR_121388.1	694	1863	0
NR_121387.1	691	1811	0
NR_121384.1	664	1	0
NR_121339.1	804	295	0
NR_119652.1	668	265	0
NR_119650.1	681	297	0
NR_119649.1	790	4	0
NR_119648.1	853	1	0
NR_119647.1	521	3	0
NR_119644.1	713	295	0
NR_119592.1	565	2	0
NR_119590.1	749	288	0
NR_119554.1	824	4	0
NR_161005.1	468	60	0
NR_130681.1	459	1	0
NR_160568.1	638	33	0
NR_160454.1	680	52	0
NR_160451.1	658	1	0
NR_160330.1	684	2	0
NR_160139.1	692	2	0
NR_159832.1	686	19	0
NR_159831.1	704	23	0
NR_119560.2	742	1	0
NR_121542.1	712	650	0
NR_121307.1	592	1	0
NR_121306.1	593	1	0
NR_121270.1	773	1	0
NR_120168.1	631	51	0
NR_120167.1	624	46	0
NR_120166.1	655	44	0
NR_120115.1	972	4	0
NR_120035.1	609	15	0
NR_120025.1	850	1	0
NR_119993.1	572	1	0
NR_119969.1	679	1	0
NR_119968.1	687	19	0
NR_119945.1	691	2	0
NR_119772.1	671	1	0
NR_119766.1	658	1	0
NR_119764.1	732	53	0
NR_119723.1	606	33	0
NR_119695.1	698	3	0
NR_119691.1	646	4	0
NR_119690.1	629	5	0
NR_119646.1	746	2	0
NR_119633.1	573	1	0
NR_119588.1	652	1	0
NR_119390.1	770	1	0
NR_159061.1	684	1	0
NR_159055.1	674	1	0
NR_155319.1	640	1	0
NR_158879.1	753	1	0
NR_158525.1	500	429	0
NR_158485.1	766	5	0
NR_158461.1	862	274	0
NR_158460.1	695	1338	0
NR_158333.1	639	28	0
NR_158299.1	762	1	0
NR_157915.1	645	20	0
NR_156246.1	613	1	0
NR_153095.1	573	1	0
NR_153089.1	603	1	0
NR_156661.1	595	2	0
NR_156518.1	655	1	0
NR_155933.1	575	387	0
NR_155910.1	661	13	0
NR_155907.1	576	4	0
NR_155849.1	470	17	0
NR_155020.1	595	90	0
NR_154767.1	667	2	0
NR_154687.1	636	1	0
NR_154681.1	601	1	0
NR_154669.1	892	31	0
NR_154470.1	699	1	0
NR_154354.1	600	5	0
NR_154000.1	684	20	0
NR_153577.1	633	22	0
NR_153553.1	648	76	0
NR_153525.1	717	50	0
NR_153482.1	543	26	0
NR_153449.1	677	34	0
NR_153040.1	690	16	0
NR_153039.1	682	21	0
NR_138406.1	503	1	0
NR_130212.1	669	23	0
NR_153029.1	613	20	0
NR_152993.1	650	1	0
NR_152324.1	705	1	0
NR_147659.1	657	358	0
NR_147528.1	744	12	0
NR_144901.1	637	12	0
NR_138387.1	684	1	0
NR_138234.1	641	2	0
NR_138220.1	469	1	0
NR_138004.1	652	2	0
NR_137732.1	655	2	0
NR_151753.1	733	1	0
NR_144985.1	678	1	0
NR_137028.1	568	1	0
NR_131891.1	605	55	0
NR_131798.1	705	25	0
NR_153300.1	651	1	0
NR_153299.1	645	5	0
NR_153173.1	676	206	0
NR_153151.1	693	171	0
NR_153139.1	709	171	0
NR_153135.1	748	1	0
NR_137730.1	473	1	0
NR_137597.1	720	1	0
NR_152348.1	724	199	0
NR_152341.1	674	1	0
