NG_088149.1	1402	4	0
NG_088148.1	1379	1	0
NG_088147.1	1387	4	0
NG_088146.1	1391	12	0
NG_088141.1	1334	4	0
NG_079683.1	1329	11	0
NG_088360.1	859	2	0
NG_088352.1	1372	6	0
NG_088317.1	1342	35	0
NG_088316.1	1344	24	0
NG_088315.1	1344	20	0
NG_088311.1	1350	377	0
NG_088310.1	1360	6	0
NG_088309.1	1348	5	0
NG_088307.1	1379	39	0
NG_088306.1	1388	1	0
NG_088305.1	1378	4	0
NG_088304.1	1384	2	0
NG_088298.1	1345	13	0
NG_088294.1	810	1	0
NG_088285.1	1339	3	0
NG_088282.1	868	269	0
NG_088281.1	912	1	0
NG_088262.1	1379	1	0
NG_088260.1	1400	1	0
NG_088258.1	1348	1	0
NG_088257.1	1355	1	0
NG_088255.1	1352	18	0
NG_088253.1	1385	13	0
NG_088246.1	1402	1	0
NG_088239.1	1350	13	0
NG_088237.1	1337	3	0
NG_088236.1	1283	2	0
NG_088235.1	1344	1	0
NG_088234.1	1389	3	0
NG_088232.1	929	1	0
NG_088230.1	1391	5	0
NG_088229.1	1390	31	0
NG_088215.1	1384	4	0
NG_088214.1	1389	5	0
NG_088213.1	1390	12	0
NG_088210.1	888	1	0
NG_088203.1	1275	25	0
NG_088198.1	1392	12	0
NG_088197.1	1334	3	0
NG_088195.1	1345	3	0
NG_088186.1	1353	8	0
NG_088185.1	970	1	0
NG_088179.1	1344	10	0
NG_088178.1	881	1	0
NG_088174.1	621	2	0
NG_088159.1	1393	5	0
NG_088156.1	1246	1	0
NG_088152.1	945	12	0
NG_088150.1	925	1	0
NG_088142.1	1390	1	0
NG_088140.1	1355	12	0
NG_088124.1	847	3	0
NG_088122.1	1310	3	0
NG_088114.1	1339	1	0
NG_088108.1	1355	2	0
NG_088104.1	1206	5	0
NG_088103.1	1354	11	0
NG_088101.1	927	1	0
NG_088095.1	1265	2	0
NG_088083.1	1297	22	0
NG_088065.1	1399	1	0
NG_088062.1	1347	1	0
NG_088061.1	1344	13	0
NG_088060.1	1334	11	0
NG_088042.1	1299	3	0
NG_088041.1	1291	5	0
NG_088040.1	1291	7	0
NG_088039.1	1288	4	0
NG_088037.1	828	2398	0
NG_088025.1	1350	3	0
NG_088020.1	1280	14	0
NG_088018.1	1314	11	0
NG_088017.1	1364	4	0
NG_088016.1	1431	22	0
NG_088011.1	1357	1	0
NG_064334.1	882	2	0
NG_064326.1	893	2	0
NG_058141.1	1380	2	0
NG_058140.1	1381	1	0
NG_058018.1	1313	4	0
NG_058017.1	1312	1	0
NG_058015.1	1303	5	0
NG_058014.1	1330	1	0
NG_058013.1	1350	4	0
NG_081545.1	848	1	0
NG_081529.1	907	1	0
NG_081516.1	1286	15	0
NG_081514.1	849	13	0
NG_081512.1	909	1	0
NG_081469.1	665	2	0
NG_081464.1	847	9	0
NG_081447.1	871	1	0
NG_081312.1	1315	1	0
NG_081306.1	979	1	0
NG_081296.1	899	1	0
NG_081284.1	1330	7	0
NG_081283.1	950	1	0
NG_081282.1	946	1	0
NG_081281.1	944	2	0
NG_081280.1	944	6	0
NG_081279.1	944	1	0
NG_081273.1	1144	1	0
NG_075323.1	897	2	0
NG_066422.1	968	1	0
NG_060409.1	1367	1	0
NG_060408.1	1375	3	0
NG_077388.1	922	1	0
NG_074502.1	937	5	0
NG_069325.1	1325	34	0
NG_069113.1	873	4	0
NG_069112.1	874	4	0
NG_068872.1	1283	19	0
NG_068871.1	1281	35	0
NG_068870.1	1255	25	0
NG_068869.1	1289	15	0
NG_068734.1	1347	3	0
NG_064340.1	885	2	0
NG_064332.1	877	5	0
NG_064324.1	885	1	0
NG_059107.1	1349	13	0
NG_058907.1	939	1	0
NG_058839.1	882	2	0
NG_058803.1	954	4	0
NG_058802.1	953	19	0
NG_058798.1	954	2	0
NG_058791.1	952	2	0
NG_058790.1	926	4	0
NG_058785.1	954	7	0
NG_058784.1	963	2	0
NG_042652.1	1344	4	0
NG_042651.1	1342	4	0
NG_042609.1	1347	14	0
NG_079710.1	1346	1	0
NG_079709.1	1340	4	0
NG_079706.1	1324	5	0
NG_079701.1	943	1	0
NG_079693.1	881	7	0
NG_079692.1	884	4	0
NG_079691.1	883	10	0
NG_079689.1	884	25	0
NG_079687.1	1373	27	0
NG_079686.1	1288	15	0
NG_079685.1	1316	23	0
NG_079684.1	1344	16	0
NG_079680.1	1280	1	0
NG_079671.1	1349	4	0
NG_079661.1	1326	2	0
NG_079658.1	1404	4	0
NG_079640.1	1316	23	0
NG_079638.1	1297	2	0
NG_079637.1	1265	1	0
NG_079636.1	1291	5	0
NG_079634.1	1291	3	0
NG_079633.1	1291	1	0
NG_079632.1	1291	2	0
NG_079630.1	1290	6	0
NG_079626.1	1350	13	0
NG_079571.1	1316	3	0
NG_079545.1	808	56	0
NG_079525.1	876	10	0
NG_078691.1	937	3	0
NG_078681.1	921	33	0
NG_078678.1	946	1	0
NG_078668.1	942	1	0
NG_078658.1	848	1	0
NG_078640.1	1278	36	0
NG_078637.1	1391	16	0
NG_078632.1	941	2	0
NG_064005.1	931	15	0
NG_077393.1	906	1	0
NG_077389.1	865	1	0
NG_077387.1	773	1	0
NG_077380.1	1295	1	0
NG_060382.1	3250	13	0
NG_066352.1	3183	8	0
NG_064396.1	907	1	0
NG_060406.1	1379	126	0
NG_055354.1	3283	572	0
NG_076741.1	876	1	0
NG_067902.1	814	1	0
NG_058139.1	1375	11	0
NG_055355.1	3269	22	0
NG_067823.1	878	1	0
NG_075416.1	828	2	0
NG_075415.1	838	1	0
NG_075399.1	878	1	0
NG_075397.1	1339	1	0
NG_075396.1	1357	11	0
NG_075395.1	843	1	0
NG_075389.1	1398	1	0
NG_075373.1	873	1	0
NG_075371.1	842	1	0
NG_075369.1	873	1	0
NG_075351.1	858	4	0
NG_075344.1	880	1	0
NG_075343.1	902	2	0
NG_075341.1	1367	16	0
NG_075336.1	1361	10	0
NG_075330.1	1388	4	0
NG_075329.1	1396	2	0
NG_075322.1	1356	3	0
NG_075321.1	868	1	0
NG_075319.1	1341	7	0
NG_075318.1	1349	1	0
NG_075317.1	1350	1	0
NG_075315.1	1348	11	0
NG_075311.1	1341	18	0
NG_075310.1	1339	2	0
NG_075309.1	1303	3	0
NG_075308.1	1277	1	0
NG_075306.1	935	1	0
NG_075305.1	907	1	0
NG_075304.1	935	2	0
NG_075302.1	898	163	0
NG_075300.1	3106	5	0
NG_075288.1	1382	3	0
NG_075283.1	1395	3	0
NG_075239.1	823	1	0
NG_075234.1	794	1	0
NG_075232.1	1347	5	0
NG_075231.1	1346	1	0
NG_075230.1	1332	19	0
NG_075214.1	1340	18	0
NG_075213.1	1342	11	0
NG_075212.1	1345	4	0
NG_075209.1	1325	1	0
NG_075207.1	1353	2	0
NG_075206.1	1343	3	0
NG_075201.1	1044	2	0
NG_075187.1	1378	3	0
NG_075185.1	1350	8	0
NG_075184.1	1349	8	0
NG_075183.1	1347	7	0
NG_075182.1	1350	12	0
NG_075181.1	1352	10	0
NG_075180.1	1350	9	0
NG_075179.1	586	4	0
NG_075178.1	1374	9	0
NG_075173.1	720	1	0
NG_075167.1	1338	17	0
NG_075163.1	1389	20	0
NG_075161.1	3224	11	0
NG_075155.1	1301	25	0
NG_027566.1	3087	82	0
NG_074504.1	1280	13	0
NG_074503.1	937	1	0
NG_074501.1	936	2	0
NG_074473.1	917	1	0
NG_074472.1	894	1	0
NG_074471.1	1018	314	0
NG_074467.1	979	2	0
NG_074457.1	1038	626	0
NG_074456.1	1051	2	0
NG_074455.1	1055	3	0
NG_074454.1	877	12	0
NG_074434.1	1357	1	0
NG_074433.1	1227	1	0
NG_057674.1	1078	10	0
NG_057852.1	3295	247	0
NG_073827.1	884	41	0
NG_073785.1	835	2	0
NG_073775.1	892	1	0
NG_073765.1	822	1	0
NG_073751.1	1098	2	0
NG_073692.1	951	3	0
NG_073684.1	785	1	0
NG_073610.1	905	1	0
NG_073598.1	1339	41	0
NG_073595.1	1385	13	0
NG_073581.1	1333	6	0
NG_073626.1	888	3	0
NG_060125.1	1375	122	0
NG_071250.1	917	1	0
NG_071246.1	1272	18	0
NG_071245.1	1326	66	0
NG_071239.1	876	1	0
NG_068816.1	900	1	0
NG_070932.1	831	1	0
NG_070931.1	869	1	0
NG_070927.1	1224	1	0
NG_070522.1	1435	1	0
NG_057945.1	1459	2	0
NG_057900.1	1429	2	0
NG_057898.1	1429	1	0
NG_042568.1	1429	1	0
NG_042564.1	1258	3	0
NG_042560.1	1428	1	0
NG_042556.1	1430	5	0
NG_042555.1	1382	2	0
NG_042554.1	1401	2	0
NG_042550.1	1429	2	0
NG_042539.1	1429	1	0
NG_070844.1	1329	11	0
NG_070841.1	943	2	0
NG_070832.1	1298	2	0
NG_070823.1	1359	5	0
NG_070811.1	1386	11	0
NG_070810.1	1389	2	0
NG_070809.1	1046	8	0
NG_070815.1	872	7	0
NG_070812.1	944	4	0
NG_070598.1	1327	1	0
NG_070558.1	966	2	0
NG_070553.1	935	5	0
NG_070552.1	936	2	0
NG_070514.1	1322	1	0
NG_070512.1	3248	25	0
NG_070502.1	1319	3	0
NG_070500.1	871	1	0
NG_060647.1	1379	7	0
NG_070454.1	911	7	0
NG_070391.1	1436	12	0
NG_070361.1	1327	1	0
NG_070392.1	1436	15	0
NG_068542.1	1334	13	0
NG_068541.1	1393	9	0
NG_070021.1	911	1	0
NG_069907.1	908	2	0
NG_069864.1	1327	2	0
NG_069841.1	910	1	0
NG_069800.1	1327	1	0
NG_069782.1	1327	1	0
NG_069732.1	905	1	0
NG_069419.1	942	1	0
NG_069418.1	935	1	0
NG_069409.1	937	4	0
NG_069385.1	1322	1	0
NG_069324.1	885	37	0
NG_069323.1	871	8	0
NG_069322.1	870	4	0
NG_069264.1	868	32	0
NG_069171.1	874	1	0
NG_069149.1	2029	1	0
NG_069120.1	1327	1	0
NG_069119.1	1327	1	0
NG_069114.1	1293	8	0
NG_069108.1	1305	1	0
NG_069075.1	623	1	0
NG_069072.1	1281	1	0
NG_069064.1	1281	1	0
NG_069061.1	1341	1	0
NG_069058.1	1327	1	0
NG_069048.1	1327	1	0
NG_069044.1	1327	1	0
NG_069038.1	1327	1	0
NG_069034.1	1327	1	0
NG_069033.1	1327	1	0
NG_069011.1	1327	1	0
NG_069004.1	3250	452	0
NG_069003.1	3257	20	0
NG_068987.1	1353	1	0
NG_068979.1	1406	1	0
NG_068969.1	973	1	0
NG_068965.1	630	4	0
NG_069066.1	1281	1	0
NG_068782.1	1371	9	0
NG_068930.1	1414	2	0
NG_068910.1	915	1	0
NG_068907.1	906	8	0
NG_068906.1	1190	1	0
NG_068905.1	1194	1	0
NG_068901.1	1060	14	0
NG_068899.1	1051	15	0
NG_068898.1	902	1	0
NG_068897.1	892	1	0
NG_068896.1	871	1	0
NG_068895.1	914	1	0
NG_068881.1	1378	11	0
NG_068873.1	1287	1806	0
NG_068868.1	1293	12	0
NG_068867.1	1273	15	0
NG_068860.1	1031	14	0
NG_068850.1	1312	32	0
NG_068846.1	1343	14	0
NG_068844.1	1304	2	0
NG_068843.1	1353	1	0
NG_068822.1	1372	9	0
NG_068821.1	1312	5	0
NG_068814.1	1411	9	0
NG_068813.1	1401	5	0
NG_068811.1	1401	2	0
NG_068808.1	935	1	0
NG_068806.1	1381	9	0
NG_068805.1	1378	10	0
NG_068795.1	896	8	0
NG_068793.1	894	198	0
NG_068788.1	1321	4	0
NG_068769.1	1385	3	0
NG_068765.1	1397	9	0
NG_068764.1	1343	7	0
NG_068763.1	1362	1	0
NG_068758.1	969	1	0
NG_068750.1	1420	4	0
NG_068749.1	1375	1	0
NG_068747.1	2044	1	0
NG_068743.1	1326	1	0
NG_068737.1	1397	8	0
NG_068658.1	832	141	0
NG_068655.1	1392	35	0
NG_068654.1	1389	22	0
NG_068568.1	1391	4	0
NG_068564.1	1344	3	0
NG_068557.1	1300	1	0
NG_068543.1	1394	10	0
NG_068536.1	1386	6	0
NG_068534.1	1384	7	0
NG_068533.1	983	5	0
NG_068523.1	1323	17	0
NG_068522.1	1321	12	0
NG_068605.1	1292	4	0
NG_068517.1	1327	9	0
NG_059101.1	920	6	0
NG_058927.1	847	1	0
NG_055136.1	3235	51	0
NG_057229.1	1390	13	0
NG_057016.1	2028	6	0
NG_068291.1	1288	1	0
NG_068271.1	1350	4	0
NG_068264.1	842	1	0
NG_068289.1	1417	12	0
NG_068265.1	1368	11	0
NG_068253.1	1342	5	0
NG_068252.1	2422	18	0
NG_066407.1	1353	9	0
NG_064382.1	902	3	0
NG_057276.1	935	5	0
NG_057274.1	870	37	0
NG_057260.1	1392	5	0
NG_057259.1	1407	40	0
NG_057248.1	1431	15	0
NG_057200.1	1428	127	0
NG_057196.1	1436	3	0
NG_057188.1	947	2	0
NG_060356.1	695	1	0
NG_042597.1	1429	52	0
NG_067838.1	971	1	0
NG_067824.1	1382	19	0
NG_067816.1	1369	20	0
NG_067810.1	951	18	0
NG_067800.1	1311	4	0
NG_067795.1	884	1	0
NG_067791.1	773	2	0
NG_067784.1	1359	2	0
NG_067777.1	853	2	0
NG_067822.1	1439	135	0
NG_067785.1	1371	6	0
NG_067776.1	1073	8	0
NG_067772.1	3257	54	0
NG_067565.1	1271	17	0
NG_067564.1	1290	17	0
NG_058739.1	5088	84	0
NG_067432.1	939	1	0
NG_067431.1	914	2	0
NG_067315.1	937	3	0
NG_067314.1	935	10	0
NG_067261.1	1327	1	0
NG_066146.1	630	1	0
NG_059088.1	952	2	0
NG_059086.1	952	5	0
NG_058402.1	599	28	0
NG_066408.1	857	59	0
NG_066463.1	1995	10	0
NG_066462.1	564	1	0
NG_066418.1	1389	2	0
NG_066405.1	957	9	0
NG_066390.1	1291	1	0
NG_066387.1	1293	949	0
NG_066385.1	758	2	0
NG_066380.1	1740	1	0
NG_066355.1	3249	15	0
NG_066354.1	3259	22	0
NG_066353.1	3102	18	0
NG_066351.1	3592	6	0
NG_066350.1	3251	2	0
NG_066349.1	3228	16	0
NG_066348.1	5042	17	0
NG_066247.1	943	11	0
NG_066184.1	932	27	0
NG_066179.1	936	1	0
NG_066171.1	1273	2	0
NG_066154.1	3243	14	0
NG_066152.1	1328	1	0
NG_064589.1	894	5	0
NG_064587.1	863	58	0
NG_064584.1	865	1	0
NG_064574.1	873	1	0
NG_064571.1	885	1	0
NG_064570.1	860	32	0
NG_064566.1	855	18	0
NG_064564.1	839	7	0
NG_064561.1	869	3	0
NG_064559.1	878	26	0
NG_064556.1	869	8	0
NG_064537.1	890	1	0
NG_064533.1	956	1	0
NG_064505.1	916	1	0
NG_064499.1	866	4	0
NG_064464.1	912	2	0
NG_064440.1	964	5	0
NG_064439.1	967	2	0
NG_064438.1	952	43	0
NG_064437.1	950	1	0
NG_064436.1	948	10	0
NG_064435.1	941	1	0
NG_064434.1	956	1	0
NG_064433.1	956	2	0
NG_064504.1	1021	1	0
NG_064491.1	661	4	0
NG_064489.1	1380	121	0
NG_064470.1	867	2	0
NG_064445.1	1383	19	0
NG_064444.1	1425	21	0
NG_064421.1	1239	43	0
NG_064418.1	1365	42	0
NG_064412.1	1344	4	0
NG_064411.1	1328	18	0
NG_064409.1	881	3	0
NG_064403.1	926	1	0
NG_064402.1	952	7	0
NG_064401.1	914	3	0
NG_064387.1	1374	3	0
NG_064386.1	1293	3	0
NG_064404.1	1120	10	0
NG_064389.1	950	2	0
NG_064354.1	1374	14	0
NG_064353.1	927	3	0
NG_064342.1	877	1	0
NG_064335.1	881	1	0
NG_064333.1	884	1	0
NG_064328.1	883	1	0
NG_064315.1	2846	20	0
NG_064313.1	3248	16	0
NG_064312.1	3260	15	0
NG_064305.1	865	1	0
NG_064265.1	914	1	0
NG_064174.1	911	1	0
NG_064161.1	906	1	0
NG_064126.1	935	1	0
NG_064121.1	932	1	0
NG_064095.1	914	6	0
NG_064059.1	940	3	0
NG_063966.1	939	3	0
NG_063948.1	1545	34	0
NG_055731.1	3250	7	0
NG_055690.1	3298	13	0
NG_055395.1	3301	63	0
NG_055394.1	3280	10	0
NG_055393.1	3076	26	0
NG_055392.1	3308	26	0
NG_055391.1	3243	22	0
NG_055365.1	3272	16	0
NG_055364.1	3249	10	0
NG_055363.1	3282	5	0
NG_055362.1	3284	37	0
NG_055361.1	3290	125	0
NG_055360.1	3275	17	0
NG_055359.1	3238	14	0
NG_055358.1	3270	12	0
NG_055357.1	3238	9	0
NG_055353.1	4349	8	0
NG_055352.1	3285	59	0
NG_055351.1	4174	159	0
NG_055350.1	4553	62	0
NG_055349.1	4788	124	0
NG_055348.1	3265	141	0
NG_055347.1	3269	159	0
NG_055346.1	3282	52	0
NG_055345.1	3282	23	0
NG_055343.1	4469	3	0
NG_055342.1	3584	11	0
NG_055341.1	4578	9	0
NG_055340.1	3718	16	0
NG_055339.1	3244	19	0
NG_055338.1	3260	29	0
NG_055337.1	3664	37	0
NG_055336.1	3678	30	0
NG_055335.1	3265	19	0
NG_055334.1	3253	12	0
NG_055333.1	3659	95	0
NG_055332.1	4949	83	0
NG_055331.1	3244	2	0
NG_055330.1	3264	3	0
NG_055329.1	3257	20	0
NG_055328.1	3242	6	0
NG_055324.1	3258	34	0
NG_055323.1	3246	5	0
NG_055322.1	3207	10	0
NG_055321.1	3258	336	0
NG_055320.1	3198	12	0
NG_055319.1	3205	4	0
NG_055214.1	3242	34	0
NG_055213.1	3241	29	0
NG_055211.1	3223	30	0
NG_055210.1	3242	23	0
NG_055202.1	3279	15	0
NG_055200.1	3260	9	0
NG_055199.1	3257	19	0
NG_055198.1	3257	7	0
NG_055197.1	3257	26	0
NG_055196.1	3231	28	0
NG_055195.1	3227	19	0
NG_055194.1	3225	19	0
NG_055193.1	3277	13	0
NG_055192.1	3278	20	0
NG_055191.1	3259	23	0
NG_055190.1	3270	50	0
NG_055189.1	4208	20	0
NG_055188.1	3269	23	0
NG_055187.1	3262	22	0
NG_055186.1	4439	15	0
NG_055185.1	3292	144	0
NG_055184.1	4689	55	0
NG_055183.1	3249	13	0
NG_055181.1	3663	18	0
NG_055180.1	3038	19	0
NG_055179.1	3231	12	0
NG_055168.1	2138	42	0
NG_055160.1	3278	23	0
NG_055159.1	3273	14	0
NG_055158.1	3282	11	0
NG_055157.1	3242	35	0
NG_055156.1	3243	25	0
NG_055154.1	3178	41	0
NG_055153.1	3180	17	0
NG_055152.1	3235	37	0
NG_055151.1	3237	50	0
NG_055150.1	3233	44	0
NG_055149.1	3181	34	0
NG_055148.1	3210	44	0
NG_055147.1	3187	35	0
NG_055146.1	3191	63	0
NG_055145.1	3229	45	0
NG_055144.1	3234	26	0
NG_055143.1	3234	69	0
NG_055142.1	3232	44	0
NG_055141.1	3211	80	0
NG_055140.1	3227	33	0
NG_055139.1	3226	24	0
NG_055138.1	3237	18	0
NG_055137.1	3230	59	0
NG_055135.1	3191	25	0
NG_055134.1	3232	30	0
NG_055133.1	3242	31	0
NG_055132.1	3238	32	0
NG_055131.1	3229	25	0
NG_055130.1	3258	25	0
NG_055129.1	3263	16	0
NG_055128.1	3209	15	0
NG_055127.1	3214	14	0
NG_055126.1	3270	5	0
NG_055125.1	3197	9	0
NG_055124.1	3321	11	0
NG_055122.1	3218	21	0
NG_055121.1	3218	27	0
NG_055120.1	3219	17	0
NG_055119.1	3220	12	0
NG_055118.1	3231	10	0
NG_055117.1	3208	21	0
NG_055116.1	3240	25	0
NG_055115.1	3233	17	0
NG_055114.1	3234	11	0
NG_055113.1	3252	5	0
NG_055112.1	3197	16	0
NG_055111.1	3199	17	0
NG_055110.1	3197	19	0
NG_055108.1	3166	16	0
NG_055107.1	3195	295	0
NG_055106.1	3199	14	0
NG_055105.1	3199	25	0
NG_055104.1	3231	29	0
NG_055103.1	3169	4	0
NG_055102.1	3166	7	0
NG_055101.1	3159	8	0
NG_055100.1	3162	13	0
NG_055099.1	3160	11	0
NG_055098.1	3098	1379	0
NG_055097.1	3158	177	0
NG_055096.1	3157	24	0
NG_055063.1	3297	9	0
NG_055048.1	3213	9	0
NG_055036.1	3309	14	0
NG_055033.1	3315	9	0
NG_055032.1	3315	11	0
NG_055031.1	3301	6	0
NG_055030.1	3272	21	0
NG_055029.1	3277	7	0
NG_055028.1	3276	8	0
NG_054831.1	3230	11	0
NG_054830.1	3198	9	0
NG_054819.1	3183	19	0
NG_054805.1	3284	9	0
NG_054804.1	3284	13	0
NG_042710.1	1320	1	0
NG_042695.1	1789	1191	0
NG_042694.1	1788	1926	0
NG_042693.1	1795	642	0
NG_042692.1	1781	2252	0
NG_042668.1	1344	1	0
NG_042660.1	965	1	0
NG_042657.1	1305	1	0
NG_042649.1	3385	569	0
NG_042648.1	3094	509	0
NG_042647.1	3263	126	0
NG_042646.1	3262	14	0
NG_042645.1	3222	4	0
NG_042644.1	3246	17	0
NG_042643.1	3234	4	0
NG_042642.1	3219	12	0
NG_042641.1	3217	11	0
NG_042640.1	3261	30	0
NG_042639.1	3266	25	0
NG_042638.1	3255	37	0
NG_042637.1	3256	24	0
NG_042636.1	3260	27	0
NG_042635.1	3259	22	0
NG_042634.1	3260	13	0
NG_042633.1	3251	10	0
NG_042632.1	3253	26	0
NG_042631.1	3199	507	0
NG_042630.1	3271	9	0
NG_042629.1	3279	5	0
NG_042628.1	3278	8	0
NG_042627.1	3243	9	0
NG_042626.1	3266	7	0
NG_042625.1	3278	7	0
NG_042624.1	3282	17	0
NG_042623.1	3284	7	0
NG_042622.1	3312	49	0
NG_042621.1	3298	4	0
NG_042610.1	1350	1	0
NG_042608.1	1349	2	0
NG_042607.1	1350	13	0
NG_042596.1	1423	83	0
NG_042569.1	1429	1	0
NG_042566.1	1428	3	0
NG_042565.1	1356	2	0
NG_042549.1	1429	3	0
NG_042547.1	1429	1	0
NG_042543.1	1398	5	0
NG_042542.1	1372	9	0
NG_042540.1	1406	3	0
NG_042538.1	1429	3	0
NG_042528.1	3268	15	0
NG_042527.1	2990	29	0
NG_042524.1	3678	171	0
NG_042523.1	1395	1	0
NG_042521.1	1769	14	0
NG_042480.1	600	6	0
NG_042479.1	1102	3	0
NG_042478.1	1074	3	0
NG_042464.1	1371	9	0
NG_042452.1	947	3	0
NG_042446.1	3238	340	0
NG_042445.1	3211	22	0
NG_042444.1	3212	19	0
NG_042442.1	1400	1	0
NG_042439.1	3260	19	0
NG_042438.1	3251	10	0
NG_042437.1	3261	18	0
NG_042436.1	3619	8	0
NG_042435.1	3255	93	0
NG_042434.1	3255	108	0
NG_042433.1	3807	84	0
NG_042432.1	3271	16	0
NG_042431.1	3710	14	0
NG_042430.1	3687	13	0
NG_042429.1	3701	16	0
NG_042428.1	3250	14	0
NG_042427.1	3256	10	0
NG_042426.1	3256	20	0
NG_042425.1	4685	3	0
NG_042424.1	3235	15	0
NG_042415.1	3162	123	0
NG_042414.1	3334	74	0
NG_042326.1	1282	2	0
NG_042324.1	1283	1	0
NG_042323.1	1288	1	0
NG_027648.1	3459	361	0
NG_027646.1	2771	297	0
NG_027645.1	3237	17	0
NG_027634.1	1184	5	0
NG_027618.1	3799	739	0
NG_027616.1	3270	73	0
NG_027613.1	3188	183	0
NG_027568.1	1157	134	0
NG_027567.1	3255	1792	0
NG_027564.1	3237	127	0
NG_027561.1	3189	404	0
NG_027560.1	4318	200	0
NG_060249.1	3172	340	0
NG_060070.1	969	1	0
NG_060069.1	3174	78	0
NG_060067.1	984	3	0
NG_060066.1	1356	2	0
NG_059912.1	958	4	0
NG_059518.1	3062	97	0
NG_059517.1	3072	125	0
NG_057023.1	942	1	0
NG_060630.1	1399	5	0
NG_027623.1	3134	23	0
NG_060251.1	2970	81	0
NG_060250.1	3180	7	0
NG_059934.1	1207	1	0
NG_060818.1	907	1	0
NG_060795.1	1381	2	0
NG_060689.1	1373	2	0
NG_060688.1	1289	5	0
NG_060687.1	1353	2	0
NG_060685.1	1322	1	0
NG_060684.1	1459	8	0
NG_060677.1	932	1	0
NG_060671.1	865	1	0
NG_060665.1	971	7	0
NG_060656.1	959	119	0
NG_060655.1	961	805	0
NG_060654.1	964	294	0
NG_060650.1	1341	3	0
NG_060649.1	1335	10	0
NG_060648.1	1329	10	0
NG_060646.1	1338	13	0
NG_060645.1	1359	3	0
NG_060642.1	1319	16	0
NG_060639.1	1148	5	0
NG_060638.1	1366	5	0
NG_060637.1	1364	3	0
NG_060635.1	1354	2	0
NG_060632.1	1044	1	0
NG_060621.1	886	3	0
NG_060153.1	1392	331	0
NG_057277.1	924	2	0
NG_060398.1	1295	13	0
NG_060397.1	1242	17	0
NG_060333.1	1813	1	0
NG_059226.1	665	1	0
NG_060429.1	1402	3	0
NG_060425.1	1296	7	0
NG_060423.1	1292	2	0
NG_060420.1	2073	96	0
NG_060417.1	1356	2	0
NG_060415.1	870	1	0
NG_060414.1	910	1	0
NG_060413.1	1355	2	0
NG_060405.1	1451	12	0
NG_060402.1	1045	10	0
NG_060400.1	2969	246	0
NG_060393.1	743	2	0
NG_060381.1	3260	25	0
NG_060380.1	3253	31	0
NG_060379.1	3075	11	0
NG_060362.1	704	3	0
NG_060355.1	651	1	0
NG_060346.1	1349	5	0
NG_060311.1	606	4	0
NG_060310.1	1384	33	0
NG_060304.1	1397	2	0
NG_060285.1	940	1	0
NG_060284.1	900	77	0
NG_060276.1	886	1	0
NG_060267.1	1118	62	0
NG_060258.1	862	28	0
NG_060240.1	734	1	0
NG_060179.1	1392	10	0
NG_060178.1	1379	1	0
NG_060177.1	888	1	0
NG_060170.1	1030	1	0
NG_060163.1	1393	10	0
NG_060150.1	652	1	0
NG_060147.1	875	55	0
NG_060131.1	1347	4	0
NG_060130.1	1347	4	0
NG_060129.1	1341	2	0
NG_060128.1	1345	3	0
NG_060127.1	1762	1	0
NG_060115.1	856	1	0
NG_060114.1	1381	8	0
NG_060113.1	898	1	0
NG_060101.1	1387	3	0
NG_060100.1	1377	6	0
NG_060099.1	1402	1	0
NG_060095.1	1442	1	0
NG_060075.1	3083	9	0
NG_060074.1	3061	8	0
NG_060072.1	886	2	0
NG_060068.1	819	5	0
NG_060064.1	1074	10	0
NG_060022.1	1408	29	0
NG_060017.1	938	7	0
NG_060016.1	1315	8	0
NG_060013.1	1204	5	0
NG_060012.1	1339	6	0
NG_060003.1	1361	1	0
NG_059996.1	967	1	0
NG_059990.1	1059	14	0
NG_059989.1	910	2	0
NG_059978.1	953	2	0
NG_059976.1	872	1	0
NG_059970.1	1364	2	0
NG_059960.1	1312	2	0
NG_059959.1	1313	1	0
NG_059948.1	1386	3	0
NG_059947.1	1342	20	0
NG_059916.1	3265	25	0
NG_059915.1	3254	47	0
NG_055326.1	3221	1	0
NG_059841.1	901	6	0
NG_059809.1	1321	1	0
NG_059803.1	1292	1	0
NG_059683.1	984	1	0
NG_059656.1	1322	1	0
NG_059647.1	987	5	0
NG_059635.1	840	1	0
NG_059606.1	901	2	0
NG_059605.1	1306	17	0
NG_059549.1	815	3	0
NG_059515.1	1070	4	0
NG_059490.1	912	2	0
NG_059474.1	617	1	0
NG_059468.1	1374	1	0
NG_059466.1	648	1	0
NG_059465.1	872	33	0
NG_059464.1	871	1	0
NG_059456.1	1384	1	0
NG_059445.1	1071	23	0
NG_059442.1	1335	1	0
NG_059434.1	1398	4	0
NG_059433.1	1329	1	0
NG_059426.1	1136	1	0
NG_059394.1	1289	2	0
NG_059390.1	1306	1	0
NG_055327.1	3211	3	0
NG_055325.1	3224	41	0
NG_059268.1	1371	4	0
NG_059266.1	889	1	0
NG_059265.1	888	894	0
NG_059241.1	880	1	0
NG_059229.1	1051	1	0
NG_059204.1	1650	1	0
NG_059194.1	1306	1	0
NG_059192.1	1356	5	0
NG_059179.1	935	4	0
NG_059112.1	1320	1	0
NG_059106.1	1150	2	0
NG_059105.1	1154	2	0
NG_059076.1	3295	138	0
NG_059061.1	1289	1	0
NG_059042.1	892	203	0
NG_059028.1	1271	1	0
NG_059026.1	985	3	0
NG_059023.1	1226	1	0
NG_059004.1	611	1	0
NG_058963.1	1172	1	0
NG_058961.1	1703	1	0
NG_058953.1	1386	6	0
NG_058951.1	1314	9	0
NG_058950.1	1305	15	0
NG_058940.1	859	1	0
NG_058938.1	1256	4	0
NG_058937.1	1255	7	0
NG_058936.1	1393	17	0
NG_058931.1	1305	26	0
NG_058923.1	863	1	0
NG_058918.1	819	3	0
NG_058909.1	1350	1	0
NG_058908.1	2165	2	0
NG_058886.1	950	1	0
NG_058885.1	921	1	0
NG_058872.1	966	1	0
NG_058868.1	1397	5	0
NG_058856.1	1400	23	0
NG_058845.1	1372	3	0
NG_058816.1	1274	13	0
NG_058804.1	952	2	0
NG_058801.1	953	208	0
NG_058799.1	955	5	0
NG_058796.1	933	2	0
NG_058795.1	942	2	0
NG_058793.1	954	2	0
NG_058792.1	938	3	0
NG_058789.1	956	3	0
NG_058788.1	949	2	0
NG_058786.1	951	3	0
NG_058783.1	955	1	0
NG_058782.1	3290	218	0
NG_058776.1	1407	156	0
NG_058755.1	3255	14	0
NG_058754.1	3255	11	0
NG_058753.1	3262	8	0
NG_058752.1	3250	10	0
NG_058751.1	3250	12	0
NG_058750.1	3254	7	0
NG_058749.1	3258	13	0
NG_058748.1	3257	10	0
NG_058747.1	3273	20	0
NG_058746.1	1459	1	0
NG_058735.1	1117	1	0
NG_058722.1	1312	1	0
NG_058704.1	919	1	0
NG_058701.1	684	76	0
NG_058684.1	906	4	0
NG_058683.1	890	1	0
NG_058674.1	1824	24	0
NG_058673.1	1776	25	0
NG_058672.1	1693	17	0
NG_058656.1	1182	3	0
NG_058630.1	3329	9	0
NG_058629.1	3261	6	0
NG_058628.1	3336	43	0
NG_058606.1	1385	2	0
NG_058597.1	1342	10	0
NG_058595.1	842	1	0
NG_058593.1	870	148	0
NG_058587.1	871	1	0
NG_058585.1	882	2	0
NG_058581.1	1338	2	0
NG_058580.1	1339	5	0
NG_058579.1	1341	3	0
NG_058576.1	885	12	0
NG_058575.1	885	5	0
NG_058574.1	885	9	0
NG_058573.1	885	10	0
NG_058548.1	1425	4	0
NG_058431.1	917	1	0
NG_058403.1	978	2	0
NG_058352.1	658	508	0
NG_058347.1	870	1	0
NG_058345.1	680	1	0
NG_058271.1	1261	1	0
NG_058262.1	1940	2	0
NG_058157.1	1350	5	0
NG_058156.1	1350	3	0
NG_058037.1	1067	2	0
NG_058035.1	1067	1	0
NG_058034.1	1067	2	0
NG_058032.1	1066	2	0
NG_058031.1	1067	1	0
NG_058016.1	1324	8	0
NG_058012.1	1343	1	0
NG_057984.1	790	2	0
NG_057910.1	954	9	0
NG_057902.1	1430	2	0
NG_057901.1	1430	2	0
NG_057897.1	1429	1	0
NG_057895.1	1429	3	0
NG_057880.1	588	66	0
NG_057879.1	586	82	0
NG_057855.1	3279	1352	0
NG_057854.1	4009	108	0
NG_057848.1	3299	191	0
NG_057836.1	1327	1	0
NG_057800.1	1330	1	0
NG_057796.1	1367	1	0
NG_057777.1	3283	174	0
NG_057774.1	3286	215	0
NG_057772.1	3296	140	0
NG_057771.1	1720	1	0
NG_057733.1	1441	1	0
NG_057732.1	1432	3	0
NG_057725.1	1305	1	0
NG_057709.1	1414	1	0
NG_057662.1	627	2	0
NG_057632.1	629	2	0
NG_057289.1	674	1	0
NG_057283.1	899	3	0
NG_057273.1	1429	25	0
NG_057272.1	1389	17	0
NG_057270.1	1434	18	0
NG_057269.1	1437	5	0
NG_057268.1	1424	118	0
NG_057267.1	1395	39	0
NG_057266.1	1431	11	0
NG_057265.1	1418	36	0
NG_057264.1	1360	14	0
NG_057262.1	1396	31	0
NG_057261.1	1397	19	0
NG_057258.1	1358	19	0
NG_057257.1	1429	17	0
NG_057256.1	1387	5	0
NG_057255.1	1384	27	0
NG_057254.1	944	2	0
NG_057253.1	936	1	0
NG_057252.1	1364	62	0
NG_057251.1	945	3	0
NG_057250.1	1088	4	0
NG_057249.1	1389	31	0
NG_057247.1	1403	98	0
NG_057246.1	1427	94	0
NG_057245.1	1436	68	0
NG_057244.1	1389	18	0
NG_057243.1	1448	22	0
NG_057242.1	1301	12	0
NG_057241.1	1387	30	0
NG_057240.1	1419	4	0
NG_057239.1	1389	20	0
NG_057238.1	1442	17	0
NG_057237.1	1028	7	0
NG_057236.1	1395	21	0
NG_057235.1	1351	31	0
NG_057234.1	1389	11	0
NG_057227.1	1429	110	0
NG_057226.1	1386	54	0
NG_057225.1	1381	15	0
NG_057224.1	911	1	0
NG_057223.1	1398	6	0
NG_057222.1	1352	26	0
NG_057221.1	1424	34	0
NG_057220.1	1312	36	0
NG_057219.1	1363	6	0
NG_057218.1	1429	33	0
NG_057217.1	1397	26	0
NG_057216.1	1361	19	0
NG_057215.1	1420	26	0
NG_057214.1	1385	51	0
NG_057213.1	1426	38	0
NG_057212.1	1383	31	0
NG_057211.1	939	3	0
NG_057210.1	1421	261	0
NG_057209.1	1386	21	0
NG_057208.1	1428	17	0
NG_057207.1	929	1	0
NG_057206.1	1422	20	0
NG_057205.1	1387	13	0
NG_057204.1	1385	24	0
NG_057203.1	1425	27	0
NG_057202.1	1385	29	0
NG_057201.1	1354	20	0
NG_057199.1	1425	125	0
NG_057198.1	1421	29	0
NG_057197.1	1433	19	0
NG_057195.1	1432	543	0
NG_057194.1	884	1	0
NG_057193.1	1442	71	0
NG_057191.1	1427	19	0
NG_057190.1	1430	323	0
NG_057189.1	1430	23	0
NG_057178.1	3253	12	0
NG_057177.1	3253	30	0
NG_057176.1	3254	6	0
NG_057175.1	3254	4	0
NG_057174.1	3258	2	0
NG_057173.1	3254	6	0
NG_057172.1	3250	5	0
NG_057171.1	3249	1	0
NG_057170.1	3251	24	0
NG_057169.1	3256	21	0
NG_057168.1	3253	29	0
NG_057167.1	3255	23	0
NG_057166.1	3259	27	0
NG_057165.1	3261	32	0
NG_057164.1	3255	20	0
NG_057163.1	3282	34	0
NG_057162.1	3299	27	0
NG_057161.1	3264	12	0
NG_057160.1	3267	23	0
NG_057159.1	3267	31	0
NG_057158.1	3273	44	0
NG_057145.1	715	1	0
NG_057106.1	873	2	0
NG_057098.1	1344	4	0
NG_057095.1	1829	1	0
NG_057091.1	1345	1	0
NG_057067.1	1349	1881	0
NG_057066.1	1374	2	0
NG_057065.1	1388	2	0
NG_057062.1	1454	149	0
NG_057061.1	1442	278	0
NG_057043.1	1392	11	0
NG_057042.1	968	37	0
NG_057041.1	1388	6	0
NG_057038.1	864	1	0
NG_057029.1	915	1	0
NG_057020.1	1309	7	0
NG_057015.1	1389	2	0
NG_056968.1	3289	192	0
NG_056956.1	619	56	0
NG_056952.1	1119	1	0
NG_056278.1	3263	969	0
NG_056269.1	628	34	0
NG_056267.1	1283	2	0
