NR_175555.1	1555	2	0
NR_146667.2	1522	44	0
NR_148578.1	1408	1	0
NR_125691.1	1419	7	0
NR_125600.1	1499	12	0
NR_116443.1	1541	3	0
NR_074910.1	1544	175	0
NR_043591.1	1474	1	0
NR_044493.1	1465	1	0
NR_028894.1	1505	1	0
NR_174300.1	1538	2	0
NR_174267.1	1547	4	0
NR_173536.1	1459	2	0
NR_171515.1	1463	1	0
NR_170494.1	1576	2	0
NR_170426.1	1462	2	0
NR_170500.1	1517	1	0
NR_169468.1	1495	14	0
NR_165748.1	1538	1	0
NR_165674.1	1562	1	0
NR_165666.1	1580	2	0
NR_164981.1	1518	1	0
NR_159926.1	1530	19	0
NR_159925.1	1530	1	0
NR_159255.1	1542	2	0
NR_159085.1	1542	10	0
NR_159084.1	1542	5	0
NR_159083.1	1542	1	0
NR_157778.1	1537	1	0
NR_157777.1	1531	1	0
NR_157762.1	1525	1	0
NR_157756.1	1478	1	0
NR_157011.1	1515	1	0
NR_156993.1	1510	1	0
NR_156989.1	1539	1	0
NR_153752.1	1543	3	0
NR_151916.1	1489	1	0
NR_136501.2	1537	1	0
NR_149302.1	1542	6	0
NR_148843.1	1489	2	0
NR_148649.1	1444	8	0
NR_147780.1	1511	1	0
NR_147393.1	1464	1	0
NR_146847.1	1345	1	0
NR_145647.1	1422	6	0
NR_137333.1	1495	1	0
NR_136811.1	1521	1	0
NR_136429.1	1508	2	0
NR_135703.1	1524	1	0
NR_135211.1	1462	2	0
NR_134230.1	1476	1	0
NR_134063.1	1462	2	0
NR_134062.1	1462	1	0
NR_132596.1	1456	1	0
NR_125690.1	1459	4	0
NR_125586.1	1404	1	0
NR_125461.1	1452	1	0
NR_121793.1	1543	4	0
NR_118536.1	1311	1	0
NR_118333.1	1500	4	0
NR_118158.1	1497	1	0
NR_117921.1	1424	1	0
NR_117794.1	1424	1	0
NR_117697.1	1516	1	0
NR_117547.1	1535	17	0
NR_117437.1	1507	2	0
NR_117304.1	1495	1	0
NR_117058.1	1426	1	0
NR_116999.1	1413	1	0
NR_116793.1	1483	1	0
NR_116604.1	1422	1	0
NR_116366.1	1454	1	0
NR_116237.1	1349	1	0
NR_115943.1	1425	1	0
NR_115741.1	1450	6	0
NR_115222.1	1477	1	0
NR_115178.1	1396	1	0
NR_115161.1	1475	1	0
NR_114327.1	1463	3	0
NR_104937.1	1527	4	0
NR_104901.1	1515	1	0
NR_104890.1	1469	3	0
NR_104828.1	1508	1	0
NR_074914.1	1544	2	0
NR_074869.1	1539	3	0
NR_074798.1	1534	1	0
NR_044417.1	1420	1	0
NR_043726.1	1418	1	0
NR_043536.1	1489	1	0
NR_042387.1	1516	1	0
NR_041697.1	1527	11	0
NR_041297.1	1413	1	0
NR_040956.1	1499	1	0
NR_040955.1	1499	1	0
NR_044406.1	1486	1	0
NR_044014.1	1403	1	0
NR_043617.1	1462	1	0
NR_028875.1	1532	1	0
NR_024862.1	1521	6	0
NR_157731.1	1509	1	0
NR_157728.1	1509	1	0
NR_156145.1	1426	1	0
NR_156052.1	1336	8	0
NR_102794.2	1543	32	0
NR_103934.2	1537	1	0
NR_029161.2	1533	7	0
NR_102493.2	1540	125	0
NR_148846.1	1490	1	0
NR_146846.1	1475	1	0
NR_145562.1	1512	1	0
NR_136431.1	1404	1	0
NR_134807.1	1451	13	0
NR_126319.1	1531	2	0
NR_126318.1	1531	6	0
NR_126317.1	1532	3	0
NR_126304.1	1501	4	0
NR_126303.1	1501	7	0
NR_126256.1	1439	1	0
NR_126208.1	1429	33	0
NR_104559.2	1553	1	0
NR_121761.1	1544	2	0
NR_121733.1	1525	1	0
NR_121727.1	1538	2	0
NR_121709.1	1541	1	0
NR_121703.1	1542	9	0
NR_119279.1	1452	3	0
NR_119278.1	1452	1	0
NR_119276.1	1452	1	0
NR_119255.1	1239	2	0
NR_119214.1	1401	5	0
NR_119113.1	1460	2	0
NR_119109.1	1443	2	0
NR_119048.1	1457	1	0
NR_118931.1	1482	1	0
NR_118927.1	1482	1	0
NR_118855.1	1457	1	0
NR_118854.1	1456	1	0
NR_118568.1	1369	32	0
NR_118556.1	1376	3	0
NR_118449.1	1438	1	0
NR_118431.1	1493	1	0
NR_118394.1	1500	1	0
NR_118387.1	1439	2	0
NR_118292.1	1530	2	0
NR_118291.1	1530	2	0
NR_118256.1	1525	1	0
NR_118225.1	1530	1	0
NR_118224.1	1530	1	0
NR_118127.1	1345	1	0
NR_118121.1	1344	3	0
NR_118120.1	1344	2	0
NR_118106.1	1494	13	0
NR_118088.1	1443	3	0
NR_118011.1	1507	3	0
NR_118008.1	1497	1	0
NR_117930.1	1392	1	0
NR_117887.1	1470	1	0
NR_117789.1	1413	2	0
NR_117752.1	1427	5	0
NR_117751.1	1427	1	0
NR_117750.1	1427	3	0
NR_117704.1	1530	1	0
NR_117684.1	1530	1	0
NR_117683.1	1530	1	0
NR_117679.1	1529	2	0
NR_117595.1	1655	1	0
NR_117579.1	1545	2	0
NR_117526.1	1396	2	0
NR_117353.1	1350	2	0
NR_117000.1	1493	1	0
NR_116904.1	1521	1	0
NR_116797.1	1506	5	0
NR_116756.1	1387	1	0
NR_116755.1	1361	5	0
NR_116752.1	1362	2	0
NR_116751.1	1387	1	0
NR_116430.1	1285	5	0
NR_116282.1	1492	2	0
NR_116246.1	1344	1	0
NR_116245.1	1344	1	0
NR_116126.1	1262	1	0
NR_116115.1	1429	1	0
NR_116111.1	1422	1	0
NR_116109.1	1494	1	0
NR_116026.1	1506	1	0
NR_115974.1	1461	1	0
NR_115880.1	1485	1	0
NR_115873.1	1305	2	0
NR_115526.1	1486	1	0
NR_114737.1	1511	3	0
NR_114736.1	1516	2	0
NR_114715.1	1492	2	0
NR_114589.1	1437	8	0
NR_114581.1	1482	1	0
NR_114578.1	1464	1	0
NR_114507.1	1436	1	0
NR_114502.1	1436	2	0
NR_114482.1	1461	1	0
NR_114473.1	1458	1	0
NR_114233.1	1468	1	0
NR_114232.1	1467	1	0
NR_114227.1	1462	1	0
NR_114226.1	1462	4	0
NR_114224.1	1462	1	0
NR_114221.1	1435	1	0
NR_114181.1	1421	1	0
NR_114159.1	1466	4	0
NR_114154.1	1465	2	0
NR_114111.1	1466	1	0
NR_114108.1	1465	6	0
NR_114107.1	1465	2	0
NR_114080.1	1465	2	0
NR_114079.1	1467	3	0
NR_114078.1	1469	1	0
NR_114077.1	1467	1	0
NR_114043.1	1467	3	0
NR_113960.1	1472	4	0
NR_113958.1	1472	4	0
NR_113925.1	1466	1	0
NR_113849.1	1414	1	0
NR_113789.1	1478	1	0
NR_113787.1	1478	1	0
NR_113781.1	1478	1	0
NR_113709.1	1458	1	0
NR_113702.1	1465	1	0
NR_113615.1	1465	3	0
NR_113614.1	1465	8	0
NR_113596.1	1467	2	0
NR_113580.1	1468	1	0
NR_113347.1	1464	1	0
NR_113341.1	1462	1	0
NR_113340.1	1464	1	0
NR_113321.1	1468	10	0
NR_113268.1	1510	1	0
NR_113266.1	1474	1	0
NR_113236.1	1464	1	0
NR_113199.1	1511	1	0
NR_112986.1	1434	2	0
NR_112558.1	1110	2	0
NR_112011.1	1451	1	0
NR_112010.1	1441	7	0
NR_112009.1	1449	1	0
NR_112007.1	1438	2	0
NR_112005.1	1449	1	0
NR_111998.1	1449	3	0
NR_109387.1	1550	1	0
NR_044641.2	1513	1	0
NR_104975.1	1485	1	0
NR_104940.1	1478	1	0
NR_104935.1	1534	1	0
NR_104934.1	1527	5	0
NR_104933.1	1527	6	0
NR_104932.1	1529	2	0
NR_104928.1	1524	1	0
NR_104903.1	1480	3	0
NR_104823.1	1504	22	0
NR_104724.1	1461	1	0
NR_104722.1	1474	2	0
NR_104278.1	1484	1	0
NR_044729.2	1488	2	0
NR_102854.1	1526	2	0
NR_102814.1	1537	2	0
NR_075022.1	1563	1	0
NR_074908.1	1544	5	0
NR_074902.1	1542	41	0
NR_074888.1	1542	8	0
NR_074540.1	1512	1	0
NR_044978.1	1495	2	0
NR_044977.1	1495	11	0
NR_044976.1	1498	2	0
NR_044827.1	1499	1	0
NR_044799.1	1502	5	0
NR_044385.1	1500	6	0
NR_044372.1	1448	2	0
NR_044370.1	1414	2	0
NR_044059.1	1425	2	0
NR_044058.1	1417	1	0
NR_044057.1	1380	1	0
NR_043980.1	1351	2	0
NR_042457.1	1387	1	0
NR_042356.1	1479	2	0
NR_042349.1	1513	3	0
NR_041978.1	1473	2	0
NR_041975.1	1509	1	0
NR_041973.1	1495	1	0
NR_041970.1	1497	1	0
NR_041921.1	1413	1	0
NR_041838.1	1514	1	0
NR_041749.1	1436	1	0
NR_041577.1	1538	3	0
NR_041527.1	1490	1	0
NR_040954.1	1499	4	0
NR_040845.1	1515	1	0
NR_040816.1	1477	1	0
NR_043883.1	1347	3	0
NR_043716.1	1482	1	0
NR_043638.1	1542	1	0
NR_041927.1	1468	3	0
NR_025945.2	1503	1	0
NR_036886.1	1532	12	0
NR_036880.1	1513	1	0
NR_036794.1	1534	5	0
NR_029329.1	1526	1	0
NR_029150.1	1534	1	0
NR_028993.1	1451	16	0
NR_028991.1	1536	1	0
NR_028893.1	1507	1	0
NR_028803.1	1459	6	0
NR_028688.1	1530	2	0
NR_028687.1	1530	9	0
NR_028686.1	1522	3	0
NR_028685.1	1496	3	0
NR_025566.1	1362	1	0
NR_025476.1	1468	1	0
NR_025376.1	1498	1	0
NR_025369.1	1496	1	0
NR_025331.1	1498	1	0
NR_025329.1	1504	2	0
NR_025328.1	1505	1	0
NR_025297.1	1511	4	0
NR_024924.1	1513	1	0
NR_024910.1	1517	6	0
NR_024883.1	1414	8	0
NR_024861.1	1511	9	0
NR_024709.1	1519	2	0
NR_024662.1	1498	4	0
NR_024644.1	1442	14	0
NR_024643.1	1438	8	0
NR_024642.1	1449	5	0
NR_024640.1	1422	47	0
NR_026332.1	1487	3	0
NR_026331.1	1488	13	0
NR_026049.1	1456	2	0
NR_026046.1	1458	1	0
NR_025635.1	1412	2	0
NR_042154.1	1365	4	0
NR_042053.1	1507	1	0
NR_041980.1	1505	2	0
NR_041968.1	1504	1	0
NR_036866.1	1506	1	0
NR_028677.1	1459	4	0
NR_027549.1	1473	3	0
NR_027185.1	1430	1	0
NR_025569.1	1494	3	0
NR_025333.1	1482	5	0
NR_025332.1	1481	1	0
NR_025243.1	1403	2	0
NR_024996.1	1436	2	0
NR_024769.1	1466	2	0
NR_024641.1	1450	4	0
NR_026050.1	1455	1	0
NR_026047.1	1458	1	0
NR_037084.1	1452	3	0
