NG_087910.1	1026	484	0
NG_087909.1	1029	481	0
NG_087907.1	1001	2	0
NG_087906.1	1013	2	0
NG_087901.1	1695	5	0
NG_087900.1	1679	3	0
NG_087899.1	1670	5	0
NG_087898.1	1686	3	0
NG_087897.1	1694	2	0
NG_087896.1	1687	3	0
NG_087895.1	1693	4	0
NG_087894.1	2070	1	0
NG_087891.1	1084	9	0
NG_087890.1	1084	11	0
NG_087889.1	1084	9	0
NG_087888.1	1084	8	0
NG_087887.1	1084	5	0
NG_087886.1	1071	8	0
NG_087885.1	1084	18	0
NG_087884.1	1084	10	0
NG_087878.1	1032	1	0
NG_087871.1	1009	36	0
NG_087870.1	1009	72	0
NG_087869.1	1009	85	0
NG_087868.1	1006	81	0
NG_065128.1	1454	3	0
NG_065016.1	1463	5	0
NG_063068.1	1662	1	0
NG_063049.1	1651	8	0
NG_063048.1	1650	3	0
NG_062997.1	1699	2	0
NG_062994.1	1686	2	0
NG_062993.1	1686	8	0
NG_062991.1	1463	2	0
NG_062989.1	1463	6	0
NG_062988.1	1463	2	0
NG_062987.1	1463	3	0
NG_062986.1	1463	3	0
NG_062985.1	1463	1	0
NG_081431.1	1136	429	0
NG_081430.1	1135	374	0
NG_081429.1	1127	399	0
NG_081428.1	1130	13	0
NG_081427.1	1128	11	0
NG_081424.1	1013	6	0
NG_081423.1	749	6	0
NG_081420.1	1028	24	0
NG_081419.1	1029	7	0
NG_081418.1	1018	8	0
NG_081417.1	1029	10	0
NG_081416.1	1027	10	0
NG_081412.1	1098	7	0
NG_081411.1	1071	17	0
NG_081410.1	1093	12	0
NG_081409.1	1134	12	0
NG_081398.1	1028	7	0
NG_081380.1	1645	235	0
NG_081378.1	1491	1	0
NG_081377.1	1653	5	0
NG_081366.1	1736	336	0
NG_081364.1	1737	1341	0
NG_065067.1	1010	86	0
NG_065066.1	1009	93	0
NG_067668.1	1106	9	0
NG_067667.1	1106	8	0
NG_078770.1	1106	303	0
NG_078757.1	1647	1	0
NG_078756.1	1595	8	0
NG_078755.1	1607	1	0
NG_078753.1	578	3	0
NG_078750.1	1648	6	0
NG_078741.1	1765	313	0
NG_078738.1	1008	169	0
NG_078737.1	1007	14	0
NG_078736.1	894	7	0
NG_078735.1	1008	10	0
NG_078734.1	1008	11	0
NG_078733.1	1008	11	0
NG_078732.1	1008	10	0
NG_078724.1	1782	517	0
NG_078723.1	1782	1	0
NG_065099.1	1008	9	0
NG_077448.1	1128	84	0
NG_077447.1	1100	294	0
NG_077445.1	1001	1	0
NG_077442.1	985	3	0
NG_077441.1	631	1	0
NG_077440.1	996	1	0
NG_077431.1	1177	33	0
NG_077406.1	1594	13	0
NG_077405.1	1552	6	0
NG_077402.1	1732	1	0
NG_077400.1	1577	1	0
NG_070848.1	1732	1	0
NG_065501.1	1787	5	0
NG_076780.1	1006	1	0
NG_076769.1	1013	1	0
NG_063010.1	1463	2	0
NG_062996.1	1715	3	0
NG_062990.1	1463	4	0
NG_062713.1	1696	9	0
NG_062712.1	1701	12	0
NG_017171.1	1771	428	0
NG_074971.1	1020	1	0
NG_074968.1	1102	22	0
NG_074967.1	985	10	0
NG_074961.1	1025	122	0
NG_074957.1	991	7	0
NG_074908.1	1046	10	0
NG_074907.1	1107	10	0
NG_074906.1	1625	2	0
NG_073571.1	1084	11	0
NG_073570.1	1088	10	0
NG_073569.1	1084	81	0
NG_073541.1	753	1	0
NG_073539.1	946	20	0
NG_073525.1	801	4	0
NG_073523.1	1211	5	0
NG_073521.1	1654	15	0
NG_073520.1	1657	33	0
NG_073514.1	1028	1	0
NG_073510.1	1001	1	0
NG_073503.1	1686	2	0
NG_073502.1	1680	1	0
NG_073498.1	1737	1	0
NG_073497.1	1589	3	0
NG_065069.1	1009	224	0
NG_070910.1	1672	7	0
NG_070882.1	1802	1	0
NG_070881.1	1781	169	0
NG_070878.1	1761	118	0
NG_070877.1	1964	975	0
NG_070875.1	1792	908	0
NG_070874.1	1766	376	0
NG_070867.1	1810	2	0
NG_070864.1	1085	4	0
NG_070854.1	1786	1	0
NG_070851.1	1748	1	0
NG_070850.1	1849	125	0
NG_070847.1	1780	6	0
NG_070863.1	1771	1	0
NG_070808.1	1738	964	0
NG_070807.1	1686	1	0
NG_070806.1	1771	82	0
NG_070805.1	1771	76	0
NG_070804.1	1788	1	0
NG_070801.1	1776	2	0
NG_070797.1	1774	1730	0
NG_070795.1	1696	9	0
NG_070792.1	1718	20	0
NG_065605.1	1377	3	0
NG_070697.1	1839	299	0
NG_070695.1	1592	1	0
NG_070693.1	1698	1	0
NG_070692.1	1170	1	0
NG_070691.1	1731	1	0
NG_070690.1	1757	1	0
NG_070687.1	1770	2	0
NG_070641.1	1667	2	0
NG_070638.1	1772	271	0
NG_070635.1	1741	172	0
NG_070339.1	856	1	0
NG_070310.1	1640	8	0
NG_070308.1	1640	18	0
NG_070307.1	1637	9	0
NG_070306.1	1641	15	0
NG_070305.1	1640	11	0
NG_070304.1	1640	21	0
NG_070303.1	1641	9	0
NG_070302.1	1640	12	0
NG_070294.1	1721	3	0
NG_070292.1	1105	6	0
NG_070289.1	1106	5	0
NG_070288.1	1106	10	0
NG_070281.1	1809	1	0
NG_070279.1	1765	1	0
NG_070233.1	1782	2	0
NG_070231.1	1762	2	0
NG_064913.1	1922	1	0
NG_070132.1	741	36	0
NG_070131.1	1132	390	0
NG_070130.1	1126	322	0
NG_070129.1	1133	401	0
NG_070124.1	960	3	0
NG_070123.1	1327	5	0
NG_070122.1	986	1	0
NG_070117.1	1663	1	0
NG_070115.1	1106	10	0
NG_070110.1	1650	1	0
NG_070101.1	1615	2	0
NG_063521.1	1753	2	0
NG_063015.1	1587	1	0
NG_068360.1	1739	10	0
NG_068429.1	999	1	0
NG_067717.1	1548	1	0
NG_067705.1	1774	1645	0
NG_067704.1	1773	197	0
NG_067696.1	1113	17	0
NG_067669.1	1107	485	0
NG_067666.1	1025	80	0
NG_067665.1	1025	73	0
NG_067631.1	1597	3	0
NG_065473.1	1711	3	0
NG_065481.1	1679	1	0
NG_065480.1	1657	1	0
NG_064883.1	1762	1	0
NG_063429.1	1721	1	0
NG_063428.1	1721	1	0
NG_063415.1	1745	3	0
NG_061036.1	1735	1	0
NG_065733.1	995	5	0
NG_065732.1	1025	72	0
NG_065717.1	744	9	0
NG_065699.1	1025	1	0
NG_065697.1	1575	2	0
NG_065677.1	999	1	0
NG_065676.1	999	1	0
NG_065675.1	999	5	0
NG_065666.1	1639	1	0
NG_065653.1	1106	10	0
NG_065652.1	1106	5	0
NG_065651.1	1566	61	0
NG_065650.1	1595	77	0
NG_065644.1	1097	23	0
NG_065631.1	1596	1	0
NG_065630.1	1602	1	0
NG_065619.1	1600	2	0
NG_065618.1	1688	1	0
NG_065616.1	1615	1	0
NG_065615.1	1618	4	0
NG_065614.1	1582	1	0
NG_065611.1	1574	1	0
NG_065606.1	1491	8	0
NG_065588.1	1747	1	0
NG_065587.1	1752	1	0
NG_065583.1	1772	9	0
NG_065576.1	1443	1	0
NG_065548.1	1538	19	0
NG_065547.1	1538	3	0
NG_065538.1	1770	19	0
NG_065537.1	1721	1	0
NG_065532.1	1722	2	0
NG_065529.1	1687	3	0
NG_065523.1	1689	1	0
NG_065496.1	1784	2	0
NG_065490.1	1712	1	0
NG_065484.1	1706	7	0
NG_065482.1	1683	7	0
NG_065469.1	1639	1	0
NG_065465.1	1594	1	0
NG_065464.1	1750	30	0
NG_013120.1	1647	29	0
NG_063460.1	1781	1	0
NG_065157.1	1804	7	0
NG_065112.1	1723	2	0
NG_065098.1	1006	15	0
NG_065077.1	1004	26	0
NG_065070.1	1644	1	0
NG_065068.1	1009	23	0
NG_065065.1	1025	6	0
NG_065063.1	1700	1	0
NG_065057.1	1652	2	0
NG_065053.1	1179	10	0
NG_065052.1	963	1	0
NG_065051.1	1179	8	0
NG_065050.1	1178	7	0
NG_065049.1	1179	5	0
NG_065048.1	1179	5	0
NG_065047.1	1179	7	0
NG_065042.1	1614	2	0
NG_065041.1	1656	1	0
NG_064986.1	1036	380	0
NG_064985.1	1028	500	0
NG_064984.1	1024	12	0
NG_064983.1	1085	15	0
NG_064982.1	1096	11	0
NG_064976.1	1776	338	0
NG_064974.1	1628	1	0
NG_064972.1	1628	1	0
NG_064969.1	1667	2	0
NG_064959.1	1073	1631	0
NG_064958.1	1724	996	0
NG_064956.1	1766	1	0
NG_064955.1	1134	1	0
NG_064943.1	1734	1	0
NG_064941.1	1691	1	0
NG_064921.1	1714	961	0
NG_064909.1	1663	5	0
NG_064908.1	1724	15	0
NG_064907.1	1767	11	0
NG_064901.1	1668	7	0
NG_064898.1	1662	1	0
NG_064897.1	1783	1	0
NG_064896.1	1735	2	0
NG_064889.1	2050	4	0
NG_064878.1	1787	5	0
NG_064871.1	1781	1	0
NG_064869.1	1781	2	0
NG_064863.1	1777	1	0
NG_064859.1	2522	1	0
NG_064858.1	1750	1	0
NG_064839.1	1687	10	0
NG_064838.1	1721	2	0
NG_064829.1	1771	1	0
NG_064828.1	1775	1	0
NG_064824.1	1757	3	0
NG_064813.1	1723	1	0
NG_064802.1	1777	1	0
NG_064797.1	1750	22	0
NG_064796.1	1748	10	0
NG_064795.1	1752	6	0
NG_064794.1	1753	3	0
NG_063410.1	1743	4	0
NG_063646.1	1030	1	0
NG_063579.1	842	1	0
NG_063540.1	1617	1	0
NG_063526.1	1753	2	0
NG_063525.1	1744	2	0
NG_063522.1	1755	6	0
NG_063520.1	1777	42	0
NG_063519.1	1784	1	0
NG_063517.1	1782	10	0
NG_063509.1	1767	1	0
NG_063502.1	1758	1	0
NG_063499.1	1754	1	0
NG_063478.1	1735	1	0
NG_063475.1	1735	1	0
NG_063473.1	1754	3	0
NG_063471.1	1791	1	0
NG_063470.1	1782	2	0
NG_063469.1	1782	2	0
NG_063468.1	1782	8	0
NG_063466.1	1782	94	0
NG_063465.1	1782	2	0
NG_063462.1	1782	1	0
NG_063461.1	1782	8	0
NG_063459.1	1782	1	0
NG_063458.1	1783	21	0
NG_063457.1	1782	1	0
NG_063456.1	1756	1	0
NG_063454.1	1780	1	0
NG_063452.1	1781	1	0
NG_063450.1	1668	1	0
NG_063446.1	1790	1	0
NG_063440.1	1750	1	0
NG_063439.1	1757	17	0
NG_063437.1	1758	1	0
NG_063436.1	1756	1	0
NG_063425.1	1766	16	0
NG_063423.1	1772	3	0
NG_063411.1	1773	1	0
NG_063390.1	1757	1	0
NG_063386.1	1778	27	0
NG_063383.1	1737	7	0
NG_063348.1	1784	1	0
NG_063347.1	1780	1	0
NG_063316.1	1733	12	0
NG_063288.1	1737	12	0
NG_063287.1	1764	1	0
NG_063285.1	1724	2	0
NG_063284.1	1724	1	0
NG_063283.1	1724	2	0
NG_063282.1	1724	3	0
NG_063281.1	1726	3	0
NG_063278.1	1729	1	0
NG_063275.1	1722	2	0
NG_063267.1	1753	1	0
NG_063263.1	1717	1	0
NG_063235.1	1787	6	0
NG_062675.1	1650	2	0
NG_062672.1	1723	1	0
NG_063091.1	1709	2	0
NG_063044.1	1589	1	0
NG_063043.1	1582	4	0
NG_063039.1	1591	1	0
NG_063038.1	1955	3	0
NG_063037.1	1584	4	0
NG_063018.1	1614	1	0
NG_063016.1	1577	1	0
NG_063014.1	1597	1	0
NG_063012.1	1598	4	0
NG_063001.1	1533	1	0
NG_063000.1	1570	3	0
NG_062995.1	1714	6	0
NG_062984.1	1460	7	0
NG_062983.1	1598	4	0
NG_062981.1	1598	3	0
NG_062979.1	1656	9	0
NG_062977.1	1656	1	0
NG_062975.1	1642	4	0
NG_062974.1	1656	1	0
NG_062973.1	1654	26	0
NG_062972.1	1657	15	0
NG_062971.1	1657	7	0
NG_062970.1	1657	4	0
NG_062969.1	1656	15	0
NG_062968.1	1657	17	0
NG_062967.1	1656	6	0
NG_062966.1	1656	10	0
NG_062963.1	1656	2	0
NG_062960.1	1656	1	0
NG_062956.1	1655	1	0
NG_062953.1	1653	1	0
NG_062950.1	1655	1	0
NG_062946.1	1653	1	0
NG_062945.1	1655	2	0
NG_062944.1	1656	4	0
NG_062943.1	1655	1	0
NG_062942.1	1656	1	0
NG_062941.1	1656	1	0
NG_062938.1	1655	1	0
NG_062937.1	1657	4	0
NG_062935.1	1656	1	0
NG_062934.1	1656	1	0
NG_062932.1	1658	2	0
NG_062931.1	1656	4	0
NG_062923.1	1686	81	0
NG_062858.1	1141	1	0
NG_062853.1	1024	8	0
NG_062852.1	1779	1	0
NG_062825.1	1635	1	0
NG_062823.1	2063	3	0
NG_062822.1	1636	2	0
NG_062820.1	1769	1	0
NG_062780.1	1592	1	0
NG_062762.1	1589	3	0
NG_062753.1	1702	1	0
NG_062735.1	1697	115	0
NG_062732.1	1549	3	0
NG_062710.1	1704	14	0
NG_062709.1	1697	8	0
NG_062708.1	2861	7	0
NG_062707.1	1702	3	0
NG_062706.1	2583	1	0
NG_062705.1	1706	14	0
NG_062704.1	2692	7	0
NG_062703.1	1549	14	0
NG_062701.1	1690	2	0
NG_062700.1	1691	1	0
NG_062698.1	1707	3	0
NG_062697.1	1653	2	0
NG_062692.1	1181	1	0
NG_062676.1	1671	1	0
NG_062667.1	1759	2	0
NG_062656.1	1727	4	0
NG_062655.1	1726	5	0
NG_062640.1	1761	1	0
NG_062639.1	1731	3	0
NG_062638.1	1753	4	0
NG_062636.1	1758	1	0
NG_062635.1	1750	1	0
NG_062626.1	1766	1	0
NG_062624.1	1756	2	0
NG_062623.1	1761	1	0
NG_062622.1	1757	2	0
NG_062619.1	1757	3	0
NG_062616.1	1782	1	0
NG_062615.1	1782	62	0
NG_062611.1	1792	1	0
NG_062600.1	1769	1	0
NG_062420.1	1461	704	0
NG_062407.1	1613	1	0
NG_062406.1	1575	1	0
NG_062405.1	1702	3	0
NG_062404.1	1577	43	0
NG_062401.1	1637	2	0
NG_062393.1	1696	88	0
NG_062391.1	1663	1	0
NG_062382.1	1684	1	0
NG_062381.1	1770	3	0
NG_062376.1	1653	1	0
NG_062371.1	1770	1	0
NG_062367.1	1783	11	0
NG_062366.1	1767	992	0
NG_062194.1	1441	2	0
NG_062180.1	1617	1	0
NG_062178.1	1578	1	0
NG_062165.1	1719	1	0
NG_062163.1	1650	1	0
NG_062161.1	1656	1	0
NG_062159.1	1655	2	0
NG_062156.1	1656	2	0
NG_062147.1	1789	12	0
NG_062142.1	1749	1	0
NG_062141.1	1758	11	0
NG_062140.1	1753	1	0
NG_062139.1	1686	2	0
NG_062138.1	1668	4	0
NG_062137.1	1673	7	0
NG_062136.1	1781	1	0
NG_062135.1	1782	1	0
NG_062134.1	1782	1	0
NG_062133.1	1781	18	0
NG_062132.1	1757	1	0
NG_062131.1	1733	5	0
NG_062130.1	1731	3	0
NG_062128.1	1756	1	0
NG_062127.1	1768	15	0
NG_062124.1	1767	24	0
NG_062123.1	1735	3	0
NG_062122.1	1734	1	0
NG_062120.1	1779	1	0
NG_062119.1	1762	1	0
NG_062110.1	1654	1	0
NG_062105.1	1656	1	0
NG_062104.1	1659	2	0
NG_062102.1	1652	3	0
NG_062099.1	1656	2	0
NG_062096.1	1657	2	0
NG_062094.1	1655	3	0
NG_062092.1	1765	11	0
NG_062089.1	1763	1	0
NG_062088.1	1758	1	0
NG_062086.1	1758	1	0
NG_062084.1	1746	1	0
NG_062083.1	1775	2	0
NG_062081.1	1758	1	0
NG_062073.1	1724	1	0
NG_062048.1	1790	18	0
NG_062047.1	1696	13	0
NG_062046.1	1686	9	0
NG_062045.1	1696	10	0
NG_062044.1	1696	10	0
NG_062042.1	1781	1	0
NG_062030.1	1775	1	0
NG_062029.1	1782	2	0
NG_062028.1	1782	1	0
NG_062025.1	1789	1	0
NG_062024.1	1792	1	0
NG_062008.1	1749	2	0
NG_061284.1	857	50	0
NG_061274.1	996	56	0
NG_061262.1	1783	1	0
NG_061239.1	1448	389	0
NG_061232.1	941	1	0
NG_061226.1	1003	3	0
NG_061221.1	2699	1	0
NG_061212.1	1659	1	0
NG_061199.1	1670	2	0
NG_061194.1	1599	1	0
NG_061178.1	1623	24	0
NG_061177.1	1712	1	0
NG_061175.1	1685	2	0
NG_061174.1	1591	1	0
NG_061173.1	767	341	0
NG_061172.1	1708	4	0
NG_061171.1	1547	23	0
NG_061166.1	1719	1	0
NG_061164.1	1463	7	0
NG_061163.1	1459	4	0
NG_061159.1	1656	1	0
NG_061158.1	1657	9	0
NG_061153.1	1656	3	0
NG_061150.1	1655	2	0
NG_061148.1	1656	1	0
NG_061142.1	1569	1	0
NG_061140.1	1649	99	0
NG_061135.1	1643	128	0
NG_061132.1	1749	1	0
NG_061126.1	1646	4	0
NG_061116.1	1778	1	0
NG_061115.1	1775	226	0
NG_061113.1	1664	1	0
NG_061108.1	1201	1	0
NG_061104.1	1735	4	0
NG_061094.1	1762	1	0
NG_061087.1	1727	1	0
NG_061077.1	2459	1	0
NG_061059.1	1575	1	0
NG_061056.1	1715	110	0
NG_061055.1	1785	2	0
NG_061053.1	1769	452	0
NG_061052.1	1696	3	0
NG_061047.1	1600	2	0
NG_061042.1	1777	1	0
NG_061041.1	1730	1	0
NG_061039.1	1758	1	0
NG_061038.1	1756	4	0
NG_061037.1	1739	1	0
NG_061034.1	1759	7	0
NG_061033.1	1757	1	0
NG_061032.1	2157	1	0
NG_061031.1	1783	1	0
NG_061026.1	1849	28	0
NG_061022.1	1758	87	0
NG_061011.1	1776	497	0
NG_061010.1	1752	4	0
NG_060988.1	1778	1	0
NG_060986.1	1781	12	0
NG_060983.1	1781	1	0
NG_060982.1	1782	1	0
NG_060978.1	1760	1	0
NG_060975.1	2072	1	0
NG_060974.1	1781	2	0
NG_060972.1	1740	4	0
NG_013175.1	1776	135	0
NG_017192.1	1736	1	0
NG_017187.1	1751	4	0
NG_017185.1	1816	5	0
NG_017174.1	1770	22	0
NG_017173.1	2620	462	0
NG_017172.1	1796	137	0
NG_017168.1	1784	455	0
NG_017166.1	1860	30	0
NG_016527.1	1779	1	0
NG_013154.1	1715	8	0
NG_013193.1	1618	4	0
NG_017176.1	1463	6	0
