NG_088282.1	868	1	0
NG_088037.1	828	2	0
NG_088019.1	614	1	0
NG_055354.1	3283	1	0
NG_075234.1	794	1	0
NG_075173.1	720	3	0
NG_074457.1	1038	2	0
NG_073827.1	884	1	0
NG_068873.1	1287	5	0
NG_057274.1	870	2	0
NG_057200.1	1428	1	0
NG_042597.1	1429	2	0
NG_064598.1	877	1	0
NG_064597.1	869	5	0
NG_064596.1	909	1	0
NG_064595.1	864	1	0
NG_064590.1	872	2	0
NG_064587.1	863	1	0
NG_064436.1	948	1	0
NG_059217.1	810	2	0
NG_055143.1	3234	1	0
NG_042695.1	1789	2	0
NG_042694.1	1788	3	0
NG_042693.1	1795	3	0
NG_042692.1	1781	1	0
NG_042660.1	965	3	0
NG_042631.1	3199	1	0
NG_042595.1	889	1	0
NG_027618.1	3799	3	0
NG_027616.1	3270	1	0
NG_027568.1	1157	1	0
NG_027567.1	3255	3	0
NG_060069.1	3174	1	0
NG_059518.1	3062	1	0
NG_059226.1	665	1	0
NG_060414.1	910	1	0
NG_060152.1	756	1	0
NG_060022.1	1408	1	0
NG_059218.1	859	1	0
NG_057268.1	1424	2	0
NG_057214.1	1385	3	0
NG_057210.1	1421	1	0
NG_057072.1	839	1	0
NG_057042.1	968	2	0
NG_057038.1	864	2	0
NG_057032.1	858	6	0
