NR_178161.1	688	1	0
NR_178153.1	683	3	0
NR_178141.1	628	2	0
NR_177469.1	660	1	0
NR_177458.1	784	721	0
NR_152978.1	740	1	0
NR_177181.1	963	5	0
NR_177180.1	896	5	0
NR_177176.1	784	49	0
NR_177144.1	587	1	0
NR_177137.1	548	1	0
NR_176777.1	617	1	0
NR_130224.1	671	1	0
NR_175700.1	716	139	0
NR_175249.1	677	1	0
NR_176108.1	665	1	0
NR_176095.1	669	1	0
NR_157969.1	735	1	0
NR_157955.1	678	1	0
NR_157950.1	698	1	0
NR_153019.1	694	1	0
NR_130297.1	648	1	0
NR_130286.1	724	1	0
NR_130284.1	697	1	0
NR_130262.1	631	1	0
NR_130245.1	712	2	0
NR_130231.1	787	8	0
NR_121305.1	750	1	0
NR_120301.1	557	842	0
NR_175734.1	651	1	0
NR_175660.1	652	2	0
NR_175633.1	747	2	0
NR_153016.1	701	1	0
NR_130213.1	773	1	0
NR_175186.1	571	19	0
NR_175183.1	653	14	0
NR_175163.1	709	1	0
NR_175146.1	557	1	0
NR_175139.1	830	1	0
NR_175127.1	706	1	0
NR_175107.1	602	1	0
NR_175101.1	641	28	0
NR_175095.1	778	41	0
NR_174900.1	744	62	0
NR_174792.1	780	1	0
NR_174785.1	710	1	0
NR_174760.1	735	1	0
NR_174757.1	632	1	0
NR_174756.1	610	20	0
NR_174755.1	611	1	0
NR_174737.1	632	1	0
NR_174733.1	677	9	0
NR_174732.1	667	3	0
NR_174730.1	594	10	0
NR_174724.1	651	2	0
NR_144984.1	684	1	0
NR_174668.1	667	4	0
NR_174056.1	633	1	0
NR_174052.1	661	355	0
NR_174051.1	660	380	0
NR_164277.1	756	1260	0
NR_173973.1	760	1	0
NR_173967.1	732	2	0
NR_173939.1	689	478	0
NR_173938.1	780	1	0
NR_173904.1	692	1	0
NR_173881.1	617	69	0
NR_173878.1	628	30	0
NR_173877.1	697	2	0
NR_173876.1	651	1	0
NR_173874.1	735	365	0
NR_173873.1	650	358	0
NR_173872.1	675	148	0
NR_173861.1	710	1	0
NR_173859.1	642	1	0
NR_173796.1	713	1	0
NR_173793.1	748	168	0
NR_173766.1	563	2	0
NR_173762.1	751	2	0
NR_173726.1	695	20	0
NR_173706.1	741	19	0
NR_173442.1	708	1	0
NR_173428.1	634	3	0
NR_173427.1	637	4	0
NR_120116.2	673	1	0
NR_119473.1	642	35	0
NR_137743.1	463	2	0
NR_137742.1	488	3	0
NR_173319.1	700	1	0
NR_173316.1	479	4	0
NR_173313.1	531	9	0
NR_153987.1	713	1	0
NR_173218.1	758	1	0
NR_173212.1	712	1	0
NR_173190.1	658	2	0
NR_173189.1	791	18	0
NR_173188.1	1016	59	0
NR_173154.1	631	1	0
NR_173077.1	656	5	0
NR_172995.1	636	2	0
NR_172974.1	518	23	0
NR_172782.1	806	973	0
NR_172427.1	806	1	0
NR_153597.1	609	237	0
NR_137144.1	584	1	0
NR_119591.1	573	35	0
NR_172330.1	639	1	0
NR_172323.1	554	3	0
NR_172258.1	572	1	0
NR_172245.1	756	1	0
NR_172227.1	722	58	0
NR_172192.1	595	9	0
NR_172191.1	636	8	0
NR_172177.1	602	1	0
NR_120312.1	602	2	0
NR_172002.1	689	1	0
NR_171913.1	753	6	0
NR_171869.1	618	1	0
NR_171839.1	644	1	0
NR_171827.1	677	1	0
NR_171797.1	731	1	0
NR_171354.1	686	1	0
NR_171347.1	623	1	0
NR_171313.1	599	1	0
NR_171267.1	976	4235	0
NR_171144.1	608	4	0
NR_171139.1	622	1	0
NR_170738.1	815	2	0
NR_170723.1	675	3	0
NR_170026.1	632	4	0
NR_169890.1	526	1	0
NR_169974.1	641	1	0
NR_169938.1	728	2	0
NR_169701.1	522	1	0
NR_169668.1	795	11	0
NR_160176.1	654	1	0
NR_168751.1	703	5	0
NR_168750.1	699	4	0
NR_158374.1	667	25	0
NR_147521.1	633	1	0
NR_168410.1	606	1	0
NR_166037.1	662	28	0
NR_166794.1	641	2	0
NR_166302.1	780	2	0
NR_166278.1	704	26	0
NR_166237.1	641	213	0
NR_165965.1	624	1	0
NR_160608.1	669	1	0
NR_152356.1	715	4	0
NR_121520.1	692	159	0
NR_165200.1	829	4	0
NR_119557.1	580	15	0
NR_164613.1	833	2	0
NR_164539.1	666	1	0
NR_164537.1	724	2	0
NR_164292.1	705	3	0
NR_164278.1	690	2	0
NR_164224.1	649	1	0
NR_164223.1	1018	1	0
NR_164045.1	735	164	0
NR_154704.1	668	2	0
NR_154667.1	666	1	0
NR_154604.1	656	42	0
NR_154391.1	832	5	0
NR_153863.1	801	7	0
NR_152977.1	741	5	0
NR_147690.1	683	3	0
NR_145288.1	603	1	0
NR_138374.1	584	38	0
NR_132908.1	564	10	0
NR_132054.1	1092	4240	0
NR_121448.1	646	1	0
NR_121445.1	645	1	0
NR_121444.1	642	1	0
NR_121400.1	692	23	0
NR_121398.1	691	19	0
NR_121395.1	691	22	0
NR_121394.1	689	21	0
NR_121393.1	689	19	0
NR_121391.1	690	20	0
NR_121390.1	694	23	0
NR_121388.1	694	27	0
NR_121387.1	691	24	0
NR_121339.1	804	4234	0
NR_119974.1	722	1	0
NR_119652.1	668	4369	0
NR_119650.1	681	4273	0
NR_119649.1	790	38	0
NR_119648.1	853	8	0
NR_119647.1	521	69	0
NR_119644.1	713	4280	0
NR_119592.1	565	29	0
NR_119590.1	749	4066	0
NR_119554.1	824	19	0
NR_163324.1	488	1	0
NR_163315.1	693	1	0
NR_163297.1	689	1	0
NR_161005.1	468	1	0
NR_161042.1	690	1	0
NR_160568.1	638	24	0
NR_160459.1	834	1	0
NR_160454.1	680	54	0
NR_160330.1	684	9	0
NR_160185.1	552	24	0
NR_160139.1	692	2	0
NR_159832.1	686	19	0
NR_159831.1	704	21	0
NR_159823.1	725	1	0
NR_121542.1	712	739	0
NR_121505.1	625	1	0
NR_121504.1	759	1	0
NR_121333.1	567	1	0
NR_121306.1	593	2	0
NR_121301.1	589	5	0
NR_120168.1	631	57	0
NR_120167.1	624	40	0
NR_120166.1	655	47	0
NR_120163.1	644	1	0
NR_120035.1	609	25	0
NR_119977.1	603	1	0
NR_119975.1	746	9	0
NR_119968.1	687	5	0
NR_119945.1	691	1	0
NR_119772.1	671	12	0
NR_119766.1	658	8	0
NR_119764.1	732	44	0
NR_119728.1	633	1	0
NR_119723.1	606	30	0
NR_119695.1	698	6	0
NR_119691.1	646	6	0
NR_119690.1	629	7	0
NR_119664.1	758	1	0
NR_119659.1	499	1	0
NR_119657.1	564	1	0
NR_119646.1	746	43	0
NR_119608.1	481	1	0
NR_119607.1	475	2	0
NR_119528.1	654	1	0
NR_119502.1	585	1	0
NR_119448.1	615	2	0
NR_119389.1	720	1	0
NR_111346.1	708	1	0
NR_073253.1	531	2	0
NR_159611.1	556	2	0
NR_159581.1	553	1	0
NR_159569.1	616	2	0
NR_159061.1	684	1	0
NR_152370.1	702	16	0
NR_137923.1	547	5	0
NR_158945.1	549	1	0
NR_158944.1	616	1	0
NR_158906.1	752	3	0
NR_158525.1	500	511	0
NR_158485.1	766	9	0
NR_158461.1	862	4086	0
NR_158460.1	695	1546	0
NR_158351.1	701	1	0
NR_158333.1	639	35	0
NR_158332.1	612	5	0
NR_158299.1	762	1	0
NR_157957.1	699	1	0
NR_157915.1	645	16	0
NR_157886.1	647	1	0
NR_156358.1	652	1	0
NR_156245.1	621	3	0
NR_138390.1	766	1	0
NR_137804.1	1001	2	0
NR_156661.1	595	2	0
NR_156607.1	604	1	0
NR_156532.1	625	1	0
NR_156253.1	671	3	0
NR_156194.1	703	1	0
NR_156007.1	581	1	0
NR_155933.1	575	495	0
NR_155910.1	661	23	0
NR_155847.1	501	1	0
NR_155843.1	783	1	0
NR_155834.1	484	12	0
NR_155020.1	595	70	0
NR_154767.1	667	2	0
NR_154669.1	892	22	0
NR_154533.1	577	4	0
NR_154481.1	841	1	0
NR_154470.1	699	5	0
NR_154443.1	708	1	0
NR_154357.1	505	3	0
NR_154354.1	600	19	0
NR_154323.1	640	1	0
NR_154119.1	675	1	0
NR_154112.1	645	1	0
NR_154021.1	723	1	0
NR_154000.1	684	26	0
NR_153644.1	504	1	0
NR_153577.1	633	34	0
NR_153553.1	648	97	0
NR_153525.1	717	160	0
NR_153517.1	654	1	0
NR_153482.1	543	20	0
NR_153458.1	694	2	0
NR_153449.1	677	22	0
NR_153077.1	753	1	0
NR_153040.1	690	19	0
NR_153039.1	682	25	0
NR_137114.1	727	3	0
NR_131846.1	619	1	0
NR_130212.1	669	28	0
NR_153029.1	613	25	0
NR_152300.1	641	1	0
NR_152294.1	635	1	0
NR_151797.1	628	4	0
NR_148111.1	612	5	0
NR_148110.1	772	2	0
NR_148109.1	667	1	0
NR_147659.1	657	535	0
NR_147528.1	744	48	0
NR_145305.1	764	1	0
NR_145099.1	728	2	0
NR_145010.1	718	1	0
NR_144901.1	637	27	0
NR_144842.1	699	1	0
NR_144766.1	630	1	0
NR_138411.1	617	1	0
NR_138234.1	641	1	0
NR_138220.1	469	1	0
NR_137732.1	655	1	0
NR_132903.1	732	2	0
NR_132860.1	683	1	0
NR_132858.1	652	18	0
NR_132836.1	641	1	0
NR_132830.1	768	1	0
NR_132794.1	494	1	0
NR_132081.1	905	1	0
NR_131879.1	602	1	0
NR_144985.1	678	1	0
NR_138007.1	718	1	0
NR_131996.1	689	2	0
NR_131891.1	605	62	0
NR_131863.1	676	1	0
NR_131855.1	708	2	0
NR_131840.1	622	1	0
NR_131818.1	555	1	0
NR_131798.1	705	20	0
NR_153300.1	651	2	0
NR_153299.1	645	4	0
NR_153250.1	794	1	0
NR_153186.1	661	1	0
NR_153173.1	676	196	0
NR_153151.1	693	258	0
NR_153145.1	646	1	0
NR_153139.1	709	241	0
NR_153135.1	748	3	0
NR_153133.1	737	3	0
NR_153121.1	622	1	0
NR_137710.1	803	3	0
NR_137704.1	724	1	0
NR_137596.1	729	1	0
NR_137151.1	673	1	0
NR_136970.1	447	1	0
NR_136956.1	625	1	0
NR_152352.1	620	1	0
NR_152348.1	724	233	0
NR_152332.1	742	4	0
NR_152331.1	687	1	0
NR_138392.1	710	5	0
