NR_178170.1	621	2	0
NR_178158.1	737	1	0
NR_178153.1	683	3	0
NR_178141.1	628	2	0
NR_178118.1	696	1	0
NR_177568.1	701	1	0
NR_177510.1	634	1	0
NR_177458.1	784	491	0
NR_177181.1	963	6	0
NR_177176.1	784	39	0
NR_177137.1	548	3	0
NR_176776.1	583	1	0
NR_176700.1	676	1	0
NR_176698.1	704	1	0
NR_130224.1	671	1	0
NR_175700.1	716	117	0
NR_173883.1	605	1	0
NR_176184.1	790	1	0
NR_176108.1	665	1	0
NR_157969.1	735	1	0
NR_155410.1	619	1	0
NR_153050.1	726	1	0
NR_153000.1	623	1	0
NR_130231.1	787	2	0
NR_130219.1	699	1	0
NR_130206.1	728	1	0
NR_130181.1	619	1	0
NR_120301.1	557	505	0
NR_175633.1	747	5	0
NR_152992.1	693	1	0
NR_130213.1	773	2	0
NR_119461.1	626	1	0
NR_175186.1	571	20	0
NR_175183.1	653	12	0
NR_175127.1	706	2	0
NR_175101.1	641	22	0
NR_175095.1	778	35	0
NR_174900.1	744	38	0
NR_174819.1	628	2	0
NR_174799.1	760	2	0
NR_174798.1	753	3	0
NR_174797.1	776	1	0
NR_174796.1	778	2	0
NR_174794.1	780	1	0
NR_174793.1	781	1	0
NR_174792.1	780	2	0
NR_174790.1	813	1	0
NR_174757.1	632	2	0
NR_174756.1	610	6	0
NR_174741.1	620	1	0
NR_174733.1	677	27	0
NR_174732.1	667	11	0
NR_174731.1	671	1	0
NR_174730.1	594	27	0
NR_174726.1	650	1	0
NR_174725.1	649	1	0
NR_174722.1	575	1	0
NR_174668.1	667	4	0
NR_174052.1	661	226	0
NR_174051.1	660	226	0
NR_174034.1	793	1	0
NR_164277.1	756	833	0
NR_173976.1	657	1	0
NR_173972.1	721	1	0
NR_173939.1	689	294	0
NR_173911.1	629	2	0
NR_173904.1	692	1	0
NR_173881.1	617	33	0
NR_173878.1	628	23	0
NR_173877.1	697	5	0
NR_173874.1	735	274	0
NR_173873.1	650	312	0
NR_173872.1	675	125	0
NR_173793.1	748	96	0
NR_173726.1	695	14	0
NR_173706.1	741	35	0
NR_173429.1	683	1	0
NR_173428.1	634	2	0
NR_173427.1	637	2	0
NR_173417.1	711	1	0
NR_171835.2	637	1	0
NR_155247.1	712	1	0
NR_119473.1	642	94	0
NR_173390.1	610	1	0
NR_137743.1	463	8	0
NR_137742.1	488	6	0
NR_173324.1	578	1	0
NR_173319.1	700	1	0
NR_173316.1	479	3	0
NR_173315.1	625	1	0
NR_173313.1	531	1	0
NR_173233.1	772	1	0
NR_173224.1	769	2	0
NR_173190.1	658	2	0
NR_173189.1	791	39	0
NR_173188.1	1016	37	0
NR_173077.1	656	1	0
NR_172995.1	636	1	0
NR_172976.1	576	1	0
NR_172974.1	518	23	0
NR_172782.1	806	727	0
NR_172427.1	806	1	0
NR_153597.1	609	99	0
NR_119591.1	573	33	0
NR_172258.1	572	3	0
NR_172227.1	722	30	0
NR_172192.1	595	10	0
NR_172191.1	636	5	0
NR_120312.1	602	3	0
NR_171913.1	753	6	0
NR_137887.1	598	1	0
NR_171869.1	618	1	0
NR_171840.1	655	1	0
NR_171728.1	755	1	0
NR_171330.1	593	1	0
NR_171321.1	583	2	0
NR_171267.1	976	4602	0
NR_171160.1	569	1	0
NR_171159.1	578	1	0
NR_171144.1	608	1	0
NR_171139.1	622	2	0
NR_145301.1	603	2	0
NR_170740.1	751	1	0
NR_170738.1	815	2	0
NR_170723.1	675	3	0
NR_156500.1	728	1	0
NR_170026.1	632	7	0
NR_169974.1	641	2	0
NR_169668.1	795	9	0
NR_168751.1	703	1	0
NR_168750.1	699	1	0
NR_158374.1	667	70	0
NR_166037.1	662	15	0
NR_166794.1	641	4	0
NR_166302.1	780	4	0
NR_166278.1	704	17	0
NR_166237.1	641	142	0
NR_165971.1	676	1	0
NR_160610.1	697	3	0
NR_152356.1	715	4	0
NR_121520.1	692	107	0
NR_165200.1	829	7	0
NR_120266.2	605	6	0
NR_119780.1	673	1	0
NR_119557.1	580	40	0
NR_164613.1	833	1	0
NR_164539.1	666	1	0
NR_164537.1	724	1	0
NR_164604.1	508	1	0
NR_164292.1	705	12	0
NR_164224.1	649	1	0
NR_164080.1	262	1	0
NR_164045.1	735	105	0
NR_154704.1	668	1	0
NR_154667.1	666	1	0
NR_154604.1	656	45	0
NR_154513.1	626	2	0
NR_154391.1	832	5	0
NR_153863.1	801	15	0
NR_152948.1	626	1	0
NR_147690.1	683	1	0
NR_138374.1	584	5	0
NR_132841.1	647	1	0
NR_132054.1	1092	4567	0
NR_121400.1	692	47	0
NR_121398.1	691	51	0
NR_121395.1	691	58	0
NR_121394.1	689	63	0
NR_121393.1	689	66	0
NR_121391.1	690	64	0
NR_121390.1	694	60	0
NR_121388.1	694	55	0
NR_121387.1	691	59	0
NR_121385.1	664	2	0
NR_121384.1	664	2	0
NR_121339.1	804	4573	0
NR_119652.1	668	4523	0
NR_119650.1	681	4552	0
NR_119649.1	790	47	0
NR_119648.1	853	12	0
NR_119647.1	521	67	0
NR_119644.1	713	4655	0
NR_119592.1	565	32	0
NR_119590.1	749	4484	0
NR_119554.1	824	38	0
NR_111660.1	597	1	0
NR_111658.1	636	1	0
NR_103627.1	585	1	0
NR_103626.1	626	1	0
NR_073317.1	600	1	0
NR_163533.1	662	2	0
NR_161043.1	732	1	0
NR_160568.1	638	26	0
NR_160454.1	680	35	0
NR_160330.1	684	11	0
NR_160185.1	552	4	0
NR_160139.1	692	2	0
NR_160095.1	593	1	0
NR_159832.1	686	17	0
NR_159831.1	704	14	0
NR_121542.1	712	482	0
NR_121504.1	759	2	0
NR_121458.1	797	1	0
NR_121347.1	685	2	0
NR_121307.1	592	2	0
NR_121306.1	593	1	0
NR_121301.1	589	2	0
NR_120168.1	631	37	0
NR_120167.1	624	40	0
NR_120166.1	655	45	0
NR_120051.1	564	1	0
NR_120035.1	609	11	0
NR_119999.1	555	1	0
NR_119993.1	572	1	0
NR_119977.1	603	1	0
NR_119975.1	746	6	0
NR_119968.1	687	10	0
NR_119878.1	696	1	0
NR_119772.1	671	6	0
NR_119766.1	658	20	0
NR_119764.1	732	39	0
NR_119723.1	606	29	0
NR_119695.1	698	2	0
NR_119691.1	646	4	0
NR_119690.1	629	4	0
NR_119646.1	746	43	0
NR_119528.1	654	1	0
NR_119449.1	686	1	0
NR_119448.1	615	1	0
NR_119389.1	720	1	0
NR_111346.1	708	1	0
NR_111337.1	425	1	0
NR_111042.1	614	1	0
NR_103612.1	631	1	0
NR_103585.1	711	1	0
NR_073342.1	567	1	0
NR_159611.1	556	2	0
NR_159580.1	614	2	0
NR_159569.1	616	2	0
NR_159061.1	684	10	0
NR_159054.1	713	1	0
NR_159039.1	555	1	0
NR_159016.1	547	1	0
NR_152370.1	702	12	0
NR_137923.1	547	2	0
NR_158926.1	707	2	0
NR_158849.1	652	1	0
NR_158525.1	500	311	0
NR_158506.1	678	1	0
NR_158485.1	766	4	0
NR_158466.1	590	1	0
NR_158461.1	862	4518	0
NR_158460.1	695	1113	0
NR_158406.1	555	1	0
NR_158333.1	639	25	0
NR_158332.1	612	5	0
NR_157957.1	699	4	0
NR_157915.1	645	21	0
NR_157886.1	647	1	0
NR_156245.1	621	2	0
NR_153066.1	614	1	0
NR_156661.1	595	2	0
NR_156193.1	720	1	0
NR_156191.1	485	1	0
NR_155935.1	526	2	0
NR_155933.1	575	297	0
NR_155910.1	661	18	0
NR_155846.1	625	1	0
NR_155838.1	493	1	0
NR_155834.1	484	22	0
NR_155807.1	625	1	0
NR_155649.1	615	1	0
NR_155368.1	707	3	0
NR_155031.1	756	1	0
NR_155020.1	595	62	0
NR_154700.1	498	1	0
NR_154687.1	636	1	0
NR_154669.1	892	25	0
NR_154536.1	766	2	0
NR_154534.1	579	3	0
NR_154533.1	577	1	0
NR_154474.1	651	1	0
NR_154470.1	699	1	0
NR_154357.1	505	1	0
NR_154354.1	600	49	0
NR_154250.1	596	1	0
NR_154249.1	619	1	0
NR_154119.1	675	1	0
NR_154081.1	671	2	0
NR_154021.1	723	1	0
NR_154000.1	684	16	0
NR_153903.1	593	1	0
NR_153636.1	556	1	0
NR_153577.1	633	18	0
NR_153553.1	648	41	0
NR_153525.1	717	215	0
NR_153482.1	543	14	0
NR_153449.1	677	19	0
NR_153077.1	753	1	0
NR_153040.1	690	15	0
NR_153039.1	682	17	0
NR_137114.1	727	1	0
NR_137086.1	649	2	0
NR_130212.1	669	9	0
NR_153059.1	605	1	0
NR_153032.1	584	1	0
NR_153029.1	613	11	0
NR_152489.1	559	3	0
NR_151842.1	866	2	0
NR_151797.1	628	1	0
NR_151770.1	663	3	0
NR_148111.1	612	5	0
NR_148110.1	772	2	0
NR_148108.1	706	2	0
NR_147659.1	657	287	0
NR_147528.1	744	1635	0
NR_146257.1	711	1	0
NR_145010.1	718	1	0
NR_144982.1	684	1	0
NR_144901.1	637	71	0
NR_144812.1	632	2	0
NR_126138.2	491	2	0
NR_138395.1	692	1	0
NR_138234.1	641	1	0
NR_138220.1	469	8	0
NR_137829.1	788	1	0
NR_132858.1	652	12	0
NR_126147.1	705	1	0
NR_138007.1	718	1	0
NR_137085.1	679	1	0
NR_131996.1	689	1	0
NR_131891.1	605	47	0
NR_131818.1	555	1	0
NR_131815.1	797	1	0
NR_131807.1	612	1	0
NR_131798.1	705	16	0
NR_153300.1	651	1	0
NR_153299.1	645	7	0
NR_153180.1	663	1	0
NR_153175.1	610	1	0
NR_153173.1	676	101	0
NR_153151.1	693	134	0
NR_153139.1	709	144	0
NR_153135.1	748	7	0
NR_153133.1	737	3	0
NR_147538.1	637	1	0
NR_147495.1	731	1	0
NR_137710.1	803	1	0
NR_137595.1	723	1	0
NR_137106.1	641	1	0
NR_152348.1	724	145	0
NR_152341.1	674	1	0
NR_152332.1	742	1	0
NR_152331.1	687	4	0
NR_152330.1	672	3	0
NR_152328.1	695	2	0
NR_138392.1	710	6	0
