NR_176604.1	1320	1	0
NR_146667.2	1522	40	0
NR_125691.1	1419	1	0
NR_125600.1	1499	10	0
NR_074910.1	1544	204	0
NR_074799.1	1534	1	0
NR_028894.1	1505	3	0
NR_173641.1	1520	1	0
NR_173536.1	1459	15	0
NR_171514.1	1508	2	0
NR_170426.1	1462	4	0
NR_170476.1	1544	1	0
NR_169476.1	1536	3	0
NR_169468.1	1495	4	0
NR_169330.1	1532	1	0
NR_159926.1	1530	4	0
NR_159255.1	1542	3	0
NR_159232.1	1455	1	0
NR_159085.1	1542	6	0
NR_159084.1	1542	5	0
NR_159083.1	1542	3	0
NR_158132.1	1453	1	0
NR_157004.1	1473	1	0
NR_153752.1	1543	3	0
NR_149302.1	1542	1	0
NR_148650.1	1454	1	0
NR_148649.1	1444	15	0
NR_147771.1	1454	2	0
NR_147758.1	1444	1	0
NR_146677.1	1452	1	0
NR_146051.1	1528	1	0
NR_145647.1	1422	4	0
NR_137415.1	1494	1	0
NR_137333.1	1495	1	0
NR_136780.1	1464	1	0
NR_136429.1	1508	2	0
NR_134151.1	1447	1	0
NR_134063.1	1462	12	0
NR_134062.1	1462	1	0
NR_132596.1	1456	7	0
NR_125690.1	1459	1	0
NR_118333.1	1500	1	0
NR_117697.1	1516	1	0
NR_117547.1	1535	10	0
NR_117437.1	1507	1	0
NR_117304.1	1495	1	0
NR_117003.1	1516	1	0
NR_116935.1	1338	1	0
NR_116737.1	1521	1	0
NR_116535.1	1401	1	0
NR_115258.1	1533	1	0
NR_115229.1	1334	2	0
NR_115224.1	1363	1	0
NR_113569.1	1478	2	0
NR_104937.1	1527	3	0
NR_104901.1	1515	1	0
NR_074924.1	1545	1	0
NR_074869.1	1539	42	0
NR_074719.1	1528	1	0
NR_044061.1	1423	1	0
NR_041697.1	1527	9	0
NR_043860.1	1450	1	0
NR_028875.1	1532	1	0
NR_024862.1	1521	4	0
NR_159305.1	1363	1	0
NR_156052.1	1336	6	0
NR_102794.2	1543	34	0
NR_102493.2	1540	85	0
NR_146846.1	1475	1	0
NR_134807.1	1451	27	0
NR_132692.1	1459	1	0
NR_126319.1	1531	4	0
NR_126318.1	1531	12	0
NR_126317.1	1532	3	0
NR_126304.1	1501	3	0
NR_126303.1	1501	5	0
NR_126208.1	1429	46	0
NR_122057.1	1544	1	0
NR_121742.1	1542	2	0
NR_121703.1	1542	10	0
NR_119365.1	1498	1	0
NR_119364.1	1496	2	0
NR_119279.1	1452	5	0
NR_119276.1	1452	1	0
NR_119255.1	1239	2	0
NR_119214.1	1401	7	0
NR_119108.1	1539	2	0
NR_119060.1	1468	1	0
NR_119054.1	1488	1	0
NR_119048.1	1457	1	0
NR_118931.1	1482	1	0
NR_118928.1	1481	2	0
NR_118855.1	1457	1	0
NR_118854.1	1456	1	0
NR_118742.1	1479	1	0
NR_118588.1	1459	1	0
NR_118568.1	1369	64	0
NR_118556.1	1376	21	0
NR_118487.1	1294	1	0
NR_118431.1	1493	4	0
NR_118295.1	1531	1	0
NR_118293.1	1531	1	0
NR_118256.1	1525	2	0
NR_118143.1	1364	1	0
NR_118121.1	1344	16	0
NR_118120.1	1344	13	0
NR_117969.1	1500	2	0
NR_117789.1	1413	1	0
NR_117752.1	1427	4	0
NR_117750.1	1427	1	0
NR_117685.1	1530	3	0
NR_117683.1	1530	1	0
NR_117682.1	1524	1	0
NR_117681.1	1517	1	0
NR_117526.1	1396	1	0
NR_117405.1	1506	2	0
NR_117353.1	1350	1	0
NR_117303.1	1504	1	0
NR_117000.1	1493	2	0
NR_116798.1	1505	2	0
NR_116797.1	1506	2	0
NR_116785.1	1466	1	0
NR_116756.1	1387	4	0
NR_116755.1	1361	1	0
NR_116752.1	1362	10	0
NR_116751.1	1387	1	0
NR_116749.1	1387	1	0
NR_116748.1	1376	1	0
NR_116430.1	1285	4	0
NR_116283.1	1494	1	0
NR_116282.1	1492	1	0
NR_116247.1	1344	1	0
NR_116246.1	1344	2	0
NR_116244.1	1344	2	0
NR_116168.1	1505	1	0
NR_116113.1	1432	1	0
NR_116112.1	1348	2	0
NR_116111.1	1422	5	0
NR_116110.1	1494	1	0
NR_116109.1	1494	1	0
NR_115873.1	1305	1	0
NR_115750.1	1356	1	0
NR_114923.1	1086	1	0
NR_114737.1	1511	11	0
NR_114735.1	1512	1	0
NR_114715.1	1492	1	0
NR_114589.1	1437	10	0
NR_114550.1	1531	2	0
NR_114507.1	1436	3	0
NR_114506.1	1436	1	0
NR_114503.1	1436	1	0
NR_114502.1	1436	6	0
NR_114345.1	1324	4	0
NR_114230.1	1450	1	0
NR_114154.1	1465	2	0
NR_114153.1	1465	1	0
NR_114108.1	1465	9	0
NR_114107.1	1465	7	0
NR_114079.1	1467	1	0
NR_114078.1	1469	3	0
NR_114077.1	1467	1	0
NR_114042.1	1467	2	0
NR_114032.1	1495	1	0
NR_113960.1	1472	1	0
NR_113791.1	1479	1	0
NR_113701.1	1465	1	0
NR_113614.1	1465	5	0
NR_113604.1	1478	1	0
NR_113596.1	1467	6	0
NR_113347.1	1464	1	0
NR_113340.1	1464	3	0
NR_112555.1	1110	1	0
NR_112062.1	1507	1	0
NR_112011.1	1451	2	0
NR_112010.1	1441	1	0
NR_112007.1	1438	6	0
NR_111998.1	1449	6	0
NR_044837.2	1462	1	0
NR_108899.1	1500	1	0
NR_104962.1	1432	1	0
NR_104940.1	1478	3	0
NR_104934.1	1527	2	0
NR_104933.1	1527	5	0
NR_104932.1	1529	27	0
NR_104928.1	1524	1	0
NR_104925.1	1534	1	0
NR_104914.1	1472	2	0
NR_104903.1	1480	3	0
NR_104826.1	1530	7	0
NR_104724.1	1461	1	0
NR_104569.1	1494	1	0
NR_102802.1	1543	6	0
NR_102457.1	1477	1	0
NR_074908.1	1544	20	0
NR_074902.1	1542	83	0
NR_074888.1	1542	22	0
NR_044977.1	1495	51	0
NR_044976.1	1498	5	0
NR_044863.1	1504	1	0
NR_044844.1	1478	2	0
NR_044799.1	1502	4	0
NR_044385.1	1500	1	0
NR_044371.1	1437	1	0
NR_044060.1	1417	1	0
NR_044058.1	1417	2	0
NR_043980.1	1351	1	0
NR_042356.1	1479	4	0
NR_042349.1	1513	11	0
NR_042062.1	1428	2	0
NR_041978.1	1473	1	0
NR_041975.1	1509	1	0
NR_041974.1	1504	1	0
NR_041970.1	1497	1	0
NR_041750.1	1436	3	0
NR_041749.1	1436	1	0
NR_044076.1	1493	1	0
NR_043883.1	1347	4	0
NR_026089.2	1503	1	0
NR_037085.1	1454	3	0
NR_036919.1	1497	3	0
NR_036886.1	1532	5	0
NR_036794.1	1534	1	0
NR_028893.1	1507	1	0
NR_028803.1	1459	12	0
NR_028802.1	1453	5	0
NR_028788.1	1437	1	0
NR_028688.1	1530	8	0
NR_028687.1	1530	7	0
NR_025340.1	1495	3	0
NR_025331.1	1498	4	0
NR_025329.1	1504	1	0
NR_025328.1	1505	1	0
NR_025160.1	1461	1	0
NR_025126.1	1483	1	0
NR_024883.1	1414	1	0
NR_024643.1	1438	12	0
NR_024642.1	1449	2	0
NR_024640.1	1422	104	0
NR_026332.1	1487	2	0
NR_026331.1	1488	22	0
NR_026128.1	1465	1	0
NR_026049.1	1456	1	0
NR_025890.1	1531	1	0
NR_025875.1	1476	1	0
NR_025635.1	1412	1	0
NR_042154.1	1365	5	0
NR_041980.1	1505	1	0
NR_041877.1	1540	1	0
NR_029225.1	1528	1	0
NR_028938.1	1502	1	0
NR_028677.1	1459	2	0
NR_027549.1	1473	2	0
NR_025569.1	1494	2	0
NR_025243.1	1403	3	0
NR_024996.1	1436	5	0
NR_024769.1	1466	1	0
NR_024641.1	1450	26	0
NR_024570.1	1450	1	0
NR_037084.1	1452	2	0
