NG_088148.1	1379	4	0
NG_088147.1	1387	2	0
NG_088146.1	1391	13	0
NG_088141.1	1334	2	0
NG_079683.1	1329	10	0
NG_088361.1	871	1	0
NG_088360.1	859	8	0
NG_088352.1	1372	13	0
NG_088319.1	800	1	0
NG_088317.1	1342	14	0
NG_088316.1	1344	10	0
NG_088315.1	1344	42	0
NG_088311.1	1350	304	0
NG_088310.1	1360	5	0
NG_088309.1	1348	3	0
NG_088307.1	1379	23	0
NG_088305.1	1378	1	0
NG_088304.1	1384	3	0
NG_088298.1	1345	14	0
NG_088291.1	862	3	0
NG_088285.1	1339	2	0
NG_088282.1	868	199	0
NG_088262.1	1379	1	0
NG_088260.1	1400	1	0
NG_088258.1	1348	1	0
NG_088253.1	1385	19	0
NG_088239.1	1350	8	0
NG_088237.1	1337	4	0
NG_088236.1	1283	1	0
NG_088235.1	1344	2	0
NG_088234.1	1389	4	0
NG_088232.1	929	13	0
NG_088230.1	1391	3	0
NG_088229.1	1390	24	0
NG_088215.1	1384	2	0
NG_088214.1	1389	8	0
NG_088213.1	1390	7	0
NG_088209.1	1368	1	0
NG_088208.1	602	1	0
NG_088203.1	1275	14	0
NG_088202.1	1336	5	0
NG_088198.1	1392	6	0
NG_088197.1	1334	1	0
NG_088196.1	1334	2	0
NG_088195.1	1345	6	0
NG_088186.1	1353	4	0
NG_088185.1	970	56	0
NG_088184.1	968	3	0
NG_088179.1	1344	11	0
NG_088172.1	846	1	0
NG_088159.1	1393	1	0
NG_088158.1	869	1	0
NG_088156.1	1246	1	0
NG_088152.1	945	8	0
NG_088150.1	925	3	0
NG_088142.1	1390	2	0
NG_088140.1	1355	14	0
NG_088138.1	860	1	0
NG_088135.1	837	1	0
NG_088132.1	855	2	0
NG_088124.1	847	6	0
NG_088108.1	1355	3	0
NG_088104.1	1206	3	0
NG_088103.1	1354	8	0
NG_088095.1	1265	2	0
NG_088083.1	1297	22	0
NG_088069.1	867	8	0
NG_088062.1	1347	2	0
NG_088061.1	1344	8	0
NG_088060.1	1334	12	0
NG_088042.1	1299	7	0
NG_088041.1	1291	4	0
NG_088040.1	1291	2	0
NG_088037.1	828	1912	0
NG_088036.1	863	1	0
NG_088034.1	872	1	0
NG_088025.1	1350	1	0
NG_088020.1	1280	9	0
NG_088019.1	614	1	0
NG_088018.1	1314	9	0
NG_088017.1	1364	3	0
NG_088016.1	1431	21	0
NG_088008.1	640	1	0
NG_064326.1	893	1	0
NG_058013.1	1350	1	0
NG_081529.1	907	1	0
NG_081516.1	1286	2	0
NG_081515.1	948	2	0
NG_081514.1	849	10	0
NG_081472.1	536	5	0
NG_081469.1	665	25	0
NG_081464.1	847	8	0
NG_081284.1	1330	6	0
NG_081283.1	950	1	0
NG_081282.1	946	1	0
NG_081280.1	944	5	0
NG_081279.1	944	1	0
NG_081277.1	836	1	0
NG_060409.1	1367	2	0
NG_060408.1	1375	1	0
NG_074502.1	937	1	0
NG_069325.1	1325	21	0
NG_069113.1	873	2	0
NG_069112.1	874	7	0
NG_068872.1	1283	12	0
NG_068871.1	1281	22	0
NG_068870.1	1255	18	0
NG_068869.1	1289	16	0
NG_068734.1	1347	2	0
NG_067783.1	941	1	0
NG_064336.1	889	1	0
NG_064332.1	877	4	0
NG_059107.1	1349	12	0
NG_058839.1	882	3	0
NG_058803.1	954	3	0
NG_058802.1	953	17	0
NG_058800.1	951	3	0
NG_058798.1	954	2	0
NG_058791.1	952	3	0
NG_058785.1	954	1	0
NG_058784.1	963	1	0
NG_042651.1	1342	5	0
NG_042609.1	1347	8	0
NG_079713.1	1269	1	0
NG_079710.1	1346	5	0
NG_079709.1	1340	2	0
NG_079707.1	1380	1	0
NG_079706.1	1324	98	0
NG_079704.1	1284	1	0
NG_079703.1	1329	2	0
NG_079701.1	943	1	0
NG_079700.1	787	1	0
NG_079693.1	881	15	0
NG_079692.1	884	1	0
NG_079691.1	883	10	0
NG_079689.1	884	13	0
NG_079687.1	1373	18	0
NG_079686.1	1288	12	0
NG_079685.1	1316	25	0
NG_079684.1	1344	18	0
NG_079671.1	1349	1	0
NG_079661.1	1326	1	0
NG_079658.1	1404	2	0
NG_079646.1	1380	1	0
NG_079640.1	1316	22	0
NG_079636.1	1291	8	0
NG_079635.1	1297	15	0
NG_079634.1	1291	4	0
NG_079633.1	1291	7	0
NG_079632.1	1291	10	0
NG_079631.1	1137	2	0
NG_079630.1	1290	6	0
NG_079626.1	1350	12	0
NG_079561.1	824	1	0
NG_079546.1	848	1	0
NG_079525.1	876	6	0
NG_067775.1	1435	2	0
NG_078694.1	877	1	0
NG_078691.1	937	1	0
NG_078681.1	921	20	0
NG_078678.1	946	5	0
NG_078668.1	942	1	0
NG_078658.1	848	2	0
NG_078654.1	924	3	0
NG_078640.1	1278	34	0
NG_078637.1	1391	13	0
NG_064005.1	931	5	0
NG_077393.1	906	7	0
NG_077391.1	903	1	0
NG_077389.1	865	1	0
NG_077387.1	773	3	0
NG_064046.1	949	2	0
NG_060382.1	3250	7	0
NG_054796.1	529	1	0
NG_066352.1	3183	6	0
NG_064396.1	907	1	0
NG_060406.1	1379	85	0
NG_060083.1	781	1	0
NG_059228.1	569	1	0
NG_055354.1	3283	416	0
NG_076697.1	924	3	0
NG_055355.1	3269	21	0
NG_067823.1	878	2	0
NG_075400.1	878	1	0
NG_075399.1	878	3	0
NG_075397.1	1339	2	0
NG_075396.1	1357	16	0
NG_075373.1	873	3	0
NG_075351.1	858	3	0
NG_075348.1	1730	2	0
NG_075341.1	1367	18	0
NG_075336.1	1361	5	0
NG_075329.1	1396	1	0
NG_075322.1	1356	2	0
NG_075321.1	868	1	0
NG_075320.1	1389	2	0
NG_075319.1	1341	8	0
NG_075318.1	1349	3	0
NG_075315.1	1348	5	0
NG_075311.1	1341	9	0
NG_075310.1	1339	1	0
NG_075306.1	935	1	0
NG_075304.1	935	2	0
NG_075300.1	3106	5	0
NG_075289.1	897	1	0
NG_075288.1	1382	1	0
NG_075283.1	1395	1	0
NG_075246.1	1307	9	0
NG_075234.1	794	1	0
NG_075232.1	1347	5	0
NG_075230.1	1332	17	0
NG_075214.1	1340	8	0
NG_075213.1	1342	14	0
NG_075209.1	1325	3	0
NG_075206.1	1343	3	0
NG_075201.1	1044	1	0
NG_075187.1	1378	4	0
NG_075185.1	1350	10	0
NG_075184.1	1349	7	0
NG_075183.1	1347	2	0
NG_075182.1	1350	17	0
NG_075181.1	1352	10	0
NG_075180.1	1350	8	0
NG_075179.1	586	2	0
NG_075178.1	1374	11	0
NG_075167.1	1338	23	0
NG_075166.1	1392	1	0
NG_075163.1	1389	27	0
NG_075161.1	3224	10	0
NG_075155.1	1301	34	0
NG_027566.1	3087	61	0
NG_074504.1	1280	11	0
NG_074501.1	936	1	0
NG_074474.1	910	18	0
NG_074473.1	917	12	0
NG_074472.1	894	18	0
NG_074471.1	1018	278	0
NG_074468.1	849	2	0
NG_074467.1	979	3	0
NG_074457.1	1038	455	0
NG_074456.1	1051	2	0
NG_074455.1	1055	7	0
NG_074454.1	877	1	0
NG_074435.1	1298	1	0
NG_074433.1	1227	1	0
NG_057674.1	1078	4	0
NG_064487.1	863	1	0
NG_057852.1	3295	223	0
NG_073849.1	856	1	0
NG_073827.1	884	29	0
NG_073825.1	878	1	0
NG_073786.1	911	1	0
NG_073785.1	835	1	0
NG_073765.1	822	1	0
NG_073762.1	1344	2	0
NG_073753.1	891	8	0
NG_073672.1	1101	4	0
NG_073651.1	845	4	0
NG_073625.1	903	1	0
NG_073613.1	879	1	0
NG_073610.1	905	8	0
NG_073606.1	940	5	0
NG_073598.1	1339	46	0
NG_073595.1	1385	24	0
NG_073581.1	1333	7	0
NG_064006.1	908	1	0
NG_073626.1	888	4	0
NG_060125.1	1375	94	0
NG_071249.1	863	1	0
NG_071246.1	1272	12	0
NG_071245.1	1326	64	0
NG_071238.1	994	1	0
NG_071234.1	683	3	0
NG_071232.1	574	1	0
NG_068816.1	900	4	0
NG_070934.1	811	1	0
NG_070933.1	856	3	0
NG_070932.1	831	3	0
NG_070931.1	869	5	0
NG_070927.1	1224	1	0
NG_070922.1	820	2	0
NG_070522.1	1435	2	0
NG_059812.1	1305	1	0
NG_057945.1	1459	3	0
NG_057900.1	1429	2	0
NG_057898.1	1429	2	0
NG_042568.1	1429	1	0
NG_042564.1	1258	3	0
NG_042560.1	1428	3	0
NG_042555.1	1382	3	0
NG_042554.1	1401	2	0
NG_042550.1	1429	1	0
NG_042539.1	1429	1	0
NG_070844.1	1329	10	0
NG_070841.1	943	1	0
NG_070836.1	988	4	0
NG_070832.1	1298	1	0
NG_070823.1	1359	4	0
NG_070811.1	1386	9	0
NG_070810.1	1389	3	0
NG_070809.1	1046	13	0
NG_070815.1	872	2	0
NG_070613.1	910	1	0
NG_070567.1	911	1	0
NG_070558.1	966	2	0
NG_070556.1	937	1	0
NG_070553.1	935	4	0
NG_070552.1	936	6	0
NG_070544.1	910	2	0
NG_070512.1	3248	6	0
NG_070502.1	1319	21	0
NG_060647.1	1379	12	0
NG_070391.1	1436	10	0
NG_070356.1	1315	3	0
NG_070392.1	1436	4	0
NG_068542.1	1334	8	0
NG_068541.1	1393	7	0
NG_069920.1	910	1	0
NG_069857.1	1327	1	0
NG_069823.1	923	4	0
NG_069822.1	924	6	0
NG_069419.1	942	9	0
NG_069418.1	935	5	0
NG_069409.1	937	5	0
NG_069369.1	1305	2	0
NG_069330.1	1695	1	0
NG_069324.1	885	22	0
NG_069323.1	871	10	0
NG_069322.1	870	7	0
NG_069275.1	886	1	0
NG_069264.1	868	18	0
NG_069171.1	874	4	0
NG_069151.1	2040	3	0
NG_069150.1	2035	6	0
NG_069149.1	2029	4	0
NG_069114.1	1293	11	0
NG_069075.1	623	1	0
NG_069073.1	1281	1	0
NG_069071.1	1281	1	0
NG_069045.1	1327	1	0
NG_069034.1	1327	1	0
NG_069004.1	3250	301	0
NG_069003.1	3257	21	0
NG_068969.1	973	2	0
NG_068965.1	630	2	0
NG_068960.1	1312	1	0
NG_069036.1	1327	1	0
NG_068968.1	973	4	0
NG_068782.1	1371	16	0
NG_068924.1	681	9	0
NG_068918.1	892	3	0
NG_068910.1	915	2	0
NG_068907.1	906	9	0
NG_068896.1	871	1	0
NG_068895.1	914	2	0
NG_068881.1	1378	15	0
NG_068873.1	1287	1513	0
NG_068868.1	1293	10	0
NG_068867.1	1273	8	0
NG_068866.1	1348	1	0
NG_068861.1	947	3	0
NG_068860.1	1031	20	0
NG_068856.1	901	1	0
NG_068850.1	1312	90	0
NG_068846.1	1343	11	0
NG_068844.1	1304	2	0
NG_068822.1	1372	14	0
NG_068813.1	1401	1	0
NG_068812.1	1401	2	0
NG_068811.1	1401	1	0
NG_068809.1	943	1	0
NG_068808.1	935	2	0
NG_068806.1	1381	15	0
NG_068805.1	1378	9	0
NG_068795.1	896	6	0
NG_068793.1	894	199	0
NG_068788.1	1321	4	0
NG_068769.1	1385	5	0
NG_068765.1	1397	10	0
NG_068764.1	1343	7	0
NG_068763.1	1362	4	0
NG_068759.1	1326	1	0
NG_068758.1	969	1	0
NG_068750.1	1420	1	0
NG_068747.1	2044	2	0
NG_068741.1	1308	1	0
NG_068737.1	1397	16	0
NG_068732.1	939	1	0
NG_068658.1	832	145	0
NG_068655.1	1392	26	0
NG_068654.1	1389	23	0
NG_068632.1	1191	1	0
NG_068568.1	1391	2	0
NG_068564.1	1344	3	0
NG_068543.1	1394	9	0
NG_068536.1	1386	5	0
NG_068534.1	1384	10	0
NG_068533.1	983	2	0
NG_068673.1	891	1	0
NG_059101.1	920	70	0
NG_055136.1	3235	37	0
NG_059967.1	2045	1	0
NG_057229.1	1390	17	0
NG_057016.1	2028	94	0
NG_068271.1	1350	1	0
NG_068270.1	714	1	0
NG_068289.1	1417	13	0
NG_068265.1	1368	5	0
NG_068252.1	2422	76	0
NG_066407.1	1353	11	0
NG_064382.1	902	48	0
NG_057276.1	935	3	0
NG_057274.1	870	29	0
NG_057260.1	1392	17	0
NG_057259.1	1407	51	0
NG_057248.1	1431	22	0
NG_057200.1	1428	119	0
NG_057196.1	1436	4	0
NG_057188.1	947	2	0
NG_060356.1	695	4	0
NG_042597.1	1429	49	0
NG_067838.1	971	17	0
NG_067824.1	1382	17	0
NG_067816.1	1369	16	0
NG_067810.1	951	2	0
NG_067800.1	1311	2	0
NG_067799.1	893	1	0
NG_067784.1	1359	2	0
NG_067822.1	1439	82	0
NG_067785.1	1371	12	0
NG_067776.1	1073	10	0
NG_067772.1	3257	49	0
NG_067565.1	1271	21	0
NG_067564.1	1290	27	0
NG_058739.1	5088	80	0
NG_067431.1	914	2	0
NG_067371.1	1017	1	0
NG_067353.1	907	1	0
NG_067315.1	937	5	0
NG_067314.1	935	59	0
NG_066146.1	630	5	0
NG_059088.1	952	1	0
NG_059086.1	952	5	0
NG_058402.1	599	198	0
NG_066408.1	857	34	0
NG_057090.1	933	1	0
NG_066463.1	1995	10	0
NG_066462.1	564	1	0
NG_066405.1	957	13	0
NG_066387.1	1293	768	0
NG_066355.1	3249	9	0
NG_066354.1	3259	26	0
NG_066353.1	3102	12	0
NG_066351.1	3592	7	0
NG_066350.1	3251	9	0
NG_066349.1	3228	10	0
NG_066348.1	5042	42	0
NG_066345.1	1250	3	0
NG_066340.1	864	1	0
NG_066254.1	936	1	0
NG_066247.1	943	1	0
NG_066184.1	932	20	0
NG_066179.1	936	5	0
NG_066154.1	3243	91	0
NG_064597.1	869	3	0
NG_064595.1	864	1	0
NG_064589.1	894	3	0
NG_064588.1	888	1	0
NG_064587.1	863	57	0
NG_064584.1	865	36	0
NG_064574.1	873	1	0
NG_064572.1	856	1	0
NG_064571.1	885	1	0
NG_064570.1	860	14	0
NG_064566.1	855	16	0
NG_064561.1	869	1	0
NG_064560.1	832	4	0
NG_064559.1	878	12	0
NG_064556.1	869	8	0
NG_064500.1	846	1	0
NG_064499.1	866	1	0
NG_064473.1	883	1	0
NG_064472.1	886	3	0
NG_064439.1	967	4	0
NG_064438.1	952	38	0
NG_064437.1	950	3	0
NG_064436.1	948	10	0
NG_064435.1	941	2	0
NG_064434.1	956	1	0
NG_064433.1	956	1	0
NG_064491.1	661	3	0
NG_064489.1	1380	77	0
NG_064481.1	904	2	0
NG_064470.1	867	1	0
NG_064468.1	867	3	0
NG_064445.1	1383	16	0
NG_064444.1	1425	20	0
NG_064421.1	1239	25	0
NG_064418.1	1365	36	0
NG_064412.1	1344	1	0
NG_064411.1	1328	9	0
NG_064403.1	926	1	0
NG_064402.1	952	9	0
NG_064401.1	914	7	0
NG_064387.1	1374	4	0
NG_064386.1	1293	4	0
NG_064404.1	1120	5	0
NG_064365.1	936	1	0
NG_064355.1	1363	1	0
NG_064354.1	1374	8	0
NG_064353.1	927	2	0
NG_064339.1	898	2	0
NG_064331.1	875	1	0
NG_064330.1	860	1	0
NG_064329.1	918	3	0
NG_064327.1	888	1	0
NG_064315.1	2846	57	0
NG_064313.1	3248	6	0
NG_064312.1	3260	12	0
NG_064306.1	943	2	0
NG_064140.1	1327	1	0
NG_064095.1	914	4	0
NG_064059.1	940	1	0
NG_063987.1	962	2	0
NG_063948.1	1545	21	0
NG_063944.1	915	1	0
NG_059217.1	810	1	0
NG_055731.1	3250	9	0
NG_055729.1	1390	2	0
NG_055690.1	3298	7	0
NG_055395.1	3301	9	0
NG_055394.1	3280	13	0
NG_055393.1	3076	21	0
NG_055392.1	3308	9	0
NG_055391.1	3243	45	0
NG_055365.1	3272	12	0
NG_055364.1	3249	1	0
NG_055363.1	3282	4	0
NG_055362.1	3284	32	0
NG_055361.1	3290	25	0
NG_055360.1	3275	16	0
NG_055359.1	3238	11	0
NG_055358.1	3270	9	0
NG_055357.1	3238	13	0
NG_055353.1	4349	11	0
NG_055352.1	3285	58	0
NG_055351.1	4174	159	0
NG_055350.1	4553	78	0
NG_055349.1	4788	134	0
NG_055348.1	3265	133	0
NG_055347.1	3269	105	0
NG_055346.1	3282	43	0
NG_055345.1	3282	20	0
NG_055343.1	4469	11	0
NG_055342.1	3584	23	0
NG_055341.1	4578	18	0
NG_055340.1	3718	10	0
NG_055339.1	3244	36	0
NG_055338.1	3260	46	0
NG_055337.1	3664	22	0
NG_055336.1	3678	14	0
NG_055335.1	3265	19	0
NG_055334.1	3253	12	0
NG_055333.1	3659	82	0
NG_055332.1	4949	70	0
NG_055331.1	3244	4	0
NG_055330.1	3264	3	0
NG_055329.1	3257	16	0
NG_055328.1	3242	29	0
NG_055324.1	3258	39	0
NG_055323.1	3246	12	0
NG_055322.1	3207	29	0
NG_055321.1	3258	254	0
NG_055320.1	3198	10	0
NG_055319.1	3205	5	0
NG_055214.1	3242	31	0
NG_055213.1	3241	56	0
NG_055211.1	3223	13	0
NG_055210.1	3242	31	0
NG_055202.1	3279	6	0
NG_055200.1	3260	8	0
NG_055199.1	3257	20	0
NG_055198.1	3257	9	0
NG_055197.1	3257	11	0
NG_055196.1	3231	21	0
NG_055195.1	3227	35	0
NG_055194.1	3225	20	0
NG_055193.1	3277	13	0
NG_055192.1	3278	48	0
NG_055191.1	3259	23	0
NG_055190.1	3270	61	0
NG_055189.1	4208	21	0
NG_055188.1	3269	24	0
NG_055187.1	3262	21	0
NG_055186.1	4439	20	0
NG_055185.1	3292	138	0
NG_055184.1	4689	43	0
NG_055183.1	3249	16	0
NG_055181.1	3663	19	0
NG_055180.1	3038	8	0
NG_055179.1	3231	6	0
NG_055160.1	3278	19	0
NG_055159.1	3273	8	0
NG_055158.1	3282	12	0
NG_055157.1	3242	37	0
NG_055156.1	3243	27	0
NG_055154.1	3178	45	0
NG_055153.1	3180	11	0
NG_055152.1	3235	36	0
NG_055151.1	3237	40	0
NG_055150.1	3233	29	0
NG_055149.1	3181	31	0
NG_055148.1	3210	30	0
NG_055147.1	3187	32	0
NG_055146.1	3191	50	0
NG_055145.1	3229	30	0
NG_055144.1	3234	24	0
NG_055143.1	3234	43	0
NG_055142.1	3232	35	0
NG_055141.1	3211	57	0
NG_055140.1	3227	31	0
NG_055139.1	3226	29	0
NG_055138.1	3237	17	0
NG_055137.1	3230	27	0
NG_055135.1	3191	16	0
NG_055134.1	3232	20	0
NG_055133.1	3242	14	0
NG_055132.1	3238	19	0
NG_055131.1	3229	18	0
NG_055130.1	3258	11	0
NG_055129.1	3263	10	0
NG_055128.1	3209	13	0
NG_055127.1	3214	21	0
NG_055126.1	3270	7	0
NG_055125.1	3197	11	0
NG_055124.1	3321	6	0
NG_055122.1	3218	14	0
NG_055121.1	3218	18	0
NG_055120.1	3219	12	0
NG_055119.1	3220	10	0
NG_055118.1	3231	6	0
NG_055117.1	3208	26	0
NG_055116.1	3240	21	0
NG_055115.1	3233	7	0
NG_055114.1	3234	13	0
NG_055113.1	3252	8	0
NG_055112.1	3197	11	0
NG_055111.1	3199	17	0
NG_055110.1	3197	17	0
NG_055108.1	3166	33	0
NG_055107.1	3195	131	0
NG_055106.1	3199	15	0
NG_055105.1	3199	24	0
NG_055104.1	3231	32	0
NG_055103.1	3169	15	0
NG_055102.1	3166	10	0
NG_055101.1	3159	20	0
NG_055100.1	3162	16	0
NG_055099.1	3160	9	0
NG_055098.1	3098	1086	0
NG_055097.1	3158	154	0
NG_055096.1	3157	27	0
NG_055065.1	574	2	0
NG_055063.1	3297	10	0
NG_055048.1	3213	8	0
NG_055036.1	3309	8	0
NG_055033.1	3315	5	0
NG_055032.1	3315	10	0
NG_055031.1	3301	17	0
NG_055030.1	3272	16	0
NG_055029.1	3277	5	0
NG_055028.1	3276	6	0
NG_054831.1	3230	7	0
NG_054830.1	3198	5	0
NG_054819.1	3183	6	0
NG_054805.1	3284	13	0
NG_054804.1	3284	10	0
NG_042695.1	1789	1022	0
NG_042694.1	1788	1736	0
NG_042693.1	1795	501	0
NG_042692.1	1781	1835	0
NG_042660.1	965	1	0
NG_042649.1	3385	528	0
NG_042648.1	3094	390	0
NG_042647.1	3263	97	0
NG_042646.1	3262	9	0
NG_042645.1	3222	4	0
NG_042644.1	3246	7	0
NG_042643.1	3234	3	0
NG_042642.1	3219	9	0
NG_042641.1	3217	13	0
NG_042640.1	3261	21	0
NG_042639.1	3266	8	0
NG_042638.1	3255	27	0
NG_042637.1	3256	22	0
NG_042636.1	3260	17	0
NG_042635.1	3259	18	0
NG_042634.1	3260	7	0
NG_042633.1	3251	18	0
NG_042632.1	3253	21	0
NG_042631.1	3199	447	0
NG_042630.1	3271	26	0
NG_042629.1	3279	25	0
NG_042628.1	3278	6	0
NG_042627.1	3243	7	0
NG_042626.1	3266	4	0
NG_042625.1	3278	5	0
NG_042624.1	3282	16	0
NG_042623.1	3284	7	0
NG_042622.1	3312	72	0
NG_042621.1	3298	7	0
NG_042610.1	1350	1	0
NG_042608.1	1349	4	0
NG_042607.1	1350	13	0
NG_042596.1	1423	159	0
NG_042589.1	1287	1	0
NG_042588.1	1291	1	0
NG_042579.1	871	1	0
NG_042570.1	1429	6	0
NG_042566.1	1428	1	0
NG_042565.1	1356	1	0
NG_042563.1	1428	1	0
NG_042553.1	1424	1	0
NG_042548.1	1428	1	0
NG_042547.1	1429	3	0
NG_042545.1	916	1	0
NG_042542.1	1372	64	0
NG_042540.1	1406	2	0
NG_042538.1	1429	1	0
NG_042528.1	3268	30	0
NG_042527.1	2990	27	0
NG_042524.1	3678	150	0
NG_042523.1	1395	9	0
NG_042521.1	1769	11	0
NG_042480.1	600	8	0
NG_042479.1	1102	3	0
NG_042478.1	1074	3	0
NG_042464.1	1371	68	0
NG_042446.1	3238	329	0
NG_042445.1	3211	11	0
NG_042444.1	3212	22	0
NG_042439.1	3260	5	0
NG_042438.1	3251	6	0
NG_042437.1	3261	14	0
NG_042436.1	3619	81	0
NG_042435.1	3255	74	0
NG_042434.1	3255	82	0
NG_042433.1	3807	84	0
NG_042432.1	3271	6	0
NG_042431.1	3710	10	0
NG_042430.1	3687	7	0
NG_042429.1	3701	5	0
NG_042428.1	3250	7	0
NG_042427.1	3256	3	0
NG_042426.1	3256	8	0
NG_042425.1	4685	7	0
NG_042424.1	3235	13	0
NG_042415.1	3162	87	0
NG_042414.1	3334	118	0
NG_042408.1	1370	1	0
NG_042338.1	1292	1	0
NG_042332.1	1282	1	0
NG_027648.1	3459	295	0
NG_027646.1	2771	279	0
NG_027645.1	3237	17	0
NG_027634.1	1184	2	0
NG_027618.1	3799	617	0
NG_027616.1	3270	146	0
NG_027613.1	3188	192	0
NG_027568.1	1157	132	0
NG_027567.1	3255	1415	0
NG_027564.1	3237	123	0
NG_027561.1	3189	201	0
NG_027560.1	4318	254	0
NG_060249.1	3172	265	0
NG_060069.1	3174	129	0
NG_060067.1	984	33	0
NG_059912.1	958	29	0
NG_059518.1	3062	138	0
NG_059517.1	3072	252	0
NG_060630.1	1399	4	0
NG_027623.1	3134	98	0
NG_060251.1	2970	132	0
NG_060250.1	3180	33	0
NG_060831.1	862	6	0
NG_060818.1	907	1	0
NG_060795.1	1381	2	0
NG_060689.1	1373	4	0
NG_060688.1	1289	80	0
NG_060686.1	920	1	0
NG_060685.1	1322	3	0
NG_060684.1	1459	6	0
NG_060677.1	932	1	0
NG_060676.1	860	3	0
NG_060671.1	865	1	0
NG_060665.1	971	9	0
NG_060656.1	959	82	0
NG_060655.1	961	638	0
NG_060654.1	964	226	0
NG_060650.1	1341	3	0
NG_060649.1	1335	8	0
NG_060648.1	1329	12	0
NG_060646.1	1338	15	0
NG_060645.1	1359	13	0
NG_060642.1	1319	7	0
NG_060639.1	1148	2	0
NG_060638.1	1366	4	0
NG_060637.1	1364	102	0
NG_060635.1	1354	2	0
NG_060624.1	1412	4	0
NG_060621.1	886	32	0
NG_060153.1	1392	276	0
NG_057277.1	924	4	0
NG_060398.1	1295	10	0
NG_060397.1	1242	16	0
NG_060429.1	1402	4	0
NG_060425.1	1296	3	0
NG_060423.1	1292	6	0
NG_060420.1	2073	111	0
NG_060417.1	1356	2	0
NG_060415.1	870	8	0
NG_060414.1	910	1	0
NG_060410.1	877	2	0
NG_060405.1	1451	10	0
NG_060402.1	1045	15	0
NG_060400.1	2969	213	0
NG_060393.1	743	1	0
NG_060391.1	1043	1	0
NG_060387.1	977	1	0
NG_060381.1	3260	21	0
NG_060380.1	3253	26	0
NG_060379.1	3075	28	0
NG_060362.1	704	2	0
NG_060355.1	651	3	0
NG_060346.1	1349	1	0
NG_060344.1	1358	10	0
NG_060338.1	1386	1	0
NG_060335.1	874	1	0
NG_060310.1	1384	25	0
NG_060304.1	1397	3	0
NG_060302.1	835	1	0
NG_060298.1	1350	1	0
NG_060287.1	912	1	0
NG_060284.1	900	60	0
NG_060267.1	1118	62	0
NG_060258.1	862	30	0
NG_060240.1	734	1	0
NG_060179.1	1392	5	0
NG_060178.1	1379	4	0
NG_060177.1	888	3	0
NG_060163.1	1393	4	0
NG_060161.1	1355	4	0
NG_060159.1	1795	1	0
NG_060152.1	756	1	0
NG_060151.1	865	1	0
NG_060147.1	875	37	0
NG_060133.1	927	3	0
NG_060130.1	1347	3	0
NG_060129.1	1341	2	0
NG_060128.1	1345	2	0
NG_060114.1	1381	6	0
NG_060102.1	1387	4	0
NG_060101.1	1387	4	0
NG_060100.1	1377	6	0
NG_060096.1	1449	1	0
NG_060095.1	1442	2	0
NG_060075.1	3083	7	0
NG_060074.1	3061	8	0
NG_060072.1	886	15	0
NG_060068.1	819	34	0
NG_060064.1	1074	8	0
NG_060022.1	1408	37	0
NG_060017.1	938	5	0
NG_060016.1	1315	2	0
NG_060013.1	1204	42	0
NG_060012.1	1339	2	0
NG_060003.1	1361	6	0
NG_059996.1	967	2	0
NG_059975.1	871	1	0
NG_059972.1	818	1	0
NG_059970.1	1364	3	0
NG_059948.1	1386	1	0
NG_059947.1	1342	9	0
NG_059916.1	3265	16	0
NG_059915.1	3254	49	0
NG_059905.1	935	1	0
NG_055326.1	3221	3	0
NG_059854.1	842	1	0
NG_059841.1	901	8	0
NG_059828.1	902	1	0
NG_059700.1	849	1	0
NG_059687.1	903	1	0
NG_059683.1	984	2	0
NG_059647.1	987	3	0
NG_059635.1	840	1	0
NG_059627.1	845	1	0
NG_059625.1	838	1	0
NG_059622.1	840	1	0
NG_059606.1	901	1	0
NG_059605.1	1306	15	0
NG_059538.1	961	9	0
NG_059526.1	874	1	0
NG_059525.1	874	1	0
NG_059506.1	866	3	0
NG_059499.1	1405	8	0
NG_059465.1	872	70	0
NG_059464.1	871	1	0
NG_059445.1	1071	26	0
NG_059434.1	1398	2	0
NG_059406.1	1304	1	0
NG_059389.1	1302	1	0
NG_055327.1	3211	42	0
NG_055325.1	3224	252	0
NG_042330.1	1285	2	0
NG_059268.1	1371	1	0
NG_059266.1	889	19	0
NG_059265.1	888	738	0
NG_059218.1	859	1	0
NG_059212.1	920	3	0
NG_059179.1	935	1	0
NG_059156.1	963	1	0
NG_059154.1	655	2	0
NG_059153.1	935	2	0
NG_059148.1	932	1	0
NG_059112.1	1320	4	0
NG_059106.1	1150	2	0
NG_059105.1	1154	1	0
NG_059099.1	919	1	0
NG_059076.1	3295	139	0
NG_059067.1	628	2	0
NG_059061.1	1289	1	0
NG_059042.1	892	170	0
NG_059034.1	1315	1	0
NG_059026.1	985	5	0
NG_058990.1	938	1	0
NG_058981.1	837	1	0
NG_058953.1	1386	4	0
NG_058951.1	1314	5	0
NG_058950.1	1305	13	0
NG_058940.1	859	2	0
NG_058939.1	858	2	0
NG_058937.1	1255	2	0
NG_058936.1	1393	12	0
NG_058931.1	1305	18	0
NG_058918.1	819	1	0
NG_058908.1	2165	6	0
NG_058885.1	921	1	0
NG_058868.1	1397	11	0
NG_058856.1	1400	15	0
NG_058845.1	1372	2	0
NG_058816.1	1274	12	0
NG_058804.1	952	1	0
NG_058801.1	953	226	0
NG_058799.1	955	4	0
NG_058797.1	902	1	0
NG_058796.1	933	1	0
NG_058795.1	942	1	0
NG_058794.1	940	1	0
NG_058793.1	954	2	0
NG_058792.1	938	2	0
NG_058789.1	956	1	0
NG_058788.1	949	1	0
NG_058786.1	951	4	0
NG_058783.1	955	2	0
NG_058782.1	3290	185	0
NG_058776.1	1407	159	0
NG_058755.1	3255	6	0
NG_058754.1	3255	11	0
NG_058753.1	3262	6	0
NG_058752.1	3250	7	0
NG_058751.1	3250	5	0
NG_058750.1	3254	4	0
NG_058749.1	3258	11	0
NG_058748.1	3257	11	0
NG_058747.1	3273	15	0
NG_058746.1	1459	2	0
NG_058742.1	1427	4	0
NG_058701.1	684	45	0
NG_058684.1	906	4	0
NG_058683.1	890	1	0
NG_058677.1	1329	2	0
NG_058660.1	633	1	0
NG_058630.1	3329	6	0
NG_058629.1	3261	8	0
NG_058628.1	3336	33	0
NG_058606.1	1385	1	0
NG_058599.1	934	2	0
NG_058597.1	1342	11	0
NG_058595.1	842	3	0
NG_058593.1	870	120	0
NG_058591.1	871	1	0
NG_058590.1	871	1	0
NG_058589.1	870	1	0
NG_058587.1	871	1	0
NG_058585.1	882	1	0
NG_058581.1	1338	6	0
NG_058580.1	1339	3	0
NG_058579.1	1341	1	0
NG_058576.1	885	8	0
NG_058575.1	885	5	0
NG_058574.1	885	10	0
NG_058573.1	885	6	0
NG_058571.1	859	1	0
NG_058548.1	1425	30	0
NG_058542.1	1413	1	0
NG_058431.1	917	1	0
NG_058403.1	978	14	0
NG_058401.1	678	5	0
NG_058385.1	714	1	0
NG_058382.1	945	2	0
NG_058374.1	591	1	0
NG_058352.1	658	87	0
NG_058350.1	639	7	0
NG_058345.1	680	2	0
NG_058318.1	931	3	0
NG_058240.1	798	1	0
NG_058198.1	1205	13	0
NG_058164.1	848	1	0
NG_058157.1	1350	4	0
NG_058156.1	1350	3	0
NG_058034.1	1067	1	0
NG_058033.1	1067	2	0
NG_058032.1	1066	2	0
NG_058031.1	1067	2	0
NG_058028.1	1843	5	0
NG_058016.1	1324	1	0
NG_058012.1	1343	4	0
NG_057971.1	1434	1	0
NG_057963.1	848	1	0
NG_057910.1	954	55	0
NG_057902.1	1430	6	0
NG_057897.1	1429	5	0
NG_057880.1	588	3	0
NG_057879.1	586	3	0
NG_057859.1	1281	1	0
NG_057855.1	3279	1035	0
NG_057854.1	4009	107	0
NG_057848.1	3299	158	0
NG_057796.1	1367	4	0
NG_057793.1	888	4	0
NG_057777.1	3283	120	0
NG_057774.1	3286	216	0
NG_057772.1	3296	152	0
NG_057771.1	1720	6	0
NG_057760.1	669	2	0
NG_057725.1	1305	2	0
NG_057705.1	582	1	0
NG_057662.1	627	5	0
NG_057648.1	625	1	0
NG_057283.1	899	1	0
NG_057280.1	782	2	0
NG_057273.1	1429	18	0
NG_057272.1	1389	13	0
NG_057270.1	1434	22	0
NG_057269.1	1437	6	0
NG_057268.1	1424	84	0
NG_057267.1	1395	32	0
NG_057266.1	1431	17	0
NG_057265.1	1418	15	0
NG_057264.1	1360	5	0
NG_057262.1	1396	14	0
NG_057261.1	1397	6	0
NG_057258.1	1358	17	0
NG_057257.1	1429	24	0
NG_057256.1	1387	4	0
NG_057255.1	1384	22	0
NG_057254.1	944	1	0
NG_057253.1	936	1	0
NG_057252.1	1364	36	0
NG_057249.1	1389	22	0
NG_057247.1	1403	79	0
NG_057246.1	1427	88	0
NG_057245.1	1436	71	0
NG_057244.1	1389	18	0
NG_057243.1	1448	13	0
NG_057242.1	1301	14	0
NG_057241.1	1387	19	0
NG_057240.1	1419	9	0
NG_057239.1	1389	14	0
NG_057238.1	1442	17	0
NG_057237.1	1028	5	0
NG_057236.1	1395	7	0
NG_057235.1	1351	26	0
NG_057234.1	1389	15	0
NG_057228.1	906	1	0
NG_057227.1	1429	89	0
NG_057226.1	1386	29	0
NG_057225.1	1381	5	0
NG_057223.1	1398	4	0
NG_057222.1	1352	19	0
NG_057221.1	1424	19	0
NG_057220.1	1312	19	0
NG_057219.1	1363	7	0
NG_057218.1	1429	15	0
NG_057217.1	1397	26	0
NG_057216.1	1361	11	0
NG_057215.1	1420	22	0
NG_057214.1	1385	42	0
NG_057213.1	1426	13	0
NG_057212.1	1383	21	0
NG_057211.1	939	2	0
NG_057210.1	1421	243	0
NG_057209.1	1386	29	0
NG_057208.1	1428	18	0
NG_057207.1	929	3	0
NG_057206.1	1422	17	0
NG_057205.1	1387	13	0
NG_057204.1	1385	16	0
NG_057203.1	1425	17	0
NG_057202.1	1385	16	0
NG_057201.1	1354	15	0
NG_057199.1	1425	84	0
NG_057198.1	1421	23	0
NG_057197.1	1433	15	0
NG_057195.1	1432	375	0
NG_057194.1	884	104	0
NG_057193.1	1442	72	0
NG_057191.1	1427	18	0
NG_057190.1	1430	144	0
NG_057189.1	1430	22	0
NG_057178.1	3253	8	0
NG_057177.1	3253	16	0
NG_057176.1	3254	2	0
NG_057175.1	3254	3	0
NG_057174.1	3258	3	0
NG_057173.1	3254	3	0
NG_057172.1	3250	4	0
NG_057171.1	3249	1	0
NG_057170.1	3251	26	0
NG_057169.1	3256	22	0
NG_057168.1	3253	22	0
NG_057167.1	3255	15	0
NG_057166.1	3259	19	0
NG_057165.1	3261	13	0
NG_057164.1	3255	25	0
NG_057163.1	3282	32	0
NG_057162.1	3299	17	0
NG_057161.1	3264	2	0
NG_057160.1	3267	14	0
NG_057159.1	3267	24	0
NG_057158.1	3273	11	0
NG_057145.1	715	3	0
NG_057107.1	878	1	0
NG_057106.1	873	2	0
NG_057098.1	1344	2	0
NG_057072.1	839	2	0
NG_057067.1	1349	1412	0
NG_057065.1	1388	1	0
NG_057062.1	1454	100	0
NG_057061.1	1442	194	0
NG_057060.1	1452	1	0
NG_057058.1	1382	1	0
NG_057053.1	808	1	0
NG_057043.1	1392	20	0
NG_057042.1	968	43	0
NG_057041.1	1388	7	0
NG_057033.1	794	1	0
NG_057032.1	858	16	0
NG_057020.1	1309	71	0
NG_057015.1	1389	2	0
NG_056999.1	988	14	0
NG_056996.1	924	1	0
NG_056968.1	3289	172	0
NG_056956.1	619	45	0
NG_056938.1	845	1	0
NG_056278.1	3263	760	0
NG_056269.1	628	75	0
