NR_177880.1	1463	2	0
NR_177876.1	1455	1	0
NR_177868.1	1160	1	0
NR_177862.1	1462	1	0
NR_177748.1	1481	1	0
NR_177744.1	1481	1	0
NR_177688.1	1471	1	0
NR_177681.1	1146	1	0
NR_177671.1	1462	1	0
NR_177668.1	1442	1	0
NR_177015.1	1164	1	0
NR_174292.1	1481	1	0
NR_145527.1	1552	3	0
NR_115816.1	1408	1	0
NR_113179.1	1461	1	0
NR_176804.1	1504	10	0
NR_176589.1	1435	1	0
NR_176553.1	1500	1	0
NR_176529.1	1530	1	0
NR_176521.1	1480	2	0
NR_176519.1	1407	2	0
NR_176510.1	1500	1	0
NR_176501.1	1471	16	0
NR_176493.1	640	1	0
NR_175589.1	1523	1	0
NR_175584.1	1536	3	0
NR_175583.1	1535	4	0
NR_175566.1	1500	1	0
NR_175565.1	1470	1	0
NR_175563.1	1539	1	0
NR_175554.1	1406	1	0
NR_175511.1	1487	1	0
NR_175486.1	1477	1	0
NR_175464.1	1395	2	0
NR_175451.1	1257	25	0
NR_175448.1	1440	1	0
NR_175430.1	1457	3	0
NR_175421.1	1441	2	0
NR_169460.1	1438	194	0
NR_165768.1	1462	10	0
NR_157983.1	1420	1	0
NR_156853.1	1451	5	0
NR_153733.1	1380	3	0
NR_152090.1	1498	11	0
NR_151929.1	1469	3	0
NR_146362.2	1485	7	0
NR_146667.2	1522	40	0
NR_149294.1	1476	1	0
NR_148578.1	1408	63	0
NR_146371.1	1299	1	0
NR_145895.1	1461	4	0
NR_145886.1	1473	1	0
NR_134140.1	1419	19	0
NR_133711.1	1437	1	0
NR_126210.1	1405	35	0
NR_125691.1	1419	6	0
NR_125600.1	1499	7	0
NR_119370.1	1484	26	0
NR_118913.1	1458	1	0
NR_118835.1	1449	1	0
NR_118636.1	1418	25	0
NR_118141.1	1493	2	0
NR_117627.1	1530	1	0
NR_117232.1	1529	140	0
NR_117055.1	1401	1	0
NR_116851.1	1517	1	0
NR_116757.1	1387	15	0
NR_116497.1	1460	1	0
NR_116108.1	1432	1	0
NR_116009.1	1460	1	0
NR_115659.1	1405	3	0
NR_114713.1	1500	20	0
NR_114417.1	1501	1	0
NR_114086.1	1476	1	0
NR_113861.1	1408	2	0
NR_113653.1	1462	82	0
NR_112785.1	1503	1	0
NR_112065.1	1511	81	0
NR_104755.1	1473	2	0
NR_044848.2	1466	1	0
NR_108487.1	1452	4	0
NR_102769.1	1524	1	0
NR_075007.1	1555	1	0
NR_074910.1	1544	1178	0
NR_074854.1	1538	1	0
NR_074799.1	1534	7	0
NR_044450.1	1408	3	0
NR_044415.1	1403	40	0
NR_043872.1	1480	2	0
NR_043757.1	1524	1	0
NR_043591.1	1474	5	0
NR_042588.1	1388	1	0
NR_042584.1	1527	1	0
NR_041959.1	1486	1	0
NR_040991.1	1479	38	0
NR_040799.1	1505	78	0
NR_044295.1	1541	1	0
NR_037000.1	1492	79	0
NR_036861.1	1464	1	0
NR_029266.1	1526	1	0
NR_028894.1	1505	30	0
NR_028810.1	1506	1	0
NR_028689.1	1517	1	0
NR_028658.1	1556	1	0
NR_027575.1	1540	1	0
NR_026039.1	1454	1	0
NR_174322.1	1485	2	0
NR_174302.1	1532	3	0
NR_174300.1	1538	7	0
NR_174287.1	1366	1	0
NR_174258.1	1528	67	0
NR_174230.1	1485	4	0
NR_174202.1	1490	3	0
NR_174193.1	1524	2	0
NR_173686.1	1391	2	0
NR_173683.1	1395	1	0
NR_173682.1	1389	2	0
NR_173681.1	1523	7	0
NR_173673.1	1447	6	0
NR_173669.1	1455	3	0
NR_173646.1	1464	1	0
NR_173627.1	1535	1	0
NR_173626.1	1459	1	0
NR_173610.1	1543	26	0
NR_173587.1	1528	39	0
NR_173586.1	1523	34	0
NR_173585.1	1525	21	0
NR_173584.1	1533	24	0
NR_173583.1	1533	21	0
NR_173582.1	1533	19	0
NR_173581.1	1526	35	0
NR_173580.1	1529	22	0
NR_173579.1	1504	33	0
NR_173578.1	1523	24	0
NR_173577.1	1524	28	0
NR_173576.1	1523	24	0
NR_173575.1	1525	33	0
NR_173574.1	1515	25	0
NR_173572.1	1546	24	0
NR_173571.1	1546	34	0
NR_173567.1	1532	20	0
NR_173566.1	1522	20	0
NR_173565.1	1518	25	0
NR_173564.1	1528	27	0
NR_173563.1	1528	23	0
NR_173562.1	1535	28	0
NR_173561.1	1507	23	0
NR_173559.1	1534	35	0
NR_173558.1	1542	26	0
NR_173557.1	1526	20	0
NR_173555.1	1497	25	0
NR_173554.1	1520	34	0
NR_173552.1	1527	13	0
NR_026538.1	1497	1	0
NR_172579.1	1498	1	0
NR_171524.1	1497	16	0
NR_171515.1	1463	6	0
NR_171514.1	1508	10	0
NR_171510.1	1500	73	0
NR_171508.1	1487	6	0
NR_171504.1	1524	1	0
NR_171503.1	1524	1	0
NR_171494.1	1371	1	0
NR_171482.1	1492	1	0
NR_171428.1	1395	2	0
NR_171417.1	1078	49	0
NR_170527.1	1485	1	0
NR_170524.1	1485	1	0
NR_170522.1	1485	1	0
NR_170518.1	1485	1	0
NR_170517.1	1485	1	0
NR_170515.1	1485	1	0
NR_170506.1	1499	1	0
NR_170494.1	1576	2	0
NR_170488.1	1515	1	0
NR_170465.1	1412	91	0
NR_170464.1	1456	1	0
NR_170438.1	1491	175	0
NR_170428.1	1500	339	0
NR_170426.1	1462	24	0
NR_170414.1	1361	1	0
NR_170492.1	1504	4	0
NR_170476.1	1544	1	0
NR_170430.1	1492	2	0
NR_169498.1	1540	5	0
NR_169495.1	1459	1619	0
NR_169492.1	1457	2	0
NR_169491.1	1355	1	0
NR_169476.1	1536	683	0
NR_169468.1	1495	12	0
NR_169448.1	1465	17	0
NR_169429.1	1526	343	0
NR_169411.1	1525	1485	0
NR_169366.1	1460	22	0
NR_169334.1	1500	2498	0
NR_169333.1	1500	35	0
NR_169332.1	1532	36	0
NR_169331.1	1532	30	0
NR_169330.1	1532	28	0
NR_169329.1	1540	29	0
NR_169328.1	1536	27	0
NR_169320.1	1521	27	0
NR_169447.1	1533	6	0
NR_169446.1	1533	6	0
NR_169425.1	1325	1	0
NR_169402.1	1530	4	0
NR_169327.1	1535	35	0
NR_169326.1	1534	32	0
NR_169319.1	1506	2	0
NR_165788.1	1473	3	0
NR_165776.1	1493	1	0
NR_165748.1	1538	11444	0
NR_165712.1	1564	7	0
NR_165706.1	1533	20	0
NR_165695.1	1475	2	0
NR_165691.1	1405	1	0
NR_165666.1	1580	5	0
NR_165023.1	1424	1	0
NR_165014.1	1472	2	0
NR_165003.1	1456	2	0
NR_165002.1	1534	1	0
NR_164983.1	1547	1	0
NR_164973.1	1422	2	0
NR_164945.1	1480	2	0
NR_164937.1	1409	2	0
NR_164887.1	1521	1	0
NR_164619.1	1418	4	0
NR_164627.1	1466	2	0
NR_164626.1	1481	292	0
NR_164618.1	1528	1	0
NR_163658.1	1455	1	0
NR_163651.1	1449	12	0
NR_163604.1	1490	2	0
NR_159926.1	1530	2	0
NR_159925.1	1530	66	0
NR_159318.1	1456	80	0
NR_159317.1	1454	40	0
NR_159313.1	1497	1	0
NR_159311.1	1453	1	0
NR_159301.1	1266	2275	0
NR_159299.1	1452	7	0
NR_159277.1	1442	1	0
NR_159255.1	1542	31	0
NR_159250.1	1459	8	0
NR_159236.1	1515	1	0
NR_159235.1	1503	15	0
NR_159232.1	1455	23	0
NR_159221.1	1420	10	0
NR_159166.1	1466	1	0
NR_159119.1	1502	328	0
NR_159101.1	1500	6646	0
NR_159098.1	1394	35	0
NR_159097.1	1431	1	0
NR_159089.1	1409	1	0
NR_159086.1	1534	23	0
NR_159085.1	1542	120	0
NR_159084.1	1542	36	0
NR_159083.1	1542	35	0
NR_158143.1	1524	1	0
NR_158050.1	1420	27	0
NR_157990.1	1439	1	0
NR_157778.1	1537	3018	0
NR_157777.1	1531	10927	0
NR_157760.1	1455	1	0
NR_157698.1	1509	1	0
NR_157658.1	1535	1	0
NR_157602.1	1551	1	0
NR_157018.1	1420	2	0
NR_157009.1	1411	6	0
NR_157004.1	1473	1	0
NR_156991.1	1428	3	0
NR_156989.1	1539	2	0
NR_156939.1	1526	2	0
NR_156931.1	1281	2	0
NR_156930.1	1368	1	0
NR_156914.1	1439	27	0
NR_156901.1	1544	1	0
NR_156869.1	1478	1	0
NR_156852.1	1415	285	0
NR_156846.1	1455	1	0
NR_156815.1	1539	1484	0
NR_156087.1	1447	6	0
NR_153752.1	1543	20	0
NR_153747.1	1539	1	0
NR_153736.1	1415	1	0
NR_153720.1	1409	1	0
NR_153719.1	1258	2	0
NR_153665.1	1439	1	0
NR_153664.1	1532	2	0
NR_152720.1	1464	2	0
NR_152710.1	1412	99	0
NR_152697.1	1532	1	0
NR_152639.1	1423	589	0
NR_152631.1	1547	6	0
NR_152630.1	1547	5	0
NR_152629.1	1547	5	0
NR_152628.1	1547	6	0
NR_152082.1	1526	2	0
NR_152002.1	1455	1	0
NR_151951.1	1403	1	0
NR_151935.1	1486	1	0
NR_151916.1	1489	883	0
NR_151914.1	1426	1	0
NR_151905.1	1515	2	0
NR_136501.2	1537	3117	0
NR_074335.2	1488	5	0
NR_075004.2	1552	1	0
NR_102489.2	1489	1	0
NR_118693.2	1489	1	0
NR_149824.1	1419	1	0
NR_149823.1	1425	271	0
NR_149822.1	1416	1284	0
NR_149804.1	1473	2	0
NR_149803.1	1485	1	0
NR_149302.1	1542	15	0
NR_149251.1	1413	1	0
NR_149231.1	1518	1	0
NR_149208.1	1503	2	0
NR_149201.1	1477	3	0
NR_148849.1	1463	4	0
NR_148843.1	1489	2	0
NR_148820.1	1348	66	0
NR_148766.1	1477	6	0
NR_148650.1	1454	15	0
NR_148649.1	1444	11	0
NR_148643.1	1523	1	0
NR_148598.1	1490	23	0
NR_148593.1	1447	1	0
NR_148570.1	1530	1	0
NR_148295.1	1458	1129	0
NR_148272.1	1424	1	0
NR_148251.1	1443	69	0
NR_147774.1	1528	43	0
NR_147758.1	1444	4	0
NR_147748.1	1461	1	0
NR_147738.1	1463	1	0
NR_147722.1	1461	1	0
NR_147393.1	1464	59	0
NR_146844.1	1444	1	0
NR_146827.1	1398	100	0
NR_146677.1	1452	24	0
NR_146676.1	1449	27	0
NR_146374.1	1335	1	0
NR_146372.1	1365	2	0
NR_146033.1	1499	1	0
NR_145922.1	1456	4	0
NR_145921.1	1456	3	0
NR_145885.1	1442	5	0
NR_145878.1	1540	2	0
NR_145647.1	1422	20	0
NR_145644.1	1453	1493	0
NR_145643.1	1438	1	0
NR_145570.1	1436	11	0
NR_145569.1	1390	6	0
NR_145552.1	1416	7	0
NR_145542.1	1405	1	0
NR_145528.1	1489	1	0
NR_144608.1	1485	1	0
NR_144604.1	1450	1	0
NR_137415.1	1494	17	0
NR_137410.1	1461	1	0
NR_137380.1	1502	23	0
NR_137377.1	1497	2	0
NR_137367.1	1472	1	0
NR_137366.1	1359	1	0
NR_137341.1	1376	1	0
NR_137333.1	1495	63	0
NR_137234.1	1459	3	0
NR_137215.1	1454	8252	0
NR_137207.1	1458	1	0
NR_136767.1	1461	3	0
NR_136473.1	1451	248	0
NR_136472.1	1504	8	0
NR_136450.1	1411	1	0
NR_136445.1	1501	252	0
NR_136429.1	1508	14	0
NR_135876.1	1451	1	0
NR_135871.1	1463	1	0
NR_135733.1	1448	1	0
NR_135703.1	1524	569	0
NR_135211.1	1462	3	0
NR_135210.1	1450	3	0
NR_135209.1	1383	1	0
NR_134830.1	1432	6	0
NR_134829.1	1484	8	0
NR_134826.1	1483	21	0
NR_134825.1	1445	26	0
NR_134795.1	1403	317	0
NR_134794.1	1441	22381	0
NR_134768.1	1433	1	0
NR_134684.1	1460	7	0
NR_134175.1	1457	1	0
NR_134150.1	1400	1	0
NR_134063.1	1462	23	0
NR_134020.1	1409	1	0
NR_133989.1	1385	1	0
NR_133967.1	1505	1	0
NR_133964.1	1445	1	0
NR_133954.1	1499	2	0
NR_133953.1	1404	1	0
NR_133878.1	1418	1	0
NR_133848.1	1414	1	0
NR_133844.1	1442	1	0
NR_133832.1	1466	1	0
NR_133828.1	1498	402	0
NR_133815.1	1366	7	0
NR_133785.1	1447	1	0
NR_133023.1	1459	27	0
NR_133020.1	1460	1	0
NR_132724.1	1396	158	0
NR_132713.1	1474	5	0
NR_132709.1	1503	1	0
NR_132708.1	1434	2	0
NR_132596.1	1456	17	0
NR_132395.1	1492	3	0
NR_132289.1	1439	1	0
NR_044847.4	1497	2	0
NR_126314.1	1546	1	0
NR_126260.1	1239	1	0
NR_126223.1	1456	25	0
NR_126220.1	1472	334	0
NR_126201.1	1429	1	0
NR_126199.1	1496	23	0
NR_126196.1	1463	1	0
NR_126182.1	1483	2	0
NR_126180.1	1453	1	0
NR_126172.1	1508	1	0
NR_125699.1	1344	4	0
NR_125698.1	1344	46	0
NR_125690.1	1459	1	0
NR_125638.1	1490	2	0
NR_125614.1	1444	1	0
NR_125602.1	1489	1	0
NR_125586.1	1404	2	0
NR_125574.1	1410	1	0
NR_125523.1	1529	76	0
NR_125461.1	1452	36	0
NR_118125.1	1453	1334	0
NR_122097.1	1239	81	0
NR_122085.1	1475	3	0
NR_122081.1	1480	21	0
NR_121793.1	1543	12	0
NR_121726.1	1500	2	0
NR_119223.1	1335	64	0
NR_118902.1	1484	1	0
NR_118872.1	1526	17	0
NR_118862.1	1484	1	0
NR_118764.1	1312	1	0
NR_118637.1	1524	4	0
NR_118629.1	1459	6	0
NR_118458.1	1442	59	0
NR_118432.1	1418	6	0
NR_118420.1	1498	6	0
NR_118348.1	1503	2	0
NR_118335.1	1395	16	0
NR_118333.1	1500	10	0
NR_118276.1	1476	1	0
NR_118155.1	1498	739	0
NR_118139.1	1350	1	0
NR_118138.1	1544	2	0
NR_118084.1	1471	1	0
NR_117931.1	1390	4	0
NR_117838.1	1459	20	0
NR_117827.1	1442	18	0
NR_117826.1	1442	212	0
NR_117825.1	1442	2447	0
NR_117824.1	1444	8582	0
NR_117823.1	1442	319	0
NR_117794.1	1424	22	0
NR_117770.1	1495	1	0
NR_117756.1	1441	1097	0
NR_117697.1	1516	13	0
NR_117615.1	1507	1	0
NR_117614.1	1508	1	0
NR_117552.1	1452	272	0
NR_117551.1	1504	4	0
NR_117547.1	1535	12	0
NR_117541.1	1457	1	0
NR_117518.1	1448	4	0
NR_117446.1	1406	57	0
NR_117437.1	1507	15	0
NR_117427.1	1523	1	0
NR_117420.1	1526	1	0
NR_117412.1	1463	1	0
NR_117304.1	1495	181	0
NR_117261.1	1454	1	0
NR_117230.1	1481	1	0
NR_117203.1	1371	1	0
NR_117186.1	1472	25	0
NR_117045.1	1404	1	0
NR_117041.1	1503	1	0
NR_117039.1	1461	1	0
NR_117022.1	1435	118	0
NR_116999.1	1413	17	0
NR_116969.1	1431	28	0
NR_116899.1	1496	1569	0
NR_116893.1	1463	1	0
NR_116867.1	1533	3	0
NR_116839.1	1290	9	0
NR_116791.1	1481	1	0
NR_116722.1	1418	1	0
NR_116708.1	1451	1	0
NR_116699.1	1455	1	0
NR_116676.1	1458	2	0
NR_116651.1	1528	338	0
NR_116646.1	1321	279	0
NR_116604.1	1422	13	0
NR_116590.1	1427	1	0
NR_116563.1	1394	1	0
NR_116560.1	1494	1	0
NR_116549.1	1421	1	0
NR_116537.1	1481	1	0
NR_116535.1	1401	4	0
NR_116437.1	1299	4	0
NR_116403.1	1426	16	0
NR_116301.1	1425	29	0
NR_116256.1	1506	1	0
NR_116237.1	1349	1	0
NR_116198.1	1378	1	0
NR_116123.1	1335	1	0
NR_116079.1	1368	1	0
NR_116070.1	1529	1	0
NR_116039.1	1460	5	0
NR_116035.1	1528	1	0
NR_116033.1	1481	15	0
NR_116008.1	1410	1	0
NR_116007.1	1412	1	0
NR_116005.1	1445	1	0
NR_115943.1	1425	42	0
NR_115922.1	1438	90	0
NR_115875.1	1516	2	0
NR_115874.1	1460	73	0
NR_115808.1	1501	2	0
NR_115804.1	1449	3	0
NR_115742.1	1378	1	0
NR_115739.1	1445	1	0
NR_115352.1	1415	1	0
NR_115336.1	1515	312	0
NR_115280.1	1441	1	0
NR_115279.1	1424	11	0
NR_115258.1	1533	1306	0
NR_115254.1	1443	1	0
NR_115225.1	1360	5	0
NR_115224.1	1363	5	0
NR_115191.1	1499	1	0
NR_115179.1	1396	1	0
NR_115178.1	1396	1	0
NR_115115.1	1501	1106	0
NR_115098.1	1463	2	0
NR_115009.1	1377	1	0
NR_114981.1	1391	1	0
NR_114957.1	1379	18	0
NR_114937.1	1513	1	0
NR_114911.1	1505	122	0
NR_114900.1	1468	6	0
NR_114749.1	1531	1573	0
NR_114695.1	1463	1	0
NR_114684.1	1491	1	0
NR_114612.1	1321	1	0
NR_114383.1	1414	1	0
NR_114312.1	1474	4	0
NR_113569.1	1478	1151	0
NR_113559.1	1303	1	0
NR_113387.1	1556	1	0
NR_113286.1	1348	1	0
NR_113219.1	1453	1	0
NR_113061.1	1467	10	0
NR_113007.1	1411	2	0
NR_112972.1	1483	6	0
NR_112918.1	1458	1	0
NR_112884.1	1455	2	0
NR_112808.1	1490	34	0
NR_112620.1	1525	2	0
NR_112091.1	1482	1	0
NR_109400.1	1551	1	0
NR_044675.2	1435	2	0
NR_108852.1	1465	1	0
NR_104937.1	1527	37	0
NR_104901.1	1515	34	0
NR_104894.1	1518	1	0
NR_104890.1	1469	16	0
NR_104828.1	1508	15	0
NR_104821.1	1460	1	0
NR_102494.1	1475	12	0
NR_074325.2	1535	1	0
NR_075034.1	1568	2	0
NR_074890.1	1542	2	0
NR_074872.1	1540	1	0
NR_074869.1	1539	211	0
NR_074804.1	1534	3	0
NR_074704.1	1527	3	0
NR_074687.1	1526	5	0
NR_074668.1	1524	1	0
NR_074666.1	1524	1	0
NR_074643.1	1523	1	0
NR_074597.1	1518	493	0
NR_074322.1	1490	1	0
NR_074294.1	1488	2	0
NR_074276.1	1482	4	0
NR_044930.1	1498	1	0
NR_044802.1	1470	1	0
NR_044794.1	1393	1	0
NR_044761.1	1503	2	0
NR_044751.1	1480	1	0
NR_044653.1	1486	1	0
NR_044439.1	1458	1	0
NR_044412.1	1479	1	0
NR_044390.1	1404	6	0
NR_044243.1	1491	1	0
NR_044209.1	1419	174	0
NR_044157.1	1371	1	0
NR_044095.1	1444	1	0
NR_044082.1	1486	1	0
NR_044075.1	1518	2	0
NR_044068.1	1492	1	0
NR_044061.1	1423	4	0
NR_044038.1	1480	1	0
NR_044027.1	1457	1	0
NR_043935.1	1528	380	0
NR_043918.1	1420	1	0
NR_043750.1	1356	26	0
NR_043731.1	1505	26	0
NR_043730.1	1456	4081	0
NR_043618.1	1478	1	0
NR_043552.1	1499	14	0
NR_043545.1	1441	4	0
NR_043536.1	1489	4	0
NR_043421.1	1526	65	0
NR_043289.1	1531	24	0
NR_043217.1	1498	1	0
NR_043193.1	1478	1	0
NR_043174.1	1403	73	0
NR_043115.1	1529	358	0
NR_043094.1	1526	3	0
NR_043068.1	1474	1	0
NR_043037.1	1483	1	0
NR_042984.1	1432	7	0
NR_042980.1	1400	46	0
NR_042975.1	1546	1	0
NR_042824.1	1453	2	0
NR_042749.1	1540	1	0
NR_042722.1	1366	1	0
NR_042636.1	1505	7	0
NR_042634.1	1502	4	0
NR_042633.1	1498	3	0
NR_042632.1	1502	2	0
NR_042392.1	1345	212	0
NR_042387.1	1516	3	0
NR_042071.1	1384	27	0
NR_042070.1	1384	21	0
NR_042050.1	1532	2144	0
NR_041785.1	1476	1	0
NR_041771.1	1452	1	0
NR_041697.1	1527	50	0
NR_041552.1	1487	4	0
NR_041365.1	1495	2	0
NR_041247.1	1458	12	0
NR_041032.1	1433	1	0
NR_040971.1	1426	1	0
NR_040966.1	1451	1	0
NR_044586.1	1461	1	0
NR_044569.1	1449	33	0
NR_044529.1	1464	65	0
NR_044528.1	1463	1	0
NR_044478.1	1416	1	0
NR_044284.1	1536	1	0
NR_044217.1	1540	1	0
NR_043968.1	1436	1	0
NR_043902.1	1508	3	0
NR_043878.1	1380	1	0
NR_043860.1	1450	10	0
NR_043788.1	1530	1	0
NR_043712.1	1455	1	0
NR_043653.1	1436	1	0
NR_043645.1	1480	1	0
NR_043617.1	1462	11	0
NR_043571.1	1424	1	0
NR_043570.1	1523	1	0
NR_043281.1	1522	1	0
NR_043197.1	1491	5	0
NR_043169.1	1485	1	0
NR_042846.1	1539	2	0
NR_036945.1	1406	1	0
NR_036811.1	1376	4	0
NR_036763.1	1482	1	0
NR_029243.1	1466	1	0
NR_028929.1	1528	55	0
NR_028875.1	1532	78	0
NR_027569.1	1488	3	0
NR_024882.1	1454	3	0
NR_024862.1	1521	35	0
NR_026382.1	1417	1	0
NR_026067.1	1474	1	0
NR_025972.1	1456	1102	0
NR_159179.1	1512	1	0
NR_159157.1	1531	22	0
NR_158122.1	1482	1	0
NR_157007.1	1458	2	0
NR_156987.1	1428	397	0
NR_156986.1	1428	462	0
NR_156984.1	1408	1	0
NR_156922.1	1500	1	0
NR_156052.1	1336	44	0
NR_152716.1	1483	7	0
NR_152635.1	1484	1	0
NR_152632.1	1483	1	0
NR_152016.1	1483	7	0
NR_152014.1	1483	1	0
NR_152013.1	1483	2	0
NR_152004.1	1526	4	0
NR_151933.1	1492	3	0
NR_102794.2	1543	21	0
NR_103934.2	1537	2517	0
NR_074354.2	1490	3	0
NR_074476.2	1503	1	0
NR_102493.2	1540	28	0
NR_149206.1	1472	1	0
NR_148767.1	1502	6	0
NR_148764.1	1525	259	0
NR_148763.1	1525	353	0
NR_148747.1	1521	33	0
NR_148575.1	1390	19	0
NR_148572.1	1503	24	0
NR_148331.1	1469	1	0
NR_148297.1	1455	2	0
NR_146846.1	1475	1	0
NR_145912.1	1252	1	0
NR_145860.1	1468	1	0
NR_145605.1	1484	2	0
NR_145604.1	1484	1	0
NR_145602.1	1484	2	0
NR_145599.1	1483	2	0
NR_145562.1	1512	22	0
NR_137272.1	1461	1	0
NR_136858.1	1496	1	0
NR_136855.1	1405	4	0
NR_136496.1	1443	1	0
NR_136495.1	1485	24	0
NR_136448.1	1456	19	0
NR_136437.1	1528	3	0
NR_136431.1	1404	27	0
NR_135894.1	1347	43	0
NR_135725.1	1483	356	0
NR_134807.1	1451	172	0
NR_134162.1	1442	2	0
NR_134120.1	1413	1	0
NR_133904.1	1551	1	0
NR_132692.1	1459	30	0
NR_132662.1	1454	1	0
NR_037064.2	1356	1	0
NR_126319.1	1531	15	0
NR_126318.1	1531	19	0
NR_126317.1	1532	22	0
NR_126305.1	1501	11	0
NR_126304.1	1501	12	0
NR_126303.1	1501	8	0
NR_126291.1	1344	44	0
NR_126208.1	1429	32	0
NR_117738.2	1528	5	0
NR_117737.2	1528	6	0
NR_125682.1	1162	1	0
NR_125649.1	985	3	0
NR_125611.1	1462	2	0
NR_125539.1	1428	16	0
NR_116992.1	1425	90	0
NR_122060.1	1541	4	0
NR_122059.1	1541	6	0
NR_122057.1	1544	6	0
NR_122050.1	1541	2	0
NR_121742.1	1542	7	0
NR_121737.1	1508	1	0
NR_121736.1	1491	1	0
NR_121733.1	1525	4447	0
NR_121709.1	1541	1	0
NR_121703.1	1542	12	0
NR_121702.1	1509	1	0
NR_119372.1	1484	29	0
NR_119371.1	1471	3	0
NR_119369.1	1485	2	0
NR_119368.1	1497	4	0
NR_119367.1	1497	14	0
NR_119366.1	1481	10	0
NR_119365.1	1498	5	0
NR_119364.1	1496	7	0
NR_119363.1	1484	54	0
NR_119362.1	1495	577	0
NR_119361.1	1497	361	0
NR_119360.1	1416	2	0
NR_119359.1	1417	1	0
NR_119357.1	1417	3	0
NR_119340.1	1436	248	0
NR_119279.1	1452	31	0
NR_119277.1	1452	17	0
NR_119256.1	1499	128	0
NR_119255.1	1239	9	0
NR_119248.1	1514	1	0
NR_119225.1	1492	20	0
NR_119220.1	1500	1	0
NR_119214.1	1401	30	0
NR_119186.1	1092	31	0
NR_119131.1	1200	27	0
NR_119130.1	1475	23	0
NR_119113.1	1460	5	0
NR_119109.1	1443	6	0
NR_119108.1	1539	20	0
NR_119083.1	1505	1	0
NR_119064.1	1486	1	0
NR_119063.1	1485	1	0
NR_119059.1	1464	1	0
NR_119058.1	1471	4	0
NR_119054.1	1488	3	0
NR_119053.1	1457	9	0
NR_119050.1	1467	2	0
NR_119049.1	1468	4	0
NR_119048.1	1457	31	0
NR_119005.1	1480	1	0
NR_118985.1	1435	1	0
NR_118969.1	1435	1	0
NR_118931.1	1482	5	0
NR_118928.1	1481	12	0
NR_118927.1	1482	9	0
NR_118925.1	1472	13	0
NR_118859.1	1457	13	0
NR_118858.1	1458	4	0
NR_118857.1	1457	11	0
NR_118856.1	1458	13	0
NR_118855.1	1457	10	0
NR_118854.1	1456	22	0
NR_118853.1	1502	72	0
NR_118798.1	1456	1095	0
NR_118762.1	1483	3	0
NR_118743.1	1476	1	0
NR_118742.1	1479	1	0
NR_118717.1	1474	1	0
NR_118704.1	1474	6	0
NR_118703.1	1473	1	0
NR_118670.1	1481	1	0
NR_118658.1	1495	2	0
NR_118656.1	1476	2	0
NR_118588.1	1459	14	0
NR_118571.1	1450	1	0
NR_118569.1	1368	4	0
NR_118568.1	1369	43	0
NR_118556.1	1376	16	0
NR_118537.1	1331	136	0
NR_118531.1	1494	90	0
NR_118487.1	1294	1	0
NR_118449.1	1438	42	0
NR_118443.1	1291	9	0
NR_118431.1	1493	2	0
NR_118423.1	1446	1	0
NR_118403.1	1309	1	0
NR_118402.1	1309	4	0
NR_118401.1	1309	2	0
NR_118400.1	1309	1	0
NR_118399.1	1309	1	0
NR_118394.1	1500	13	0
NR_118387.1	1439	6	0
NR_118364.1	1422	1	0
NR_118347.1	1535	18	0
NR_118328.1	1422	1	0
NR_118295.1	1531	17	0
NR_118294.1	1531	5	0
NR_118293.1	1531	2	0
NR_118292.1	1530	39	0
NR_118291.1	1530	32	0
NR_118273.1	1344	36	0
NR_118258.1	1458	3	0
NR_118256.1	1525	32	0
NR_118247.1	1500	1	0
NR_118228.1	1530	21	0
NR_118227.1	1530	13	0
NR_118226.1	1530	18	0
NR_118225.1	1530	28	0
NR_118224.1	1530	17	0
NR_118182.1	1354	1	0
NR_118143.1	1364	17	0
NR_118134.1	1494	2	0
NR_118127.1	1345	2	0
NR_118126.1	1345	1	0
NR_118122.1	1344	184	0
NR_118121.1	1344	78	0
NR_118120.1	1344	46	0
NR_118106.1	1494	26	0
NR_118105.1	1494	26	0
NR_118095.1	1471	3	0
NR_118093.1	1471	3	0
NR_118092.1	1471	4	0
NR_118091.1	1471	9	0
NR_118088.1	1443	8	0
NR_118087.1	1425	5	0
NR_118082.1	1124	3	0
NR_118080.1	1124	2	0
NR_118076.1	1124	1	0
NR_118075.1	1124	5	0
NR_118074.1	1124	2	0
NR_118070.1	1124	7	0
NR_118068.1	1124	1	0
NR_118064.1	1126	1	0
NR_118063.1	1124	2	0
NR_118061.1	1124	3	0
NR_118058.1	1124	1	0
NR_118057.1	1124	5	0
NR_118053.1	1124	3	0
NR_118051.1	1124	4	0
NR_118011.1	1507	2	0
NR_117969.1	1500	7	0
NR_117930.1	1392	4	0
NR_117895.1	1471	3	0
NR_117893.1	1471	4	0
NR_117890.1	1471	2	0
NR_117887.1	1470	5	0
NR_117822.1	1444	470	0
NR_117821.1	1442	330	0
NR_117820.1	1444	948	0
NR_117793.1	1471	15	0
NR_117789.1	1413	7	0
NR_117784.1	1393	1	0
NR_117763.1	1348	15	0
NR_117752.1	1427	32	0
NR_117751.1	1427	21	0
NR_117750.1	1427	12	0
NR_117709.1	1483	1	0
NR_117704.1	1530	21	0
NR_117698.1	1499	2	0
NR_117693.1	1501	2	0
NR_117683.1	1530	7	0
NR_117682.1	1524	1	0
NR_117679.1	1529	5	0
NR_117678.1	1527	17	0
NR_117677.1	1515	3	0
NR_117676.1	1461	1	0
NR_117661.1	1485	4	0
NR_117648.1	1501	1	0
NR_117635.1	1514	1	0
NR_117630.1	1529	1	0
NR_117629.1	1530	2	0
NR_117628.1	1530	2	0
NR_117626.1	1531	2	0
NR_117624.1	1530	6	0
NR_117622.1	1530	6	0
NR_117621.1	1530	6	0
NR_117620.1	1529	6	0
NR_117619.1	1530	4	0
NR_117598.1	1528	2	0
NR_117575.1	1536	1	0
NR_117574.1	1543	1	0
NR_117553.1	1475	4	0
NR_117540.1	1351	1	0
NR_117526.1	1396	12	0
NR_117512.1	1478	1	0
NR_117508.1	1375	1	0
NR_117495.1	1516	1	0
NR_117457.1	1462	1	0
NR_117456.1	1480	4	0
NR_117424.1	1421	4	0
NR_117405.1	1506	53	0
NR_117353.1	1350	12	0
NR_117305.1	1494	197	0
NR_117269.1	1527	2	0
NR_117193.1	1527	1	0
NR_117177.1	1527	343	0
NR_117122.1	1541	1	0
NR_117018.1	1392	1	0
NR_117000.1	1493	5	0
NR_116905.1	1530	1247	0
NR_116904.1	1521	317	0
NR_116898.1	1495	3	0
NR_116845.1	1528	5	0
NR_116800.1	1502	19	0
NR_116799.1	1361	36	0
NR_116798.1	1505	35	0
NR_116797.1	1506	396	0
NR_116783.1	1484	3	0
NR_116774.1	1533	3	0
NR_116763.1	1459	142	0
NR_116758.1	1387	29	0
NR_116756.1	1387	19	0
NR_116755.1	1361	1019	0
NR_116754.1	1387	23	0
NR_116753.1	1361	10	0
NR_116752.1	1362	101	0
NR_116751.1	1387	493	0
NR_116750.1	1387	472	0
NR_116749.1	1387	1124	0
NR_116748.1	1376	655	0
NR_116723.1	1359	76	0
NR_116706.1	1317	1	0
NR_116700.1	1395	111	0
NR_116603.1	1436	2	0
NR_116602.1	1421	7	0
NR_116489.1	1495	1119	0
NR_116478.1	1464	16	0
NR_116430.1	1285	12	0
NR_116341.1	1223	6	0
NR_116305.1	1501	27	0
NR_116302.1	1348	1	0
NR_116299.1	1468	130	0
NR_116283.1	1494	18	0
NR_116282.1	1492	22	0
NR_116254.1	1364	1	0
NR_116247.1	1344	674	0
NR_116246.1	1344	805	0
NR_116245.1	1344	669	0
NR_116244.1	1344	121	0
NR_116177.1	1411	20	0
NR_116175.1	1410	1	0
NR_116172.1	1469	426	0
NR_116168.1	1505	35	0
NR_116166.1	1362	1	0
NR_116157.1	1313	1	0
NR_116156.1	1313	3	0
NR_116155.1	1313	3	0
NR_116154.1	1313	4	0
NR_116153.1	1313	2	0
NR_116152.1	1313	3	0
NR_116151.1	1313	3	0
NR_116150.1	1313	2	0
NR_116149.1	1313	7	0
NR_116140.1	1314	1	0
NR_116126.1	1262	2	0
NR_116125.1	1438	2	0
NR_116124.1	1443	31	0
NR_116115.1	1429	455	0
NR_116114.1	1443	657	0
NR_116113.1	1432	683	0
NR_116112.1	1348	425	0
NR_116111.1	1422	31	0
NR_116110.1	1494	24	0
NR_116109.1	1494	37	0
NR_116051.1	1541	2	0
NR_116047.1	1344	10	0
NR_116046.1	1343	29	0
NR_116045.1	1345	17	0
NR_116044.1	1344	18	0
NR_116026.1	1506	1	0
NR_116025.1	1415	12	0
NR_115975.1	1461	2	0
NR_115974.1	1461	4	0
NR_115973.1	1461	1	0
NR_115971.1	1461	1	0
NR_115942.1	1424	11	0
NR_115932.1	1251	27	0
NR_115880.1	1485	26	0
NR_115873.1	1305	22	0
NR_115801.1	1443	2	0
NR_115750.1	1356	19	0
NR_115723.1	1245	18	0
NR_115722.1	1266	3	0
NR_115715.1	1520	323	0
NR_115708.1	1489	1	0
NR_115642.1	1329	97	0
NR_115613.1	1461	125	0
NR_115612.1	1454	354	0
NR_115611.1	1370	18	0
NR_115610.1	1526	306	0
NR_115609.1	1449	24	0
NR_115608.1	1453	201	0
NR_115548.1	1411	7	0
NR_115304.1	1343	3	0
NR_115291.1	1336	1	0
NR_115215.1	1362	9	0
NR_115212.1	1364	1	0
NR_115185.1	1461	1	0
NR_115173.1	1447	10	0
NR_115107.1	1451	1	0
NR_115005.1	1466	3	0
NR_114975.1	1521	16	0
NR_114964.1	1478	17	0
NR_114958.1	1511	2	0
NR_114923.1	1086	1	0
NR_114922.1	1463	6	0
NR_114921.1	1462	2	0
NR_114795.1	1370	140	0
NR_114794.1	1371	545	0
NR_114793.1	1370	818	0
NR_114751.1	1369	1111	0
NR_114750.1	1362	8	0
NR_114737.1	1511	34	0
NR_114736.1	1516	52	0
NR_114735.1	1512	495	0
NR_114716.1	1509	15	0
NR_114715.1	1492	1	0
NR_114714.1	1499	1	0
NR_114712.1	1446	1	0
NR_114711.1	1477	28	0
NR_114706.1	1531	2	0
NR_114704.1	1498	1	0
NR_114672.1	1411	1	0
NR_114631.1	1514	3	0
NR_114630.1	1514	6	0
NR_114595.1	1453	106	0
NR_114589.1	1437	14	0
NR_114576.1	1461	1	0
NR_114575.1	1464	1	0
NR_114564.1	1404	2	0
NR_114550.1	1531	1	0
NR_114523.1	1344	4	0
NR_114522.1	1485	3	0
NR_114520.1	1480	12	0
NR_114507.1	1436	9	0
NR_114505.1	1271	308	0
NR_114503.1	1436	39	0
NR_114502.1	1436	47	0
NR_114491.1	1462	5	0
NR_114482.1	1461	2045	0
NR_114481.1	1459	274	0
NR_114480.1	1460	860	0
NR_114479.1	1492	496	0
NR_114478.1	1440	89	0
NR_114477.1	1457	73	0
NR_114476.1	1458	173	0
NR_114474.1	1458	141	0
NR_114473.1	1458	281	0
NR_114472.1	1459	22	0
NR_114471.1	1489	28	0
NR_114460.1	1451	1	0
NR_114428.1	1481	1	0
NR_114345.1	1324	16	0
NR_114340.1	1413	1	0
NR_114330.1	1515	1	0
NR_114294.1	1455	1	0
NR_114286.1	1467	11	0
NR_114235.1	1467	7	0
NR_114234.1	1406	12	0
NR_114232.1	1467	4	0
NR_114227.1	1462	337	0
NR_114226.1	1462	420	0
NR_114225.1	1462	1544	0
NR_114224.1	1462	437	0
NR_114223.1	1462	189	0
NR_114220.1	1486	1	0
NR_114218.1	1478	5	0
NR_114216.1	1464	119	0
NR_114215.1	1462	5	0
NR_114197.1	1462	148	0
NR_114196.1	1461	37	0
NR_114195.1	1462	316	0
NR_114194.1	1462	19	0
NR_114192.1	1462	465	0
NR_114179.1	1461	1	0
NR_114167.1	1461	31	0
NR_114166.1	1461	30	0
NR_114165.1	1461	18	0
NR_114164.1	1462	288	0
NR_114159.1	1466	8	0
NR_114158.1	1467	20	0
NR_114155.1	1467	68	0
NR_114154.1	1465	52	0
NR_114153.1	1465	4	0
NR_114152.1	1465	19	0
NR_114147.1	1477	9	0
NR_114121.1	1410	1	0
NR_114111.1	1466	1334	0
NR_114108.1	1465	27	0
NR_114107.1	1465	2	0
NR_114102.1	1456	1	0
NR_114080.1	1465	77	0
NR_114079.1	1467	15	0
NR_114078.1	1469	1	0
NR_114077.1	1467	19	0
NR_114074.1	1462	1	0
NR_114072.1	1462	88	0
NR_114067.1	1403	1	0
NR_114054.1	1461	28	0
NR_114044.1	1478	8	0
NR_114043.1	1467	8	0
NR_114042.1	1467	16	0
NR_114041.1	1463	3	0
NR_113975.1	1414	1	0
NR_113889.1	1410	1	0
NR_113875.1	1460	1	0
NR_113859.1	1461	343	0
NR_113857.1	1462	414	0
NR_113856.1	1462	477	0
NR_113855.1	1462	419	0
NR_113791.1	1479	3	0
NR_113789.1	1478	3	0
NR_113787.1	1478	8	0
NR_113784.1	1477	4	0
NR_113782.1	1478	7	0
NR_113781.1	1478	10	0
NR_113775.1	1496	2	0
NR_113762.1	1412	1	0
NR_113757.1	1467	1	0
NR_113755.1	1462	1	0
NR_113739.1	1406	1	0
NR_113733.1	1456	1	0
NR_113703.1	1467	38	0
NR_113701.1	1465	25	0
NR_113698.1	1412	1	0
NR_113664.1	1409	2	0
NR_113652.1	1462	1037	0
NR_113651.1	1462	479	0
NR_113649.1	1462	85	0
NR_113647.1	1462	180	0
NR_113646.1	1462	17	0
NR_113645.1	1458	4	0
NR_113634.1	1414	1	0
NR_113629.1	1458	1	0
NR_113628.1	1456	3	0
NR_113617.1	1462	88	0
NR_113615.1	1465	3	0
NR_113614.1	1465	19	0
NR_113610.1	1478	5	0
NR_113604.1	1478	4	0
NR_113601.1	1462	32	0
NR_113600.1	1462	478	0
NR_113599.1	1461	20	0
NR_113598.1	1465	13	0
NR_113596.1	1467	18	0
NR_113583.1	1462	395	0
NR_113581.1	1462	174	0
NR_113580.1	1468	19	0
NR_113578.1	1462	292	0
NR_113347.1	1464	20	0
NR_113346.1	1460	1	0
NR_113343.1	1460	3	0
NR_113341.1	1462	21	0
NR_113340.1	1464	27	0
NR_113321.1	1468	31	0
NR_113258.1	1499	19	0
NR_113238.1	1385	1	0
NR_113237.1	1459	2	0
NR_113236.1	1464	11	0
NR_113182.1	1400	5	0
NR_113028.1	1486	2	0
NR_113024.1	1456	1	0
NR_112986.1	1434	4	0
NR_112985.1	1473	3	0
NR_112957.1	1495	2	0
NR_112930.1	1414	1	0
NR_112735.1	1471	1	0
NR_112558.1	1110	11	0
NR_112557.1	1110	30	0
NR_112556.1	1110	9	0
NR_112555.1	1110	17	0
NR_112554.1	1110	17	0
NR_112551.1	1488	1	0
NR_112209.1	1409	2	0
NR_112191.1	1436	4	0
NR_112080.1	1519	1	0
NR_112077.1	1527	275	0
NR_112076.1	1504	192	0
NR_112075.1	1504	82	0
NR_112074.1	1501	187	0
NR_112073.1	1503	34	0
NR_112072.1	1505	68	0
NR_112070.1	1505	7242	0
NR_112069.1	1499	17	0
NR_112062.1	1507	24	0
NR_112060.1	1506	1	0
NR_112033.1	1385	1	0
NR_112011.1	1451	19	0
NR_112010.1	1441	51	0
NR_112007.1	1438	5	0
NR_112006.1	1449	12	0
NR_112005.1	1449	67	0
NR_112000.1	1447	1	0
NR_111998.1	1449	7	0
NR_029042.2	1517	276	0
NR_044825.2	1482	8	0
NR_044685.2	1450	1	0
NR_044869.2	1482	1	0
NR_109720.1	1457	1	0
NR_109674.1	1429	1	0
NR_109649.1	1417	1	0
NR_109616.1	1468	1	0
NR_109583.1	1532	94	0
NR_109517.1	1483	2	0
NR_109507.1	1460	1	0
NR_109484.1	1441	1	0
NR_109470.1	1459	2	0
NR_109451.1	1528	2	0
NR_109319.1	1486	5	0
NR_109179.1	1449	1671	0
NR_109105.1	1536	2	0
NR_108991.1	1405	1	0
NR_108899.1	1500	5	0
NR_108873.1	1463	7	0
NR_108848.1	1494	29	0
NR_108836.1	1466	1	0
NR_108829.1	1516	1	0
NR_108732.1	1470	1	0
NR_108621.1	1468	2	0
NR_108615.1	1469	1	0
NR_108603.1	1475	7	0
NR_108559.1	1430	12	0
NR_108542.1	1400	1	0
NR_108486.1	1365	1	0
NR_108484.1	1529	4	0
NR_108462.1	1541	1	0
NR_108461.1	1502	103	0
NR_108179.1	1437	2	0
NR_108121.1	1535	9	0
NR_104980.1	1418	41	0
NR_104978.1	1485	2	0
NR_104975.1	1485	3	0
NR_104973.1	1485	2	0
NR_104962.1	1432	627	0
NR_104943.1	1440	630	0
NR_104942.1	1460	2	0
NR_104940.1	1478	20	0
NR_104934.1	1527	21	0
NR_104933.1	1527	56	0
NR_104932.1	1529	26	0
NR_104929.1	1533	1	0
NR_104928.1	1524	997	0
NR_104925.1	1534	11	0
NR_104924.1	1494	87	0
NR_104903.1	1480	11	0
NR_104870.1	1539	2	0
NR_104848.1	1415	1	0
NR_104838.1	1460	3	0
NR_104826.1	1530	41	0
NR_104823.1	1504	25	0
NR_104822.1	1491	2	0
NR_104792.1	1534	1	0
NR_104767.1	1510	2	0
NR_104760.1	1532	1	0
NR_104724.1	1461	2	0
NR_104709.1	1467	4	0
NR_104569.1	1494	103	0
NR_104565.1	1426	2	0
NR_104563.1	1469	1	0
NR_104542.1	1404	1	0
NR_104525.1	1461	2	0
NR_104280.1	1484	492	0
NR_104279.1	1484	378	0
NR_104278.1	1484	513	0
NR_044648.2	1485	1	0
NR_044644.2	1469	1	0
NR_102975.1	1539	1	0
NR_102905.1	1464	1	0
NR_102854.1	1526	333	0
NR_102814.1	1537	8	0
NR_102802.1	1543	22	0
NR_102465.1	1480	1	0
NR_102439.1	1507	20	0
NR_074106.1	1493	1	0
NR_074312.2	1529	3	0
NR_037065.2	1475	1	0
NR_074945.1	1548	1	0
NR_074927.1	1545	1	0
NR_074908.1	1544	1162	0
NR_074902.1	1542	38	0
NR_074888.1	1542	23	0
NR_074853.1	1538	1	0
NR_074823.1	1535	27	0
NR_074812.1	1535	1	0
NR_074805.1	1534	1	0
NR_074782.1	1533	2000	0
NR_074670.1	1524	30	0
NR_074664.1	1524	1	0
NR_074534.1	1512	20	0
NR_074521.1	1510	27	0
NR_074397.1	1500	1	0
NR_074379.1	1497	1	0
NR_074338.1	1493	4	0
NR_074297.1	1488	24	0
NR_074291.1	1486	6	0
NR_074261.1	1479	2	0
NR_074222.1	1474	1	0
NR_074203.1	1472	3	0
NR_044980.1	1485	9	0
NR_044978.1	1495	7	0
NR_044977.1	1495	16	0
NR_044976.1	1498	41	0
NR_044975.1	1417	2	0
NR_044974.1	1492	243	0
NR_044925.1	1495	1	0
NR_044924.1	1536	11	0
NR_044911.1	1441	4	0
NR_044901.1	1467	1	0
NR_044879.1	1497	2	0
NR_044874.1	1448	1	0
NR_044827.1	1499	35	0
NR_044800.1	1456	269	0
NR_044799.1	1502	65	0
NR_044750.1	1478	1	0
NR_044749.1	1479	8	0
NR_044748.1	1415	3	0
NR_044745.1	1497	1	0
NR_044743.1	1471	2	0
NR_044552.1	1459	1	0
NR_044474.1	1402	1	0
NR_044414.1	1342	10	0
NR_044386.1	1505	1	0
NR_044385.1	1500	18	0
NR_044373.1	1368	5	0
NR_044372.1	1448	8	0
NR_044371.1	1437	5	0
NR_044370.1	1414	3	0
NR_044123.1	1487	1	0
NR_044101.1	1400	19	0
NR_044062.1	1361	17	0
NR_044060.1	1417	13	0
NR_044059.1	1425	15	0
NR_044058.1	1417	1	0
NR_044057.1	1380	9	0
NR_043997.1	1503	2	0
NR_043990.1	1411	4	0
NR_043980.1	1351	32	0
NR_043898.1	1425	1	0
NR_043751.1	1356	16	0
NR_043679.1	1325	15	0
NR_043663.1	1500	1	0
NR_043553.1	1488	1	0
NR_043515.1	1386	1	0
NR_043444.1	1462	3	0
NR_043425.1	1527	96	0
NR_043424.1	1527	590	0
NR_043423.1	1526	7	0
NR_043422.1	1526	425	0
NR_043420.1	1527	81	0
NR_043419.1	1530	66	0
NR_043388.1	1438	1	0
NR_043384.1	1515	25	0
NR_043278.1	1520	1	0
NR_043250.1	1502	1	0
NR_043192.1	1401	1	0
NR_043191.1	1401	1	0
NR_043152.1	1491	1	0
NR_043109.1	1540	2	0
NR_042993.1	1485	1	0
NR_042939.1	1530	512	0
NR_042878.1	1362	25	0
NR_042806.1	1517	1	0
NR_042764.1	1439	2444	0
NR_042748.1	1436	37	0
NR_042705.1	1400	1	0
NR_042695.1	1531	2	0
NR_042662.1	1425	20	0
NR_042650.1	1418	1	0
NR_042640.1	1460	1	0
NR_042635.1	1498	6	0
NR_042613.1	1371	1	0
NR_042607.1	1489	33	0
NR_042582.1	1448	1	0
NR_042581.1	1488	1	0
NR_042543.1	1459	169	0
NR_042542.1	1459	227	0
NR_042541.1	1492	609	0
NR_042466.1	1446	21	0
NR_042465.1	1426	30	0
NR_042451.1	1497	91	0
NR_042450.1	1494	27	0
NR_042435.1	1523	26	0
NR_042431.1	1390	1	0
NR_042422.1	1502	19	0
NR_042415.1	1517	31	0
NR_042413.1	1497	60	0
NR_042412.1	1518	1	0
NR_042411.1	1516	4	0
NR_042396.1	1438	1	0
NR_042356.1	1479	19	0
NR_042349.1	1513	16	0
NR_042343.1	1505	3	0
NR_042340.1	1475	1	0
NR_042328.1	1524	1	0
NR_042325.1	1529	2	0
NR_042238.1	1419	1	0
NR_042199.1	1492	341	0
NR_042191.1	1459	6	0
NR_042147.1	1492	511	0
NR_042105.1	1426	1	0
NR_042062.1	1428	1	0
NR_042026.1	1456	1	0
NR_041994.1	1465	1	0
NR_041991.1	1436	1	0
NR_041979.1	1495	65	0
NR_041978.1	1473	667	0
NR_041977.1	1491	28	0
NR_041976.1	1497	3	0
NR_041975.1	1509	46	0
NR_041974.1	1504	52	0
NR_041973.1	1495	45	0
NR_041972.1	1496	2	0
NR_041971.1	1497	14	0
NR_041970.1	1497	9	0
NR_041964.1	1435	1	0
NR_041953.1	1492	270	0
NR_041952.1	1448	22267	0
NR_041923.1	1422	1	0
NR_041922.1	1427	3	0
NR_041921.1	1413	1	0
NR_041838.1	1514	3	0
NR_041832.1	1461	1	0
NR_041769.1	1522	1	0
NR_041750.1	1436	7	0
NR_041749.1	1436	65	0
NR_041725.1	1488	2	0
NR_041720.1	1494	6	0
NR_041719.1	1494	2	0
NR_041712.1	1467	1	0
NR_041696.1	1491	3	0
NR_041653.1	1463	1	0
NR_041592.1	1438	67	0
NR_041527.1	1490	4	0
NR_041438.1	1466	1	0
NR_041259.1	1460	6	0
NR_041258.1	1466	2	0
NR_041044.1	1464	362	0
NR_041039.1	1471	29	0
NR_041038.1	1477	24	0
NR_041037.1	1481	16	0
NR_041035.1	1430	22	0
NR_041034.1	1451	310	0
NR_040930.1	1399	7	0
NR_040863.1	1459	1	0
NR_040830.1	1388	1	0
NR_040816.1	1477	7	0
NR_040812.1	1480	1	0
NR_040802.1	1503	301	0
NR_040798.1	1513	308	0
NR_044654.1	1471	1	0
NR_044600.1	1442	1	0
NR_044396.1	1475	8	0
NR_044304.1	1438	7	0
NR_044076.1	1493	16	0
NR_044063.1	1342	2	0
NR_043883.1	1347	221	0
NR_043857.1	1423	1	0
NR_043716.1	1482	1898	0
NR_043611.1	1460	2	0
NR_043314.1	1524	1915	0
NR_043313.1	1520	588	0
NR_043195.1	1499	87	0
NR_043165.1	1436	2	0
NR_042893.1	1441	2	0
NR_042811.1	1511	1	0
NR_041927.1	1468	48	0
NR_041816.1	1517	1	0
NR_041799.1	1492	395	0
NR_037135.1	1454	65	0
NR_037134.1	1527	6	0
NR_037120.1	1465	2	0
NR_037112.1	1508	3	0
NR_037111.1	1502	17	0
NR_037092.1	1522	263	0
NR_037085.1	1454	66	0
NR_037067.1	1546	8	0
NR_037056.1	1466	2	0
NR_037016.1	1481	2	0
NR_036999.1	1494	436	0
NR_036998.1	1491	840	0
NR_036979.1	1497	1	0
NR_036944.1	1465	6	0
NR_036931.1	1550	1	0
NR_036924.1	1529	19	0
NR_036919.1	1497	76	0
NR_036909.1	1527	293	0
NR_036908.1	1527	47	0
NR_036886.1	1532	19	0
NR_036840.1	1495	1	0
NR_036830.1	1456	395	0
NR_036812.1	1504	1	0
NR_036794.1	1534	9	0
NR_036790.1	1537	11	0
NR_036779.1	1448	1	0
NR_036767.1	1415	1	0
NR_029329.1	1526	2	0
NR_029319.1	1408	325	0
NR_029236.1	1525	1	0
NR_029212.1	1522	2	0
NR_029210.1	1528	27	0
NR_029195.1	1370	2	0
NR_029171.1	1484	2	0
NR_029103.1	1531	11703	0
NR_029069.1	1532	6	0
NR_029063.1	1531	1109	0
NR_029051.1	1374	84	0
NR_029050.1	1408	151	0
NR_029031.1	1496	1	0
NR_029029.1	1472	3	0
NR_028993.1	1451	3	0
NR_028987.1	1492	238	0
NR_028986.1	1492	367	0
NR_028985.1	1494	925	0
NR_028973.1	1492	1	0
NR_028965.1	1406	3	0
NR_028946.1	1542	7	0
NR_028912.1	1511	4	0
NR_028906.1	1503	87	0
NR_028893.1	1507	92	0
NR_028836.1	1509	1	0
NR_028807.1	1474	1	0
NR_028803.1	1459	17	0
NR_028802.1	1453	21	0
NR_028801.1	1509	12	0
NR_028788.1	1437	9	0
NR_028787.1	1482	1	0
NR_028767.1	1447	1	0
NR_028751.1	1485	3	0
NR_028715.1	1512	1	0
NR_028706.1	1521	111	0
NR_028691.1	1522	1	0
NR_028688.1	1530	35	0
NR_028687.1	1530	26	0
NR_028686.1	1522	25	0
NR_028685.1	1496	1	0
NR_028629.1	1331	1	0
NR_028619.1	1528	29	0
NR_028008.1	1429	1	0
NR_027230.1	1491	123	0
NR_027197.1	1318	2	0
NR_025588.1	1512	234	0
NR_025587.1	1511	47	0
NR_025586.1	1511	41	0
NR_025582.1	1447	1	0
NR_025566.1	1362	14	0
NR_025550.1	1494	98	0
NR_025549.1	1494	469	0
NR_025491.1	1468	5	0
NR_025478.1	1435	6	0
NR_025385.1	1449	1	0
NR_025381.1	1502	1	0
NR_025376.1	1498	1	0
NR_025374.1	1440	1	0
NR_025369.1	1496	5	0
NR_025356.1	1444	1	0
NR_025341.1	1502	1	0
NR_025338.1	1516	79	0
NR_025335.1	1485	70	0
NR_025334.1	1490	2	0
NR_025331.1	1498	88	0
NR_025330.1	1495	53	0
NR_025329.1	1504	56	0
NR_025328.1	1505	52	0
NR_025327.1	1504	33	0
NR_025324.1	1442	1	0
NR_025316.1	1488	21	0
NR_025310.1	1481	1	0
NR_025280.1	1484	1	0
NR_025278.1	1441	1	0
NR_025266.1	1361	1	0
NR_025265.1	1478	1	0
NR_025228.1	1455	731	0
NR_025227.1	1455	311	0
NR_025226.1	1454	137	0
NR_025174.1	1516	282	0
NR_025164.1	1492	361	0
NR_025103.1	1502	216	0
NR_025102.1	1501	276	0
NR_025048.1	1447	1	0
NR_025037.1	1529	2	0
NR_025013.1	1408	3	0
NR_025012.1	1462	8	0
NR_024951.1	1430	44	0
NR_024950.1	1473	40	0
NR_024946.1	1458	280	0
NR_024928.1	1516	327	0
NR_024927.1	1516	368	0
NR_024924.1	1513	415	0
NR_024918.1	1515	459	0
NR_024912.1	1516	516	0
NR_024911.1	1522	183	0
NR_024910.1	1517	604	0
NR_024909.1	1516	352	0
NR_024902.1	1518	111	0
NR_024901.1	1516	521	0
NR_024899.1	1504	12	0
NR_024883.1	1414	21	0
NR_024861.1	1511	12	0
NR_024848.1	1494	6	0
NR_024815.1	1490	1	0
NR_024768.1	1466	4	0
NR_024734.1	1489	81	0
NR_024707.1	1502	446	0
NR_024704.1	1511	323	0
NR_024699.1	1517	129	0
NR_024680.1	1494	2	0
NR_024662.1	1498	459	0
NR_024653.1	1463	4	0
NR_024644.1	1442	9	0
NR_024643.1	1438	21	0
NR_024642.1	1449	58	0
NR_024640.1	1422	39	0
NR_024632.1	1428	8	0
NR_026534.1	1465	40	0
NR_026533.1	1510	23	0
NR_026532.1	1494	8561	0
NR_026498.1	1466	2	0
NR_026465.1	1395	1	0
NR_026450.1	1539	2	0
NR_026426.1	1437	1	0
NR_026395.1	1529	1357	0
NR_026391.1	1502	1	0
NR_026337.1	1454	1	0
NR_026332.1	1487	3	0
NR_026331.1	1488	20	0
NR_026252.1	1488	1	0
NR_026208.1	1459	1	0
NR_026206.1	1459	3	0
NR_026132.1	1483	1	0
NR_026128.1	1465	4	0
NR_026125.1	1436	2	0
NR_026078.1	1537	240	0
NR_026049.1	1456	5	0
NR_026048.1	1456	35	0
NR_026046.1	1458	29	0
NR_026045.1	1455	815	0
NR_025947.1	1529	311	0
NR_025937.1	1481	3	0
NR_025926.1	1468	1	0
NR_025881.1	1527	635	0
NR_025794.1	1499	4	0
NR_025769.1	1448	1	0
NR_025713.1	1515	1	0
NR_025686.1	1446	1	0
NR_025685.1	1473	1	0
NR_025683.1	1485	1	0
NR_025642.1	1558	2	0
NR_025635.1	1412	17	0
NR_146849.1	1254	2	0
NR_029213.2	1483	1	0
NR_042154.1	1365	9	0
NR_042081.1	1468	7	0
NR_041980.1	1505	5	0
NR_041968.1	1504	39	0
NR_041765.1	1509	1	0
NR_041715.1	1458	1136	0
NR_041702.1	1528	17	0
NR_041640.1	1540	4	0
NR_041033.1	1475	24	0
NR_040992.1	1498	831	0
NR_041813.1	1501	1	0
NR_036936.1	1471	1	0
NR_036891.1	1501	1	0
NR_029362.1	1521	2	0
NR_029358.1	1479	4	0
NR_029227.1	1468	4	0
NR_029225.1	1528	31	0
NR_029222.1	1484	3	0
NR_029211.1	1510	1	0
NR_029209.1	1478	2	0
NR_029153.1	1432	1	0
NR_029088.1	1472	1	0
NR_029082.1	1477	1	0
NR_028938.1	1502	21	0
NR_028892.1	1470	33	0
NR_028891.1	1447	27	0
NR_028826.1	1438	219	0
NR_028814.1	1552	1	0
NR_028677.1	1459	13	0
NR_027576.1	1548	1	0
NR_027550.1	1455	1	0
NR_027549.1	1473	15	0
NR_027544.1	1461	1	0
NR_025569.1	1494	22	0
NR_025382.1	1514	1	0
NR_025342.1	1480	25	0
NR_025337.1	1473	1	0
NR_025333.1	1482	18	0
NR_025243.1	1403	20	0
NR_024996.1	1436	34	0
NR_024795.1	1484	1	0
NR_024770.1	1399	3	0
NR_024769.1	1466	4	0
NR_024733.1	1485	1	0
NR_024706.1	1522	59	0
NR_024641.1	1450	35	0
NR_026210.1	1459	1	0
NR_026129.1	1436	2	0
NR_026124.1	1466	2	0
NR_026056.1	1475	1	0
NR_026050.1	1455	24	0
NR_025703.1	1378	4	0
NR_024570.1	1450	6	0
NR_040859.1	1484	474	0
