NR_177904.1	1464	2	0
NR_177903.1	1461	2	0
NR_177902.1	1464	1	0
NR_177891.1	1479	5	0
NR_177885.1	1427	6	0
NR_177881.1	1465	2	0
NR_177880.1	1463	1	0
NR_177876.1	1455	4	0
NR_177871.1	1163	5	0
NR_177870.1	1480	1	0
NR_177868.1	1160	17	0
NR_177867.1	1160	14	0
NR_177866.1	1162	8	0
NR_177862.1	1462	4	0
NR_177848.1	1121	1	0
NR_177840.1	1144	1	0
NR_177838.1	1144	3	0
NR_177837.1	1144	9	0
NR_177835.1	1144	2	0
NR_177825.1	1163	1	0
NR_177810.1	1145	1	0
NR_177809.1	1145	1	0
NR_177806.1	1104	1	0
NR_177786.1	1143	1	0
NR_177785.1	1143	2	0
NR_177784.1	1143	2	0
NR_177783.1	1143	3	0
NR_177780.1	1144	2	0
NR_177779.1	1143	1	0
NR_177778.1	1162	1	0
NR_177777.1	1481	1	0
NR_177774.1	1164	1	0
NR_177767.1	1438	2	0
NR_177748.1	1481	15	0
NR_177735.1	1450	1	0
NR_177714.1	1543	6	0
NR_177701.1	1293	6	0
NR_177700.1	1461	6	0
NR_177699.1	1453	3	0
NR_177692.1	1415	4	0
NR_177691.1	1414	3	0
NR_177690.1	1414	3	0
NR_177688.1	1471	4	0
NR_177684.1	1410	1	0
NR_177681.1	1146	79	0
NR_177675.1	1285	1	0
NR_177671.1	1462	13	0
NR_177668.1	1442	8	0
NR_177665.1	1311	2	0
NR_177664.1	1292	2	0
NR_177041.1	1464	1	0
NR_177040.1	1430	1	0
NR_177032.1	1455	3	0
NR_177019.1	1464	2	0
NR_177000.1	1270	1	0
NR_176994.1	1443	6	0
NR_176987.1	1485	3	0
NR_145527.1	1552	1	0
NR_112703.1	1493	1	0
NR_116306.1	1448	1	0
NR_176804.1	1504	174	0
NR_176606.1	1200	7	0
NR_176604.1	1320	3	0
NR_176599.1	1372	1	0
NR_176596.1	1330	1	0
NR_176595.1	1500	7	0
NR_176589.1	1435	10	0
NR_176586.1	1444	1	0
NR_176580.1	1001	6	0
NR_176576.1	1002	5	0
NR_176575.1	1350	2	0
NR_176573.1	1500	1	0
NR_176553.1	1500	6	0
NR_176552.1	1500	8	0
NR_176542.1	1487	1	0
NR_176539.1	1500	3	0
NR_176526.1	1481	5	0
NR_176517.1	1354	2	0
NR_176515.1	1477	2	0
NR_176514.1	1471	3	0
NR_176511.1	1500	1	0
NR_176510.1	1500	4	0
NR_176504.1	1477	3	0
NR_176501.1	1471	179	0
NR_176497.1	1500	3	0
NR_176494.1	1500	2	0
NR_176493.1	640	14	0
NR_176486.1	1445	3	0
NR_176484.1	1353	5	0
NR_176481.1	1395	1	0
NR_176477.1	1370	1	0
NR_176475.1	1489	9	0
NR_172677.2	1490	8	0
NR_172660.2	1483	1	0
NR_173600.1	1540	4	0
NR_175590.1	1516	1	0
NR_175588.1	1522	2	0
NR_175584.1	1536	3	0
NR_175583.1	1535	1	0
NR_175582.1	1534	1	0
NR_175511.1	1487	1	0
NR_175500.1	1359	2	0
NR_175476.1	1515	1	0
NR_175451.1	1257	13	0
NR_175431.1	1473	1	0
NR_175430.1	1457	13	0
NR_175425.1	1523	1	0
NR_165768.1	1462	16	0
NR_156812.1	1480	1	0
NR_156100.1	1449	1	0
NR_152090.1	1498	1	0
NR_151929.1	1469	3	0
NR_134842.2	1498	4	0
NR_074469.2	1498	1	0
NR_146667.2	1522	2500	0
NR_148578.1	1408	995	0
NR_137210.1	1498	8	0
NR_136872.1	1342	3	0
NR_136830.1	1405	2	0
NR_134140.1	1419	13	0
NR_134139.1	1500	157	0
NR_133711.1	1437	1	0
NR_126210.1	1405	1	0
NR_125691.1	1419	64	0
NR_125600.1	1499	74	0
NR_119370.1	1484	439	0
NR_118756.1	1476	1	0
NR_118636.1	1418	23	0
NR_117627.1	1530	24	0
NR_117407.1	1488	1	0
NR_117232.1	1529	3	0
NR_116757.1	1387	436	0
NR_116497.1	1460	10	0
NR_114713.1	1500	336	0
NR_114417.1	1501	1	0
NR_113989.1	1475	3	0
NR_113653.1	1462	15	0
NR_112065.1	1511	20	0
NR_044836.2	1482	1	0
NR_036788.2	1568	1	0
NR_108831.1	1398	1	0
NR_108487.1	1452	10	0
NR_104793.1	1537	2	0
NR_044708.2	1521	1	0
NR_102852.1	1519	13	0
NR_074910.1	1544	18384	0
NR_074799.1	1534	76	0
NR_044916.1	1549	2	0
NR_044829.1	1422	1	0
NR_044450.1	1408	1	0
NR_044415.1	1403	6	0
NR_044246.1	1497	2	0
NR_043999.1	1476	1	0
NR_043591.1	1474	15	0
NR_041770.1	1469	2	0
NR_040991.1	1479	8	0
NR_037074.1	1499	1	0
NR_037000.1	1492	18	0
NR_028894.1	1505	425	0
NR_028852.1	1325	1	0
NR_028699.1	1522	1	0
NR_027575.1	1540	3	0
NR_025579.1	1536	1	0
NR_025136.1	1500	4	0
NR_174319.1	1514	2	0
NR_174302.1	1532	3	0
NR_174300.1	1538	136	0
NR_174258.1	1528	1287	0
NR_174230.1	1485	6	0
NR_174202.1	1490	1	0
NR_173669.1	1455	13	0
NR_173643.1	1458	1	0
NR_173639.1	1541	5	0
NR_173627.1	1535	1	0
NR_173618.1	1507	2	0
NR_173610.1	1543	319	0
NR_173607.1	1497	1	0
NR_173587.1	1528	15	0
NR_173586.1	1523	27	0
NR_173585.1	1525	24	0
NR_173584.1	1533	18	0
NR_173583.1	1533	22	0
NR_173582.1	1533	15	0
NR_173581.1	1526	21	0
NR_173580.1	1529	16	0
NR_173579.1	1504	27	0
NR_173578.1	1523	22	0
NR_173577.1	1524	21	0
NR_173576.1	1523	19	0
NR_173575.1	1525	25	0
NR_173574.1	1515	19	0
NR_173572.1	1546	24	0
NR_173571.1	1546	14	0
NR_173567.1	1532	23	0
NR_173566.1	1522	23	0
NR_173565.1	1518	27	0
NR_173564.1	1528	21	0
NR_173563.1	1528	20	0
NR_173562.1	1535	15	0
NR_173561.1	1507	23	0
NR_173559.1	1534	31	0
NR_173558.1	1542	19	0
NR_173557.1	1526	25	0
NR_173555.1	1497	25	0
NR_173554.1	1520	20	0
NR_173552.1	1527	28	0
NR_173536.1	1459	15	0
NR_173524.1	1505	1	0
NR_173488.1	1357	1	0
NR_026538.1	1497	20	0
NR_172704.1	1162	4	0
NR_172692.1	1162	2	0
NR_172691.1	1162	1	0
NR_172689.1	1479	1	0
NR_172676.1	1161	2	0
NR_172674.1	1161	15	0
NR_172661.1	1163	3	0
NR_172621.1	979	3	0
NR_172613.1	1068	1	0
NR_172606.1	1463	9	0
NR_172605.1	1477	14	0
NR_172604.1	1478	3	0
NR_172603.1	1477	25	0
NR_172597.1	1286	8	0
NR_172585.1	1086	1	0
NR_172579.1	1498	9	0
NR_172576.1	1324	2	0
NR_171538.1	1371	1	0
NR_171524.1	1497	18	0
NR_171515.1	1463	97	0
NR_171514.1	1508	180	0
NR_171510.1	1500	16	0
NR_171504.1	1524	1	0
NR_171501.1	1447	1	0
NR_171482.1	1492	2	0
NR_171480.1	1506	1	0
NR_171474.1	1506	1	0
NR_171472.1	1527	1	0
NR_171450.1	1456	1	0
NR_171449.1	1464	1	0
NR_171443.1	1497	1	0
NR_171428.1	1395	1	0
NR_171417.1	1078	604	0
NR_171416.1	1525	6	0
NR_171397.1	1532	1	0
NR_171393.1	1482	1	0
NR_170530.1	1485	1	0
NR_170520.1	1485	1	0
NR_170519.1	1485	3	0
NR_170517.1	1485	1	0
NR_170515.1	1485	1	0
NR_170496.1	1542	1	0
NR_170494.1	1576	2	0
NR_170465.1	1412	1480	0
NR_170462.1	1462	1	0
NR_170444.1	1541	1	0
NR_170438.1	1491	4	0
NR_170428.1	1500	6	0
NR_170426.1	1462	428	0
NR_170414.1	1361	2	0
NR_170391.1	1504	1	0
NR_170476.1	1544	1	0
NR_170449.1	1468	1	0
NR_169498.1	1540	83	0
NR_169492.1	1457	1	0
NR_169491.1	1355	2	0
NR_169476.1	1536	9138	0
NR_169468.1	1495	66	0
NR_169448.1	1465	10	0
NR_169417.1	1453	1	0
NR_169374.1	1480	5	0
NR_169368.1	1509	1	0
NR_169366.1	1460	10	0
NR_169359.1	1497	1	0
NR_169334.1	1500	51	0
NR_169333.1	1500	21	0
NR_169332.1	1532	28	0
NR_169331.1	1532	22	0
NR_169330.1	1532	28	0
NR_169329.1	1540	36	0
NR_169328.1	1536	20	0
NR_169320.1	1521	22	0
NR_169486.1	1429	1	0
NR_169447.1	1533	12	0
NR_169446.1	1533	11	0
NR_169390.1	1426	3	0
NR_169327.1	1535	30	0
NR_169326.1	1534	22	0
NR_169319.1	1506	2	0
NR_165748.1	1538	44	0
NR_165713.1	1410	1	0
NR_165712.1	1564	143	0
NR_165706.1	1533	25	0
NR_165666.1	1580	12	0
NR_165004.1	1505	1	0
NR_164974.1	1502	1	0
NR_164959.1	1519	2	0
NR_164907.1	1482	1	0
NR_164627.1	1466	4	0
NR_163665.1	1380	2	0
NR_163650.1	1485	2	0
NR_163604.1	1490	5	0
NR_163652.1	1504	1	0
NR_159926.1	1530	83	0
NR_159925.1	1530	1310	0
NR_159919.1	1501	8	0
NR_159344.1	1475	1	0
NR_159332.1	1380	5	0
NR_159318.1	1456	17	0
NR_159317.1	1454	617	0
NR_159316.1	1271	1	0
NR_159314.1	1532	1	0
NR_159313.1	1497	3	0
NR_159299.1	1452	7	0
NR_159255.1	1542	468	0
NR_159244.1	1433	1	0
NR_159235.1	1503	156	0
NR_159232.1	1455	21	0
NR_159221.1	1420	10	0
NR_159145.1	1441	1	0
NR_159119.1	1502	2	0
NR_159098.1	1394	18	0
NR_159086.1	1534	418	0
NR_159085.1	1542	1895	0
NR_159084.1	1542	482	0
NR_159083.1	1542	470	0
NR_158153.1	1456	1	0
NR_158148.1	1479	1	0
NR_158137.1	1423	1	0
NR_158069.1	1483	1	0
NR_158058.1	1450	19	0
NR_158055.1	1421	1	0
NR_158050.1	1420	19	0
NR_158040.1	1481	1	0
NR_158011.1	1479	1	0
NR_157997.1	1507	1	0
NR_157984.1	1403	1	0
NR_157795.1	1399	1	0
NR_157778.1	1537	43	0
NR_157777.1	1531	69	0
NR_157774.1	1407	1	0
NR_157762.1	1525	10	0
NR_157756.1	1478	1	0
NR_157685.1	1557	1	0
NR_157662.1	1452	1	0
NR_157658.1	1535	1	0
NR_157634.1	1405	1	0
NR_157611.1	1414	1	0
NR_157010.1	1341	1	0
NR_157009.1	1411	7	0
NR_157004.1	1473	10	0
NR_156997.1	1463	1	0
NR_156992.1	1450	1	0
NR_156989.1	1539	32	0
NR_156941.1	1458	1	0
NR_156932.1	1288	2	0
NR_156931.1	1281	11	0
NR_156930.1	1368	19	0
NR_156925.1	1496	1	0
NR_156924.1	1526	9	0
NR_156914.1	1439	20	0
NR_156852.1	1415	1	0
NR_156848.1	1455	1	0
NR_156845.1	1524	8	0
NR_156838.1	1538	3	0
NR_156814.1	1504	1	0
NR_156801.1	1544	6	0
NR_156167.1	1151	1	0
NR_156098.1	1469	1	0
NR_156088.1	1455	1	0
NR_156047.1	1419	1	0
NR_153752.1	1543	261	0
NR_153734.1	1391	1	0
NR_153727.1	1506	1	0
NR_153712.1	1362	1	0
NR_153691.1	1481	1	0
NR_153664.1	1532	11	0
NR_152710.1	1412	16	0
NR_152633.1	1486	1	0
NR_152631.1	1547	2	0
NR_152630.1	1547	2	0
NR_152629.1	1547	2	0
NR_152628.1	1547	1	0
NR_152089.1	1538	1	0
NR_152086.1	1545	1	0
NR_152082.1	1526	38	0
NR_152069.1	1490	5	0
NR_152032.1	1437	2	0
NR_152011.1	1470	1	0
NR_151916.1	1489	10	0
NR_151914.1	1426	15	0
NR_151905.1	1515	2	0
NR_074480.2	1498	3	0
NR_074484.2	1498	2	0
NR_074473.2	1498	1	0
NR_132700.2	1456	1	0
NR_136501.2	1537	30	0
NR_149822.1	1416	3	0
NR_149800.1	1468	11	0
NR_149789.1	1454	1	0
NR_149302.1	1542	121	0
NR_149242.1	1443	1	0
NR_149208.1	1503	1	0
NR_149201.1	1477	9	0
NR_149185.1	1421	1	0
NR_148844.1	1490	13	0
NR_148843.1	1489	25	0
NR_148820.1	1348	892	0
NR_148766.1	1477	2	0
NR_148756.1	1532	2	0
NR_148753.1	1533	3	0
NR_148663.1	1414	2	0
NR_148650.1	1454	70	0
NR_148649.1	1444	168	0
NR_148643.1	1523	4	0
NR_148601.1	1456	2	0
NR_148598.1	1490	20	0
NR_148595.1	1512	1	0
NR_148582.1	1491	1	0
NR_148577.1	1513	2	0
NR_148576.1	1489	2	0
NR_148569.1	1065	1	0
NR_148321.1	1450	1	0
NR_148272.1	1424	4	0
NR_148264.1	1507	1	0
NR_148251.1	1443	7	0
NR_147774.1	1528	2	0
NR_147771.1	1454	3	0
NR_147758.1	1444	5	0
NR_147393.1	1464	413	0
NR_147369.1	1499	1	0
NR_146848.1	1345	12	0
NR_146847.1	1345	15	0
NR_146845.1	1345	9	0
NR_146832.1	1193	1	0
NR_146827.1	1398	1	0
NR_146817.1	1413	3	0
NR_146692.1	1503	2	0
NR_146677.1	1452	20	0
NR_146676.1	1449	22	0
NR_146051.1	1528	1	0
NR_145923.1	1451	1	0
NR_145909.1	1424	1	0
NR_145878.1	1540	7	0
NR_145864.1	1458	15	0
NR_145841.1	1331	2	0
NR_145647.1	1422	114	0
NR_145641.1	1480	2	0
NR_145570.1	1436	157	0
NR_145569.1	1390	7	0
NR_145528.1	1489	1	0
NR_144604.1	1450	22	0
NR_144582.1	1408	125	0
NR_144581.1	1359	116	0
NR_137419.1	1493	1	0
NR_137415.1	1494	286	0
NR_137380.1	1502	277	0
NR_137346.1	1420	1	0
NR_137333.1	1495	776	0
NR_137252.1	1453	1	0
NR_137235.1	1459	1	0
NR_137234.1	1459	1	0
NR_137213.1	1422	3	0
NR_137209.1	1449	1	0
NR_136876.1	1422	3	0
NR_136825.1	1440	1	0
NR_136811.1	1521	1	0
NR_136780.1	1464	6	0
NR_136767.1	1461	13	0
NR_136472.1	1504	174	0
NR_136445.1	1501	33	0
NR_136430.1	1460	1	0
NR_136429.1	1508	146	0
NR_135871.1	1463	35	0
NR_135857.1	1478	1	0
NR_135211.1	1462	64	0
NR_134830.1	1432	174	0
NR_134829.1	1484	9	0
NR_134826.1	1483	15	0
NR_134825.1	1445	20	0
NR_134741.1	1441	11	0
NR_134684.1	1460	89	0
NR_134230.1	1476	5	0
NR_134219.1	1506	1	0
NR_134124.1	1530	2	0
NR_134090.1	1550	1	0
NR_134063.1	1462	65	0
NR_134062.1	1462	3	0
NR_134020.1	1409	10	0
NR_133954.1	1499	2	0
NR_133953.1	1404	5	0
NR_133952.1	1497	2	0
NR_133887.1	1455	1	0
NR_133878.1	1418	1	0
NR_133840.1	1496	1	0
NR_133837.1	1457	1	0
NR_133833.1	1412	8	0
NR_133832.1	1466	6	0
NR_133815.1	1366	147	0
NR_133801.1	1466	7	0
NR_133791.1	1483	2	0
NR_133047.1	1306	1	0
NR_133023.1	1459	1	0
NR_132713.1	1474	6	0
NR_132708.1	1434	1	0
NR_132605.1	1512	1	0
NR_132599.1	1463	1	0
NR_132596.1	1456	60	0
NR_132288.1	1412	1	0
NR_044847.4	1497	2	0
NR_126314.1	1546	1	0
NR_126284.1	1462	1	0
NR_126260.1	1239	1	0
NR_126237.1	1461	2	0
NR_126224.1	1433	2	0
NR_126223.1	1456	12	0
NR_126220.1	1472	1	0
NR_126199.1	1496	19	0
NR_126172.1	1508	1	0
NR_115546.2	1543	5	0
NR_125699.1	1344	23	0
NR_125698.1	1344	39	0
NR_125690.1	1459	54	0
NR_125595.1	1341	1	0
NR_125587.1	1397	4	0
NR_125586.1	1404	51	0
NR_125523.1	1529	13	0
NR_125461.1	1452	664	0
NR_125449.1	1466	1	0
NR_118125.1	1453	1	0
NR_122094.1	1425	3	0
NR_122081.1	1480	22	0
NR_121793.1	1543	160	0
NR_119223.1	1335	65	0
NR_118960.1	1435	1	0
NR_118872.1	1526	27	0
NR_118847.1	1464	1	0
NR_118810.1	1415	1	0
NR_118785.1	1453	1	0
NR_118761.1	1478	1	0
NR_118637.1	1524	6	0
NR_118629.1	1459	1	0
NR_118585.1	1259	1	0
NR_118544.1	1491	1	0
NR_118490.1	1534	5	0
NR_118458.1	1442	3	0
NR_118433.1	1538	1	0
NR_118432.1	1418	4	0
NR_118420.1	1498	12	0
NR_118391.1	1506	1	0
NR_118348.1	1503	21	0
NR_118335.1	1395	196	0
NR_118333.1	1500	125	0
NR_118255.1	1446	4	0
NR_118152.1	1472	1	0
NR_118140.1	1342	1	0
NR_118138.1	1544	3	0
NR_117931.1	1390	64	0
NR_117902.1	1490	1	0
NR_117881.1	1449	1	0
NR_117838.1	1459	13	0
NR_117835.1	1469	1	0
NR_117827.1	1442	6	0
NR_117824.1	1444	4	0
NR_117794.1	1424	357	0
NR_117790.1	1320	1	0
NR_117782.1	1372	1	0
NR_117770.1	1495	2	0
NR_117699.1	1516	1	0
NR_117697.1	1516	137	0
NR_117611.1	1230	1	0
NR_117551.1	1504	168	0
NR_117550.1	1328	1	0
NR_117547.1	1535	82	0
NR_117541.1	1457	1	0
NR_117500.1	1473	1	0
NR_117458.1	1491	2	0
NR_117446.1	1406	823	0
NR_117444.1	1444	2	0
NR_117437.1	1507	227	0
NR_117432.1	1504	1	0
NR_117427.1	1523	10	0
NR_117420.1	1526	5	0
NR_117416.1	1486	1	0
NR_117406.1	1476	2	0
NR_117369.1	1451	1	0
NR_117304.1	1495	2682	0
NR_117275.1	1401	1	0
NR_117273.1	1379	1	0
NR_117216.1	1480	2	0
NR_117186.1	1472	12	0
NR_117118.1	1353	1	0
NR_117057.1	1448	1	0
NR_117045.1	1404	1	0
NR_117003.1	1516	1	0
NR_116999.1	1413	266	0
NR_116969.1	1431	23	0
NR_116946.1	1455	1	0
NR_116935.1	1338	2	0
NR_116899.1	1496	1	0
NR_116893.1	1463	3	0
NR_116864.1	1537	1	0
NR_116839.1	1290	156	0
NR_116782.1	1484	6	0
NR_116741.1	1475	1	0
NR_116714.1	1395	1	0
NR_116702.1	1449	1	0
NR_116695.1	1443	1	0
NR_116610.1	1426	1	0
NR_116604.1	1422	92	0
NR_116537.1	1481	1	0
NR_116535.1	1401	6	0
NR_116512.1	1379	6	0
NR_116407.1	1451	1	0
NR_116403.1	1426	204	0
NR_116378.1	1469	1	0
NR_116316.1	1366	1	0
NR_116237.1	1349	1	0
NR_116236.1	1393	3	0
NR_116235.1	1399	3	0
NR_116079.1	1368	24	0
NR_116071.1	1529	4	0
NR_116070.1	1529	3	0
NR_116069.1	1531	1	0
NR_116068.1	1544	1	0
NR_116039.1	1460	38	0
NR_116033.1	1481	267	0
NR_116030.1	1370	5	0
NR_116003.1	1448	1	0
NR_115943.1	1425	469	0
NR_115922.1	1438	24	0
NR_115874.1	1460	18	0
NR_115871.1	1405	5	0
NR_115810.1	1527	2	0
NR_115808.1	1501	5	0
NR_115803.1	1218	1	0
NR_115768.1	1461	1	0
NR_115759.1	1513	3	0
NR_115739.1	1445	15	0
NR_115713.1	1467	1	0
NR_115687.1	1467	1	0
NR_115492.1	1436	1	0
NR_115336.1	1515	2	0
NR_115298.1	1493	1	0
NR_115292.1	1387	1	0
NR_115258.1	1533	19212	0
NR_115229.1	1334	2	0
NR_115225.1	1360	6	0
NR_115224.1	1363	78	0
NR_115179.1	1396	1	0
NR_115178.1	1396	1	0
NR_115101.1	1461	1	0
NR_115090.1	1455	1	0
NR_115088.1	1455	1	0
NR_115071.1	1443	1	0
NR_115065.1	1411	2	0
NR_115009.1	1377	3	0
NR_114981.1	1391	1	0
NR_114974.1	1391	1	0
NR_114965.1	1530	2	0
NR_114957.1	1379	7	0
NR_114910.1	1202	1	0
NR_114900.1	1468	156	0
NR_114868.1	1354	2	0
NR_114544.1	1501	3	0
NR_114421.1	1492	1	0
NR_114366.1	1515	1	0
NR_114329.1	1444	1	0
NR_113569.1	1478	1080	0
NR_113559.1	1303	1	0
NR_113331.1	1441	3	0
NR_113183.1	1402	1	0
NR_113178.1	1526	1	0
NR_113061.1	1467	145	0
NR_113035.1	1430	1	0
NR_112920.1	1488	1	0
NR_112908.1	1468	1	0
NR_112808.1	1490	20	0
NR_112803.1	1557	1	0
NR_112644.1	1465	1	0
NR_112560.1	1393	1	0
NR_112552.1	1400	1	0
NR_112205.1	1460	1	0
NR_044675.2	1435	1	0
NR_044682.2	1486	2	0
NR_104937.1	1527	611	0
NR_104922.1	1472	1	0
NR_104906.1	1463	2	0
NR_104901.1	1515	450	0
NR_104890.1	1469	379	0
NR_104856.1	1494	1	0
NR_104828.1	1508	389	0
NR_103954.1	1532	2	0
NR_102957.1	1525	1	0
NR_102890.1	1527	9	0
NR_102806.1	1539	4	0
NR_102511.1	1469	1	0
NR_074325.2	1535	1	0
NR_075055.1	1586	4	0
NR_075054.1	1585	6	0
NR_075034.1	1568	5	0
NR_074951.1	1548	2	0
NR_074890.1	1542	73	0
NR_074872.1	1540	1	0
NR_074869.1	1539	4701	0
NR_074818.1	1535	1	0
NR_074798.1	1534	1	0
NR_074719.1	1528	2	0
NR_074704.1	1527	1	0
NR_074697.1	1527	4	0
NR_074693.1	1526	3	0
NR_074687.1	1526	5	0
NR_074668.1	1524	1	0
NR_074666.1	1524	7	0
NR_074665.1	1524	5	0
NR_074371.1	1496	1	0
NR_044795.1	1435	1	0
NR_044761.1	1503	1	0
NR_044753.1	1473	1	0
NR_044751.1	1480	1	0
NR_044454.1	1422	22	0
NR_044412.1	1479	4	0
NR_044390.1	1404	35	0
NR_044355.1	1406	1	0
NR_044294.1	1489	1	0
NR_044269.1	1441	1	0
NR_044209.1	1419	31	0
NR_044188.1	1442	2	0
NR_044095.1	1444	1	0
NR_044068.1	1492	8	0
NR_044061.1	1423	139	0
NR_044038.1	1480	1	0
NR_044018.1	1433	1	0
NR_044017.1	1432	1	0
NR_043985.1	1474	2	0
NR_043958.1	1484	1	0
NR_043935.1	1528	1	0
NR_043858.1	1488	4	0
NR_043781.1	1481	2	0
NR_043770.1	1403	3	0
NR_043750.1	1356	355	0
NR_043624.1	1471	1	0
NR_043552.1	1499	2	0
NR_043545.1	1441	6	0
NR_043536.1	1489	17	0
NR_043470.1	1430	1	0
NR_043421.1	1526	2	0
NR_043289.1	1531	25	0
NR_043276.1	1509	1	0
NR_043265.1	1346	1	0
NR_043217.1	1498	1	0
NR_043193.1	1478	1	0
NR_043180.1	1483	1	0
NR_043174.1	1403	16	0
NR_043115.1	1529	7	0
NR_043068.1	1474	1	0
NR_042975.1	1546	7	0
NR_042963.1	1540	2	0
NR_042750.1	1533	1	0
NR_042722.1	1366	1	0
NR_042636.1	1505	16	0
NR_042634.1	1502	8	0
NR_042633.1	1498	12	0
NR_042632.1	1502	1	0
NR_042392.1	1345	1	0
NR_042387.1	1516	53	0
NR_042050.1	1532	58	0
NR_041697.1	1527	723	0
NR_041559.1	1435	1	0
NR_041552.1	1487	24	0
NR_041442.1	1437	1	0
NR_041296.1	1418	1	0
NR_041292.1	1515	1	0
NR_041032.1	1433	1	0
NR_044569.1	1449	16	0
NR_044392.1	1537	3	0
NR_044383.1	1473	2	0
NR_044284.1	1536	4	0
NR_044206.1	1409	1	0
NR_044040.1	1491	2	0
NR_044014.1	1403	1	0
NR_043984.1	1424	1	0
NR_043902.1	1508	4	0
NR_043878.1	1380	1	0
NR_043860.1	1450	135	0
NR_043653.1	1436	1	0
NR_043648.1	1486	2	0
NR_043647.1	1486	3	0
NR_043645.1	1480	5	0
NR_043644.1	1481	1	0
NR_043617.1	1462	10	0
NR_043570.1	1523	1	0
NR_043306.1	1523	1	0
NR_043213.1	1516	1	0
NR_042945.1	1485	1	0
NR_042846.1	1539	2	0
NR_041797.1	1510	30	0
NR_037110.1	1502	30	0
NR_036824.1	1400	1	0
NR_036811.1	1376	7	0
NR_029352.1	1544	2	0
NR_029344.1	1470	1	0
NR_029243.1	1466	1	0
NR_028875.1	1532	838	0
NR_028871.1	1526	8	0
NR_027569.1	1488	1	0
NR_024882.1	1454	7	0
NR_025344.1	1534	1	0
NR_025254.1	1533	1	0
NR_025129.1	1394	1	0
NR_024862.1	1521	555	0
NR_159347.1	1486	2	0
NR_159346.1	1485	1	0
NR_159305.1	1363	1	0
NR_159179.1	1512	7	0
NR_159157.1	1531	273	0
NR_159080.1	1533	7	0
NR_156996.1	1480	3	0
NR_156984.1	1408	1	0
NR_156844.1	1471	1	0
NR_156052.1	1336	684	0
NR_153750.1	1461	6	0
NR_152004.1	1526	48	0
NR_151933.1	1492	7	0
NR_042373.2	1559	1	0
NR_102794.2	1543	346	0
NR_103934.2	1537	152	0
NR_026079.2	1541	1	0
NR_074354.2	1490	1	0
NR_074476.2	1503	7	0
NR_074674.2	1521	2	0
NR_074770.2	1530	2	0
NR_102493.2	1540	673	0
NR_102959.2	1522	1	0
NR_121722.2	1566	1	0
NR_149808.1	1445	1	0
NR_029290.2	1450	2	0
NR_148847.1	1489	72	0
NR_148846.1	1490	15	0
NR_148845.1	1489	16	0
NR_148767.1	1502	95	0
NR_148764.1	1525	1	0
NR_148747.1	1521	25	0
NR_148575.1	1390	26	0
NR_148572.1	1503	27	0
NR_148298.1	1499	1	0
NR_146846.1	1475	1	0
NR_146684.1	1520	1	0
NR_145606.1	1306	1	0
NR_145605.1	1484	2	0
NR_145603.1	1483	1	0
NR_145602.1	1484	1	0
NR_145601.1	1486	1	0
NR_145598.1	1484	7	0
NR_145596.1	1484	1	0
NR_145562.1	1512	34	0
NR_137273.1	1461	1	0
NR_137272.1	1461	1	0
NR_136858.1	1496	19	0
NR_136855.1	1405	9	0
NR_136845.1	1512	1	0
NR_136831.1	1405	2	0
NR_136496.1	1443	3	0
NR_136495.1	1485	19	0
NR_136457.1	1409	1	0
NR_136448.1	1456	25	0
NR_136431.1	1404	467	0
NR_135894.1	1347	639	0
NR_135866.1	1451	2	0
NR_135725.1	1483	21	0
NR_134807.1	1451	2157	0
NR_134793.1	1506	11	0
NR_134685.1	1527	1	0
NR_134120.1	1413	2	0
NR_134045.1	1521	1	0
NR_133904.1	1551	2	0
NR_133903.1	1552	2	0
NR_133858.1	1432	2	0
NR_133766.1	1422	4	0
NR_133722.1	1417	1	0
NR_132718.1	1503	1	0
NR_132692.1	1459	25	0
NR_132662.1	1454	1	0
NR_037064.2	1356	2	0
NR_126319.1	1531	87	0
NR_126318.1	1531	438	0
NR_126317.1	1532	111	0
NR_126305.1	1501	141	0
NR_126304.1	1501	154	0
NR_126303.1	1501	166	0
NR_126291.1	1344	189	0
NR_126208.1	1429	447	0
NR_117738.2	1528	52	0
NR_117737.2	1528	43	0
NR_115042.2	1408	11	0
NR_125711.1	1460	6	0
NR_125682.1	1162	1	0
NR_125649.1	985	27	0
NR_125599.1	460	3	0
NR_125559.1	1501	1	0
NR_125558.1	1511	2	0
NR_125539.1	1428	173	0
NR_116992.1	1425	21	0
NR_122060.1	1541	9	0
NR_122059.1	1541	5	0
NR_122057.1	1544	128	0
NR_122050.1	1541	7	0
NR_121745.1	1485	4	0
NR_121742.1	1542	138	0
NR_121739.1	1546	1	0
NR_121733.1	1525	69	0
NR_121727.1	1538	5	0
NR_121718.1	1529	1	0
NR_121709.1	1541	8	0
NR_121704.1	1524	1	0
NR_121703.1	1542	142	0
NR_121690.1	1508	1	0
NR_119372.1	1484	549	0
NR_119371.1	1471	82	0
NR_119369.1	1485	21	0
NR_119368.1	1497	33	0
NR_119367.1	1497	190	0
NR_119366.1	1481	118	0
NR_119365.1	1498	62	0
NR_119364.1	1496	53	0
NR_119363.1	1484	926	0
NR_119362.1	1495	7207	0
NR_119361.1	1497	12844	0
NR_119360.1	1416	23	0
NR_119359.1	1417	3	0
NR_119358.1	1416	20	0
NR_119357.1	1417	23	0
NR_119279.1	1452	620	0
NR_119277.1	1452	251	0
NR_119276.1	1452	1	0
NR_119256.1	1499	3591	0
NR_119255.1	1239	71	0
NR_119250.1	1353	2	0
NR_119225.1	1492	9	0
NR_119219.1	1502	2	0
NR_119214.1	1401	571	0
NR_119190.1	1538	1	0
NR_119186.1	1092	17	0
NR_119153.1	1497	4	0
NR_119152.1	1498	1	0
NR_119151.1	1497	3	0
NR_119150.1	1497	3	0
NR_119143.1	1452	1	0
NR_119131.1	1200	27	0
NR_119130.1	1475	22	0
NR_119114.1	1460	1	0
NR_119113.1	1460	29	0
NR_119109.1	1443	117	0
NR_119108.1	1539	196	0
NR_119080.1	1459	1	0
NR_119064.1	1486	2	0
NR_119061.1	1466	2	0
NR_119059.1	1464	1	0
NR_119058.1	1471	4	0
NR_119056.1	1446	1	0
NR_119054.1	1488	4	0
NR_119053.1	1457	109	0
NR_119051.1	1463	2	0
NR_119050.1	1467	6	0
NR_119049.1	1468	3	0
NR_119048.1	1457	348	0
NR_119045.1	1460	1	0
NR_119043.1	1460	1	0
NR_119042.1	1460	2	0
NR_119041.1	1460	2	0
NR_119040.1	1460	2	0
NR_119039.1	1460	1	0
NR_118982.1	1443	1	0
NR_118947.1	1503	1	0
NR_118945.1	1503	2	0
NR_118944.1	1503	2	0
NR_118931.1	1482	139	0
NR_118928.1	1481	144	0
NR_118927.1	1482	147	0
NR_118925.1	1472	159	0
NR_118909.1	1376	1	0
NR_118899.1	1367	1	0
NR_118867.1	1351	1	0
NR_118864.1	1467	1	0
NR_118859.1	1457	184	0
NR_118858.1	1458	41	0
NR_118857.1	1457	157	0
NR_118856.1	1458	291	0
NR_118855.1	1457	174	0
NR_118854.1	1456	238	0
NR_118853.1	1502	1098	0
NR_118806.1	1414	1	0
NR_118798.1	1456	2	0
NR_118770.1	1443	1	0
NR_118763.1	1471	3	0
NR_118762.1	1483	10	0
NR_118758.1	1487	2	0
NR_118751.1	1477	1	0
NR_118747.1	1482	1	0
NR_118745.1	1479	1	0
NR_118744.1	1479	2	0
NR_118743.1	1476	4	0
NR_118742.1	1479	7	0
NR_118717.1	1474	5	0
NR_118713.1	1473	2	0
NR_118695.1	1474	1	0
NR_118659.1	1473	4	0
NR_118658.1	1495	3	0
NR_118657.1	1485	1	0
NR_118656.1	1476	1	0
NR_118655.1	1485	2	0
NR_118638.1	1436	1	0
NR_118588.1	1459	333	0
NR_118571.1	1450	3	0
NR_118569.1	1368	7	0
NR_118568.1	1369	145	0
NR_118556.1	1376	426	0
NR_118547.1	1287	2	0
NR_118537.1	1331	3	0
NR_118531.1	1494	1229	0
NR_118487.1	1294	42	0
NR_118449.1	1438	642	0
NR_118443.1	1291	167	0
NR_118431.1	1493	87	0
NR_118409.1	1498	1	0
NR_118394.1	1500	235	0
NR_118387.1	1439	122	0
NR_118356.1	1426	1	0
NR_118347.1	1535	9	0
NR_118328.1	1422	4	0
NR_118325.1	1271	2	0
NR_118295.1	1531	337	0
NR_118294.1	1531	83	0
NR_118293.1	1531	73	0
NR_118292.1	1530	543	0
NR_118291.1	1530	507	0
NR_118273.1	1344	606	0
NR_118258.1	1458	7	0
NR_118256.1	1525	438	0
NR_118241.1	1464	1	0
NR_118228.1	1530	262	0
NR_118227.1	1530	267	0
NR_118226.1	1530	253	0
NR_118225.1	1530	374	0
NR_118224.1	1530	249	0
NR_118196.1	1355	1	0
NR_118193.1	1347	2	0
NR_118192.1	1346	1	0
NR_118143.1	1364	24	0
NR_118134.1	1494	29	0
NR_118127.1	1345	9	0
NR_118126.1	1345	21	0
NR_118122.1	1344	2943	0
NR_118121.1	1344	879	0
NR_118120.1	1344	1093	0
NR_118106.1	1494	347	0
NR_118105.1	1494	427	0
NR_118099.1	1406	4	0
NR_118095.1	1471	3	0
NR_118093.1	1471	11	0
NR_118092.1	1471	6	0
NR_118091.1	1471	9	0
NR_118088.1	1443	103	0
NR_118087.1	1425	78	0
NR_118082.1	1124	2	0
NR_118076.1	1124	1	0
NR_118075.1	1124	4	0
NR_118063.1	1124	2	0
NR_118061.1	1124	1	0
NR_118058.1	1124	3	0
NR_118057.1	1124	1	0
NR_118053.1	1124	2	0
NR_118052.1	1124	1	0
NR_118051.1	1124	1	0
NR_118044.1	1503	3	0
NR_118043.1	1503	1	0
NR_118042.1	1503	1	0
NR_118037.1	1394	1	0
NR_118011.1	1507	75	0
NR_117969.1	1500	82	0
NR_117930.1	1392	43	0
NR_117895.1	1471	7	0
NR_117893.1	1471	5	0
NR_117890.1	1471	11	0
NR_117887.1	1470	9	0
NR_117884.1	1472	1	0
NR_117849.1	1420	1	0
NR_117793.1	1471	379	0
NR_117789.1	1413	222	0
NR_117784.1	1393	13	0
NR_117769.1	1356	4	0
NR_117763.1	1348	194	0
NR_117753.1	1545	2	0
NR_117752.1	1427	578	0
NR_117751.1	1427	385	0
NR_117750.1	1427	107	0
NR_117704.1	1530	308	0
NR_117698.1	1499	1	0
NR_117686.1	1530	18	0
NR_117685.1	1530	27	0
NR_117683.1	1530	17	0
NR_117682.1	1524	27	0
NR_117680.1	1507	1	0
NR_117679.1	1529	84	0
NR_117678.1	1527	8	0
NR_117677.1	1515	60	0
NR_117661.1	1485	2	0
NR_117630.1	1529	22	0
NR_117629.1	1530	19	0
NR_117628.1	1530	3	0
NR_117626.1	1531	10	0
NR_117625.1	1531	10	0
NR_117624.1	1530	28	0
NR_117623.1	1529	36	0
NR_117622.1	1530	68	0
NR_117621.1	1530	45	0
NR_117620.1	1529	64	0
NR_117619.1	1530	28	0
NR_117575.1	1536	19	0
NR_117553.1	1475	2	0
NR_117530.1	1320	1	0
NR_117526.1	1396	128	0
NR_117512.1	1478	7	0
NR_117508.1	1375	8	0
NR_117424.1	1421	5	0
NR_117405.1	1506	693	0
NR_117353.1	1350	130	0
NR_117305.1	1494	2630	0
NR_117303.1	1504	1	0
NR_117269.1	1527	677	0
NR_117193.1	1527	15	0
NR_117146.1	1545	1	0
NR_117119.1	1522	1	0
NR_117052.1	1416	1	0
NR_117000.1	1493	40	0
NR_116937.1	1428	1	0
NR_116927.1	1295	2	0
NR_116924.1	1379	3	0
NR_116904.1	1521	13	0
NR_116898.1	1495	21	0
NR_116880.1	1503	1	0
NR_116845.1	1528	33	0
NR_116808.1	1488	7	0
NR_116800.1	1502	122	0
NR_116799.1	1361	592	0
NR_116798.1	1505	590	0
NR_116797.1	1506	8700	0
NR_116786.1	1484	16	0
NR_116785.1	1466	5	0
NR_116784.1	1460	3	0
NR_116783.1	1484	9	0
NR_116774.1	1533	41	0
NR_116759.1	1522	3	0
NR_116758.1	1387	556	0
NR_116756.1	1387	360	0
NR_116755.1	1361	26947	0
NR_116754.1	1387	228	0
NR_116753.1	1361	219	0
NR_116752.1	1362	1735	0
NR_116751.1	1387	5803	0
NR_116750.1	1387	6156	0
NR_116749.1	1387	11618	0
NR_116748.1	1376	8348	0
NR_116723.1	1359	1	0
NR_116603.1	1436	28	0
NR_116602.1	1421	1826	0
NR_116586.1	1503	3	0
NR_116585.1	1503	1	0
NR_116584.1	1503	1	0
NR_116478.1	1464	1811	0
NR_116459.1	1490	1	0
NR_116430.1	1285	1170	0
NR_116341.1	1223	42	0
NR_116305.1	1501	24	0
NR_116299.1	1468	1	0
NR_116292.1	1449	4	0
NR_116283.1	1494	314	0
NR_116282.1	1492	534	0
NR_116249.1	1467	1	0
NR_116247.1	1344	12839	0
NR_116246.1	1344	5167	0
NR_116245.1	1344	8140	0
NR_116244.1	1344	1792	0
NR_116230.1	1488	1	0
NR_116175.1	1410	1	0
NR_116172.1	1469	2	0
NR_116168.1	1505	312	0
NR_116167.1	1506	2	0
NR_116157.1	1313	4	0
NR_116156.1	1313	3	0
NR_116155.1	1313	2	0
NR_116154.1	1313	1	0
NR_116153.1	1313	4	0
NR_116152.1	1313	7	0
NR_116151.1	1313	3	0
NR_116150.1	1313	2	0
NR_116149.1	1313	3	0
NR_116126.1	1262	58	0
NR_116125.1	1438	49	0
NR_116124.1	1443	262	0
NR_116115.1	1429	6953	0
NR_116114.1	1443	11551	0
NR_116113.1	1432	10453	0
NR_116112.1	1348	6801	0
NR_116111.1	1422	585	0
NR_116110.1	1494	142	0
NR_116109.1	1494	642	0
NR_116051.1	1541	6	0
NR_116048.1	1345	6	0
NR_116047.1	1344	200	0
NR_116046.1	1343	402	0
NR_116045.1	1345	265	0
NR_116044.1	1344	267	0
NR_116026.1	1506	3	0
NR_115988.1	1500	8	0
NR_115976.1	1461	3	0
NR_115975.1	1461	2	0
NR_115974.1	1461	4	0
NR_115972.1	1461	6	0
NR_115971.1	1461	1	0
NR_115970.1	1461	5	0
NR_115969.1	1461	4	0
NR_115968.1	1461	2	0
NR_115942.1	1424	168	0
NR_115932.1	1251	589	0
NR_115881.1	1476	1	0
NR_115880.1	1485	550	0
NR_115879.1	1479	1	0
NR_115873.1	1305	611	0
NR_115869.1	1440	1	0
NR_115750.1	1356	368	0
NR_115723.1	1245	162	0
NR_115722.1	1266	59	0
NR_115611.1	1370	1	0
NR_115608.1	1453	2	0
NR_115600.1	1435	1	0
NR_115575.1	1479	3	0
NR_115573.1	1479	1	0
NR_115572.1	1482	1	0
NR_115529.1	1484	1	0
NR_115518.1	1472	2	0
NR_115516.1	1472	1	0
NR_115218.1	1362	1	0
NR_115215.1	1362	224	0
NR_115192.1	1499	1	0
NR_115186.1	1461	1	0
NR_115185.1	1461	1	0
NR_115173.1	1447	181	0
NR_115005.1	1466	545	0
NR_114975.1	1521	5	0
NR_114964.1	1478	287	0
NR_114958.1	1511	27	0
NR_114922.1	1463	39	0
NR_114921.1	1462	33	0
NR_114883.1	1497	1	0
NR_114804.1	1494	1	0
NR_114794.1	1371	1	0
NR_114793.1	1370	1	0
NR_114751.1	1369	2	0
NR_114750.1	1362	192	0
NR_114748.1	1342	1	0
NR_114737.1	1511	415	0
NR_114736.1	1516	1033	0
NR_114735.1	1512	6486	0
NR_114716.1	1509	55	0
NR_114715.1	1492	16	0
NR_114714.1	1499	7	0
NR_114712.1	1446	1	0
NR_114711.1	1477	15	0
NR_114706.1	1531	85	0
NR_114705.1	1502	2	0
NR_114704.1	1498	23	0
NR_114701.1	1444	1	0
NR_114641.1	1547	1	0
NR_114632.1	1514	1	0
NR_114631.1	1514	7	0
NR_114630.1	1514	8	0
NR_114629.1	1475	1	0
NR_114589.1	1437	387	0
NR_114579.1	1464	6	0
NR_114578.1	1464	3	0
NR_114577.1	1457	2	0
NR_114576.1	1461	13	0
NR_114575.1	1464	10	0
NR_114523.1	1344	2	0
NR_114522.1	1485	4	0
NR_114520.1	1480	250	0
NR_114507.1	1436	101	0
NR_114506.1	1436	1	0
NR_114505.1	1271	4742	0
NR_114503.1	1436	688	0
NR_114502.1	1436	1008	0
NR_114491.1	1462	4	0
NR_114481.1	1459	2	0
NR_114478.1	1440	9	0
NR_114477.1	1457	12	0
NR_114472.1	1459	20	0
NR_114471.1	1489	14	0
NR_114470.1	1418	2	0
NR_114461.1	1518	2	0
NR_114448.1	1504	1	0
NR_114430.1	1410	2	0
NR_114429.1	1485	1	0
NR_114428.1	1481	1	0
NR_114419.1	1497	1	0
NR_114345.1	1324	392	0
NR_114286.1	1467	174	0
NR_114281.1	1468	2	0
NR_114235.1	1467	86	0
NR_114234.1	1406	12	0
NR_114232.1	1467	57	0
NR_114227.1	1462	1	0
NR_114220.1	1486	1	0
NR_114218.1	1478	165	0
NR_114215.1	1462	45	0
NR_114196.1	1461	35	0
NR_114195.1	1462	12	0
NR_114194.1	1462	3	0
NR_114185.1	1469	1	0
NR_114167.1	1461	7	0
NR_114164.1	1462	7	0
NR_114159.1	1466	76	0
NR_114158.1	1467	301	0
NR_114157.1	1467	20	0
NR_114156.1	1466	4	0
NR_114155.1	1467	428	0
NR_114154.1	1465	775	0
NR_114153.1	1465	97	0
NR_114152.1	1465	296	0
NR_114147.1	1477	12	0
NR_114141.1	1458	1	0
NR_114135.1	1412	1	0
NR_114126.1	1463	1	0
NR_114111.1	1466	13499	0
NR_114108.1	1465	441	0
NR_114107.1	1465	65	0
NR_114080.1	1465	1324	0
NR_114079.1	1467	189	0
NR_114078.1	1469	41	0
NR_114077.1	1467	218	0
NR_114074.1	1462	11	0
NR_114072.1	1462	21	0
NR_114045.1	1478	1	0
NR_114044.1	1478	157	0
NR_114043.1	1467	68	0
NR_114042.1	1467	189	0
NR_114041.1	1463	556	0
NR_114018.1	1468	1	0
NR_113981.1	1470	1	0
NR_113973.1	1470	1	0
NR_113878.1	1414	1	0
NR_113877.1	1457	1	0
NR_113859.1	1461	20	0
NR_113857.1	1462	1	0
NR_113813.1	1472	1	0
NR_113791.1	1479	5	0
NR_113789.1	1478	4	0
NR_113787.1	1478	5	0
NR_113786.1	1478	1	0
NR_113784.1	1477	7	0
NR_113783.1	1477	2	0
NR_113782.1	1478	6	0
NR_113781.1	1478	7	0
NR_113779.1	1460	1	0
NR_113757.1	1467	1	0
NR_113755.1	1462	1	0
NR_113719.1	1487	1	0
NR_113703.1	1467	554	0
NR_113702.1	1465	3	0
NR_113701.1	1465	589	0
NR_113679.1	1443	1	0
NR_113655.1	1406	1	0
NR_113652.1	1462	3	0
NR_113651.1	1462	23	0
NR_113649.1	1462	12	0
NR_113646.1	1462	14	0
NR_113645.1	1458	1	0
NR_113637.1	1412	1	0
NR_113635.1	1470	2	0
NR_113629.1	1458	1	0
NR_113617.1	1462	16	0
NR_113616.1	1468	9	0
NR_113615.1	1465	68	0
NR_113614.1	1465	379	0
NR_113610.1	1478	5	0
NR_113604.1	1478	13	0
NR_113601.1	1462	1	0
NR_113599.1	1461	14	0
NR_113598.1	1465	231	0
NR_113596.1	1467	440	0
NR_113581.1	1462	1	0
NR_113580.1	1468	359	0
NR_113352.1	1460	2	0
NR_113347.1	1464	203	0
NR_113346.1	1460	4	0
NR_113344.1	1465	1	0
NR_113343.1	1460	32	0
NR_113341.1	1462	249	0
NR_113340.1	1464	409	0
NR_113321.1	1468	386	0
NR_113240.1	1462	4	0
NR_113237.1	1459	40	0
NR_113236.1	1464	52	0
NR_113182.1	1400	5	0
NR_113168.1	1421	4	0
NR_113166.1	1481	1	0
NR_113028.1	1486	2	0
NR_113024.1	1456	1	0
NR_112986.1	1434	44	0
NR_112985.1	1473	29	0
NR_112840.1	1504	1	0
NR_112838.1	1415	6	0
NR_112837.1	1414	3	0
NR_112570.1	1225	3	0
NR_112558.1	1110	150	0
NR_112557.1	1110	560	0
NR_112556.1	1110	206	0
NR_112555.1	1110	200	0
NR_112554.1	1110	237	0
NR_112542.1	1422	1	0
NR_112239.1	1409	3	0
NR_112191.1	1436	225	0
NR_112190.1	1480	1	0
NR_112175.1	1145	1	0
NR_112168.1	1452	1	0
NR_112123.1	1361	6	0
NR_112110.1	1432	2	0
NR_112108.1	1443	2	0
NR_112075.1	1504	1	0
NR_112072.1	1505	2	0
NR_112070.1	1505	5	0
NR_112067.1	1511	1	0
NR_112063.1	1491	1	0
NR_112062.1	1507	25	0
NR_112061.1	1506	2	0
NR_112060.1	1506	5	0
NR_112011.1	1451	321	0
NR_112010.1	1441	1013	0
NR_112009.1	1449	2	0
NR_112007.1	1438	99	0
NR_112006.1	1449	177	0
NR_112005.1	1449	390	0
NR_111998.1	1449	83	0
NR_044825.2	1482	132	0
NR_109731.1	1462	1	0
NR_109691.1	1454	1	0
NR_109681.1	1464	1	0
NR_109667.1	1429	1	0
NR_109610.1	1467	1	0
NR_109583.1	1532	8	0
NR_109507.1	1460	7	0
NR_109490.1	1407	9	0
NR_109470.1	1459	12	0
NR_109407.1	1403	1	0
NR_109382.1	1506	1	0
NR_109326.1	1458	2	0
NR_109179.1	1449	30	0
NR_109105.1	1536	5	0
NR_109063.1	1464	1	0
NR_108899.1	1500	14	0
NR_108873.1	1463	186	0
NR_108872.1	1322	1	0
NR_108871.1	1442	1	0
NR_108848.1	1494	381	0
NR_108829.1	1516	1	0
NR_108603.1	1475	7	0
NR_108575.1	1467	2	0
NR_108574.1	1498	1	0
NR_108559.1	1430	12	0
NR_108528.1	1362	1	0
NR_108484.1	1529	3	0
NR_108121.1	1535	146	0
NR_104980.1	1418	541	0
NR_104978.1	1485	11	0
NR_104975.1	1485	4	0
NR_104973.1	1485	2	0
NR_104962.1	1432	7218	0
NR_104948.1	1413	1	0
NR_104943.1	1440	8183	0
NR_104940.1	1478	295	0
NR_104939.1	1532	1	0
NR_104934.1	1527	271	0
NR_104933.1	1527	857	0
NR_104932.1	1529	139	0
NR_104929.1	1533	6	0
NR_104928.1	1524	31500	0
NR_104925.1	1534	117	0
NR_104924.1	1494	1133	0
NR_104923.1	1476	2	0
NR_104913.1	1465	5	0
NR_104903.1	1480	123	0
NR_104884.1	1459	1	0
NR_104870.1	1539	1	0
NR_104838.1	1460	15	0
NR_104826.1	1530	400	0
NR_104824.1	1494	1	0
NR_104823.1	1504	350	0
NR_104770.1	1530	1	0
NR_104767.1	1510	24	0
NR_104760.1	1532	1	0
NR_104742.1	1469	1	0
NR_104724.1	1461	35	0
NR_104722.1	1474	1	0
NR_104715.1	1484	1	0
NR_104709.1	1467	98	0
NR_104569.1	1494	1369	0
NR_104564.1	1533	2	0
NR_104563.1	1469	1	0
NR_104279.1	1484	1	0
NR_044737.2	1433	1	0
NR_044729.2	1488	8	0
NR_102908.1	1455	1	0
NR_102854.1	1526	1	0
NR_102822.1	1531	12	0
NR_102814.1	1537	180	0
NR_102802.1	1543	410	0
NR_102468.1	1481	1	0
NR_102464.1	1480	3	0
NR_102439.1	1507	18	0
NR_074106.1	1493	1	0
NR_074312.2	1529	2	0
NR_074299.2	1528	2	0
NR_074908.1	1544	19739	0
NR_074906.1	1543	2	0
NR_074902.1	1542	618	0
NR_074888.1	1542	2490	0
NR_074853.1	1538	5	0
NR_074841.1	1537	1	0
NR_074830.1	1536	2	0
NR_074823.1	1535	1	0
NR_074819.1	1535	1	0
NR_074805.1	1534	1	0
NR_074782.1	1533	42	0
NR_074698.1	1527	1	0
NR_074670.1	1524	15	0
NR_074628.1	1521	1	0
NR_074603.1	1518	1	0
NR_074534.1	1512	22	0
NR_074521.1	1510	19	0
NR_074443.1	1506	1	0
NR_074390.1	1498	1	0
NR_074317.1	1489	1	0
NR_074314.1	1489	18	0
NR_074297.1	1488	17	0
NR_074282.1	1485	2	0
NR_074266.1	1480	1	0
NR_074261.1	1479	1	0
NR_074244.1	1476	2	0
NR_074208.1	1472	2	0
NR_044980.1	1485	280	0
NR_044978.1	1495	104	0
NR_044977.1	1495	428	0
NR_044976.1	1498	707	0
NR_044975.1	1417	2	0
NR_044924.1	1536	145	0
NR_044911.1	1441	9	0
NR_044901.1	1467	3	0
NR_044853.1	1538	1	0
NR_044851.1	1425	1	0
NR_044845.1	1532	1	0
NR_044838.1	1454	2	0
NR_044827.1	1499	314	0
NR_044800.1	1456	9915	0
NR_044799.1	1502	1001	0
NR_044749.1	1479	134	0
NR_044613.1	1485	2	0
NR_044612.1	1490	2	0
NR_044573.1	1415	1	0
NR_044385.1	1500	44	0
NR_044378.1	1313	3	0
NR_044373.1	1368	62	0
NR_044372.1	1448	65	0
NR_044371.1	1437	74	0
NR_044370.1	1414	42	0
NR_044152.1	1461	3	0
NR_044101.1	1400	242	0
NR_044062.1	1361	148	0
NR_044060.1	1417	202	0
NR_044059.1	1425	221	0
NR_044058.1	1417	150	0
NR_044057.1	1380	127	0
NR_043998.1	1383	7	0
NR_043997.1	1503	1	0
NR_043990.1	1411	27	0
NR_043980.1	1351	580	0
NR_043751.1	1356	381	0
NR_043679.1	1325	350	0
NR_043663.1	1500	3	0
NR_043423.1	1526	342	0
NR_043420.1	1527	1	0
NR_043419.1	1530	1	0
NR_043384.1	1515	20	0
NR_043278.1	1520	3	0
NR_043272.1	1385	1	0
NR_043152.1	1491	1	0
NR_042938.1	1365	1	0
NR_042886.1	1362	1	0
NR_042878.1	1362	337	0
NR_042876.1	1362	2	0
NR_042875.1	1362	1	0
NR_042872.1	1364	1	0
NR_042870.1	1356	3	0
NR_042868.1	1364	3	0
NR_042866.1	1362	2	0
NR_042851.1	1421	1	0
NR_042821.1	1496	2	0
NR_042820.1	1497	2	0
NR_042748.1	1436	654	0
NR_042662.1	1425	27	0
NR_042650.1	1418	4	0
NR_042635.1	1498	4	0
NR_042607.1	1489	4	0
NR_042593.1	1484	1	0
NR_042578.1	1387	1	0
NR_042563.1	1439	1	0
NR_042485.1	1488	3	0
NR_042466.1	1446	24	0
NR_042465.1	1426	23	0
NR_042451.1	1497	6	0
NR_042450.1	1494	12	0
NR_042435.1	1523	5	0
NR_042422.1	1502	108	0
NR_042415.1	1517	520	0
NR_042413.1	1497	1184	0
NR_042412.1	1518	15	0
NR_042411.1	1516	26	0
NR_042356.1	1479	383	0
NR_042349.1	1513	464	0
NR_042343.1	1505	3	0
NR_042342.1	1505	1	0
NR_042337.1	1506	1	0
NR_042328.1	1524	28	0
NR_042327.1	1524	1	0
NR_042325.1	1529	16	0
NR_042288.1	1519	1	0
NR_042234.1	1374	6	0
NR_042191.1	1459	516	0
NR_042155.1	1498	3	0
NR_042147.1	1492	1	0
NR_042145.1	1475	1	0
NR_042125.1	1535	2	0
NR_042121.1	1504	5	0
NR_042106.1	1432	1	0
NR_042105.1	1426	2	0
NR_042066.1	1528	2	0
NR_042062.1	1428	10	0
NR_042026.1	1456	31	0
NR_042021.1	1523	3	0
NR_041979.1	1495	401	0
NR_041978.1	1473	8317	0
NR_041977.1	1491	503	0
NR_041976.1	1497	34	0
NR_041975.1	1509	560	0
NR_041974.1	1504	1078	0
NR_041973.1	1495	605	0
NR_041972.1	1496	28	0
NR_041971.1	1497	171	0
NR_041970.1	1497	228	0
NR_041969.1	1496	1	0
NR_041953.1	1492	2	0
NR_041952.1	1448	4	0
NR_041924.1	1434	19	0
NR_041923.1	1422	18	0
NR_041922.1	1427	29	0
NR_041921.1	1413	24	0
NR_041851.1	1523	1	0
NR_041838.1	1514	8	0
NR_041833.1	1461	3	0
NR_041832.1	1461	7	0
NR_041831.1	1461	2	0
NR_041811.1	1363	1	0
NR_041750.1	1436	90	0
NR_041749.1	1436	1027	0
NR_041727.1	1505	1	0
NR_041725.1	1488	3	0
NR_041720.1	1494	1	0
NR_041719.1	1494	3	0
NR_041696.1	1491	56	0
NR_041688.1	1532	1	0
NR_041653.1	1463	1	0
NR_041651.1	1454	1	0
NR_041597.1	1335	1	0
NR_041592.1	1438	15	0
NR_041554.1	1443	2	0
NR_041527.1	1490	83	0
NR_041445.1	1406	1	0
NR_041396.1	1457	1	0
NR_041259.1	1460	9	0
NR_041207.1	1477	1	0
NR_041039.1	1471	1	0
NR_041036.1	1442	3	0
NR_041035.1	1430	14	0
NR_041034.1	1451	12	0
NR_041026.1	1433	1	0
NR_040963.1	1529	1	0
NR_040930.1	1399	14	0
NR_040847.1	1486	1	0
NR_040830.1	1388	7	0
NR_040798.1	1513	1	0
NR_044741.1	1498	1	0
NR_044654.1	1471	1	0
NR_044396.1	1475	167	0
NR_044318.1	1431	5	0
NR_044304.1	1438	171	0
NR_044076.1	1493	280	0
NR_044044.1	1487	1	0
NR_043885.1	1506	3	0
NR_043883.1	1347	3331	0
NR_043716.1	1482	5	0
NR_043638.1	1542	1	0
NR_043258.1	1486	1	0
NR_043195.1	1499	1	0
NR_043165.1	1436	8	0
NR_042893.1	1441	56	0
NR_042811.1	1511	23	0
NR_041927.1	1468	927	0
NR_041904.1	1470	1	0
NR_041815.1	1499	1	0
NR_041799.1	1492	1	0
NR_037013.2	1503	2	0
NR_036911.2	1503	1	0
NR_025945.2	1503	1	0
NR_037134.1	1527	17	0
NR_037112.1	1508	30	0
NR_037111.1	1502	260	0
NR_037102.1	1529	2	0
NR_037092.1	1522	1	0
NR_037085.1	1454	839	0
NR_037067.1	1546	173	0
NR_037024.1	1476	1	0
NR_037011.1	1502	3	0
NR_036998.1	1491	2	0
NR_036968.1	1500	3	0
NR_036944.1	1465	8	0
NR_036919.1	1497	927	0
NR_036909.1	1527	1	0
NR_036908.1	1527	13	0
NR_036886.1	1532	92	0
NR_036874.1	1487	1	0
NR_036830.1	1456	1	0
NR_036825.1	1519	2	0
NR_036794.1	1534	99	0
NR_036790.1	1537	184	0
NR_036779.1	1448	1	0
NR_029331.1	1500	1	0
NR_029319.1	1408	4	0
NR_029259.1	1457	2	0
NR_029255.1	1467	1	0
NR_029252.1	1460	1	0
NR_029244.1	1454	1	0
NR_029228.1	1466	1	0
NR_029210.1	1528	23	0
NR_029171.1	1484	7	0
NR_029125.1	1407	1	0
NR_029103.1	1531	20	0
NR_029101.1	1396	1	0
NR_029063.1	1531	1	0
NR_029046.1	1418	2	0
NR_029029.1	1472	2	0
NR_028993.1	1451	68	0
NR_028987.1	1492	1	0
NR_028959.1	1370	2	0
NR_028946.1	1542	172	0
NR_028942.1	1415	1	0
NR_028912.1	1511	76	0
NR_028897.1	1519	1	0
NR_028893.1	1507	925	0
NR_028881.1	1521	4	0
NR_028870.1	1540	2	0
NR_028864.1	1391	1	0
NR_028851.1	1325	1	0
NR_028850.1	1325	2	0
NR_028847.1	1493	3	0
NR_028803.1	1459	497	0
NR_028802.1	1453	456	0
NR_028788.1	1437	11	0
NR_028786.1	1503	10	0
NR_028751.1	1485	1	0
NR_028749.1	1485	1	0
NR_028718.1	1513	1	0
NR_028715.1	1512	4	0
NR_028702.1	1400	1	0
NR_028700.1	1497	1	0
NR_028688.1	1530	546	0
NR_028687.1	1530	518	0
NR_028686.1	1522	336	0
NR_028685.1	1496	43	0
NR_028683.1	1468	3	0
NR_028619.1	1528	1	0
NR_027198.1	1484	1	0
NR_027194.1	1481	2	0
NR_025585.1	1452	2	0
NR_025566.1	1362	253	0
NR_025549.1	1494	1	0
NR_025518.1	1494	1	0
NR_025491.1	1468	7	0
NR_025478.1	1435	7	0
NR_025456.1	1424	1	0
NR_025425.1	1465	4	0
NR_025412.1	1466	5	0
NR_025408.1	1488	1	0
NR_025356.1	1444	3	0
NR_025341.1	1502	5	0
NR_025340.1	1495	14	0
NR_025339.1	1490	1	0
NR_025338.1	1516	409	0
NR_025335.1	1485	920	0
NR_025334.1	1490	27	0
NR_025331.1	1498	883	0
NR_025330.1	1495	827	0
NR_025329.1	1504	801	0
NR_025328.1	1505	894	0
NR_025327.1	1504	20	0
NR_025317.1	1407	1	0
NR_025316.1	1488	290	0
NR_025315.1	1391	2	0
NR_025295.1	1505	4	0
NR_025247.1	1507	1	0
NR_025174.1	1516	1	0
NR_025161.1	1461	2	0
NR_025160.1	1461	2	0
NR_025159.1	1461	2	0
NR_025158.1	1461	2	0
NR_025139.1	1446	1	0
NR_025138.1	1484	1	0
NR_025103.1	1502	4	0
NR_025094.1	1495	2	0
NR_025079.1	1523	1	0
NR_025073.1	1535	1	0
NR_025053.1	1483	1	0
NR_025046.1	1492	2	0
NR_025022.1	1458	1	0
NR_025013.1	1408	5	0
NR_025012.1	1462	17	0
NR_025001.1	1431	1	0
NR_024991.1	1459	1	0
NR_024925.1	1453	9	0
NR_024910.1	1517	1	0
NR_024899.1	1504	197	0
NR_024898.1	1504	6	0
NR_024896.1	1504	2	0
NR_024884.1	1506	2	0
NR_024883.1	1414	481	0
NR_024861.1	1511	243	0
NR_024848.1	1494	112	0
NR_024784.1	1348	1	0
NR_024768.1	1466	51	0
NR_024734.1	1489	16	0
NR_024680.1	1494	12	0
NR_024676.1	1438	1	0
NR_024669.1	1494	2	0
NR_024663.1	1461	1	0
NR_024646.1	1466	1	0
NR_024644.1	1442	90	0
NR_024643.1	1438	394	0
NR_024642.1	1449	1129	0
NR_024640.1	1422	118	0
NR_024632.1	1428	198	0
NR_026534.1	1465	20	0
NR_026532.1	1494	5	0
NR_026519.1	1437	5	0
NR_026498.1	1466	1	0
NR_026450.1	1539	5	0
NR_026443.1	1423	1	0
NR_026431.1	1446	1	0
NR_026414.1	1459	1	0
NR_026392.1	1500	3	0
NR_026390.1	1502	1	0
NR_026384.1	1500	5	0
NR_026361.1	1472	1	0
NR_026332.1	1487	65	0
NR_026331.1	1488	239	0
NR_026283.1	1416	4	0
NR_026252.1	1488	1	0
NR_026224.1	1476	1	0
NR_026209.1	1460	35	0
NR_026208.1	1459	24	0
NR_026207.1	1460	6	0
NR_026206.1	1459	49	0
NR_026132.1	1483	1	0
NR_026128.1	1465	7	0
NR_026125.1	1436	3	0
NR_026110.1	1460	1	0
NR_026078.1	1537	33	0
NR_026049.1	1456	27	0
NR_026048.1	1456	458	0
NR_026046.1	1458	392	0
NR_026045.1	1455	9548	0
NR_026033.1	1451	1	0
NR_026030.1	1466	2	0
NR_025991.1	1440	1	0
NR_025983.1	1519	5	0
NR_025947.1	1529	10	0
NR_025938.1	1477	1	0
NR_025937.1	1481	5	0
NR_025907.1	1476	2	0
NR_025890.1	1531	2	0
NR_025881.1	1527	1	0
NR_025875.1	1476	1	0
NR_025861.1	1368	1	0
NR_025852.1	1407	1	0
NR_025794.1	1499	8	0
NR_025764.1	1482	1	0
NR_025763.1	1482	1	0
NR_025675.1	1487	1	0
NR_025656.1	1484	1	0
NR_025635.1	1412	79	0
NR_146849.1	1254	14	0
NR_028903.2	1510	1	0
NR_042154.1	1365	99	0
NR_042081.1	1468	11	0
NR_042053.1	1507	4	0
NR_042049.1	1463	13	0
NR_041980.1	1505	62	0
NR_041968.1	1504	756	0
NR_041850.1	1522	1	0
NR_041837.1	1362	1	0
NR_041715.1	1458	2	0
NR_041702.1	1528	30	0
NR_041616.1	1463	1	0
NR_041547.1	1450	4	0
NR_041397.1	1496	1	0
NR_040998.1	1441	1	0
NR_040878.1	1427	1	0
NR_037076.1	1452	1	0
NR_029362.1	1521	4	0
NR_029358.1	1479	3	0
NR_029227.1	1468	1	0
NR_029225.1	1528	21	0
NR_029222.1	1484	7	0
NR_029211.1	1510	3	0
NR_029209.1	1478	4	0
NR_029113.1	1445	1	0
NR_028979.1	1470	1	0
NR_028938.1	1502	386	0
NR_028892.1	1470	18	0
NR_028891.1	1447	22	0
NR_028830.1	1523	2	0
NR_028677.1	1459	344	0
NR_028672.1	1447	1	0
NR_028639.1	1493	3	0
NR_028014.1	1465	1	0
NR_027587.1	1488	2	0
NR_027554.1	1480	1	0
NR_027549.1	1473	240	0
NR_027546.1	1461	1	0
NR_027545.1	1461	2	0
NR_027544.1	1461	4	0
NR_027543.1	1461	3	0
NR_027540.1	1484	2	0
NR_025610.1	1448	1	0
NR_025569.1	1494	303	0
NR_025477.1	1504	1	0
NR_025423.1	1468	7	0
NR_025392.1	1439	5	0
NR_025342.1	1480	389	0
NR_025337.1	1473	9	0
NR_025333.1	1482	320	0
NR_025332.1	1481	7	0
NR_025243.1	1403	64	0
NR_024996.1	1436	551	0
NR_024908.1	1534	1	0
NR_024820.1	1270	3	0
NR_024795.1	1484	11	0
NR_024770.1	1399	57	0
NR_024769.1	1466	72	0
NR_024727.1	1472	1	0
NR_024706.1	1522	841	0
NR_024641.1	1450	537	0
NR_026388.1	1502	1	0
NR_026266.1	1492	1	0
NR_026210.1	1459	8	0
NR_026129.1	1436	9	0
NR_026126.1	1434	1	0
NR_026124.1	1466	5	0
NR_026056.1	1475	4	0
NR_026050.1	1455	403	0
NR_026047.1	1458	7	0
NR_025703.1	1378	19	0
NR_025661.1	1420	1	0
NR_024570.1	1450	103	0
NR_037084.1	1452	3	0
