NG_087910.1	1026	570	0
NG_087909.1	1029	582	0
NG_087906.1	1013	9	0
NG_087891.1	1084	11	0
NG_087890.1	1084	19	0
NG_087889.1	1084	8	0
NG_087888.1	1084	8	0
NG_087887.1	1084	10	0
NG_087886.1	1071	8	0
NG_087885.1	1084	16	0
NG_087884.1	1084	27	0
NG_087871.1	1009	41	0
NG_087870.1	1009	89	0
NG_087869.1	1009	113	0
NG_087868.1	1006	118	0
NG_087858.1	1627	1	0
NG_081431.1	1136	538	0
NG_081430.1	1135	510	0
NG_081429.1	1127	542	0
NG_081428.1	1130	16	0
NG_081427.1	1128	15	0
NG_081424.1	1013	22	0
NG_081423.1	749	14	0
NG_081420.1	1028	10	0
NG_081419.1	1029	12	0
NG_081418.1	1018	16	0
NG_081417.1	1029	13	0
NG_081416.1	1027	11	0
NG_081412.1	1098	22	0
NG_081411.1	1071	24	0
NG_081410.1	1093	6	0
NG_081409.1	1134	6	0
NG_081404.1	1048	2	0
NG_081398.1	1028	14	0
NG_081396.1	1664	2	0
NG_081383.1	1014	2	0
NG_081380.1	1645	286	0
NG_081377.1	1653	7	0
NG_081366.1	1736	418	0
NG_081364.1	1737	1558	0
NG_065067.1	1010	95	0
NG_065066.1	1009	136	0
NG_067668.1	1106	6	0
NG_067667.1	1106	15	0
NG_078770.1	1106	399	0
NG_078757.1	1647	18	0
NG_078756.1	1595	13	0
NG_078755.1	1607	3	0
NG_078753.1	578	6	0
NG_078741.1	1765	376	0
NG_078738.1	1008	190	0
NG_078737.1	1007	13	0
NG_078736.1	894	14	0
NG_078735.1	1008	13	0
NG_078734.1	1008	12	0
NG_078733.1	1008	12	0
NG_078732.1	1008	12	0
NG_078724.1	1782	621	0
NG_078723.1	1782	1	0
NG_065099.1	1008	17	0
NG_077448.1	1128	128	0
NG_077447.1	1100	367	0
NG_077445.1	1001	8	0
NG_077444.1	1008	2	0
NG_077443.1	1000	1	0
NG_077442.1	985	2	0
NG_077440.1	996	2	0
NG_077431.1	1177	37	0
NG_077428.1	1030	1	0
NG_077406.1	1594	23	0
NG_077405.1	1552	4	0
NG_077402.1	1732	1	0
NG_077400.1	1577	7	0
NG_077397.1	2045	3	0
NG_063443.1	1763	1	0
NG_063441.1	1763	1	0
NG_065501.1	1787	24	0
NG_076804.1	1013	3	0
NG_076797.1	1014	1	0
NG_076791.1	1013	2	0
NG_076790.1	1012	2	0
NG_076789.1	1014	4	0
NG_076788.1	1006	1	0
NG_076784.1	1005	1	0
NG_076783.1	1008	1	0
NG_076778.1	1012	1	0
NG_076776.1	1011	1	0
NG_076770.1	1012	1	0
NG_076769.1	1013	1	0
NG_076763.1	1010	1	0
NG_076761.1	1013	1	0
NG_076759.1	1005	2	0
NG_076758.1	1011	1	0
NG_076757.1	1015	2	0
NG_076754.1	990	2	0
NG_017171.1	1771	6838	0
NG_062940.1	1654	6	0
NG_074968.1	1102	16	0
NG_074967.1	985	12	0
NG_074961.1	1025	138	0
NG_074957.1	991	13	0
NG_074951.1	1016	1	0
NG_074936.1	1013	1	0
NG_074915.1	1360	1	0
NG_074913.1	1669	1	0
NG_074908.1	1046	12	0
NG_074905.1	1607	1	0
NG_074904.1	1626	1	0
NG_064992.1	1183	2	0
NG_073571.1	1084	12	0
NG_073570.1	1088	14	0
NG_073569.1	1084	84	0
NG_073567.1	1714	1	0
NG_073566.1	1729	1	0
NG_073541.1	753	4	0
NG_073521.1	1654	21	0
NG_073520.1	1657	45	0
NG_073516.1	923	1	0
NG_073503.1	1686	2	0
NG_073502.1	1680	1	0
NG_073498.1	1737	2	0
NG_073497.1	1589	4	0
NG_065069.1	1009	244	0
NG_070910.1	1672	1	0
NG_070255.1	996	2	0
NG_070882.1	1802	2	0
NG_070881.1	1781	241	0
NG_070878.1	1761	155	0
NG_070877.1	1964	1064	0
NG_070875.1	1792	1112	0
NG_070874.1	1766	652	0
NG_070864.1	1085	9	0
NG_070862.1	2650	2	0
NG_070860.1	1140	1	0
NG_070856.1	1708	2	0
NG_070855.1	1782	1	0
NG_070851.1	1748	2	0
NG_070850.1	1849	17	0
NG_070849.1	1741	1	0
NG_070847.1	1780	10	0
NG_070808.1	1738	1098	0
NG_070807.1	1686	2	0
NG_070806.1	1771	92	0
NG_070805.1	1771	89	0
NG_070804.1	1788	1	0
NG_070803.1	1787	2	0
NG_070802.1	1783	1	0
NG_070801.1	1776	13	0
NG_070798.1	1357	1	0
NG_070797.1	1774	2082	0
NG_070787.1	1788	1	0
NG_070697.1	1839	346	0
NG_070691.1	1731	1	0
NG_070687.1	1770	2	0
NG_070641.1	1667	1	0
NG_070638.1	1772	375	0
NG_070637.1	1033	1	0
NG_070635.1	1741	245	0
NG_070325.1	1029	1	0
NG_070310.1	1640	1	0
NG_070309.1	1791	7	0
NG_070307.1	1637	3	0
NG_070305.1	1640	1	0
NG_070303.1	1641	1	0
NG_070292.1	1105	12	0
NG_070289.1	1106	12	0
NG_070288.1	1106	12	0
NG_070283.1	1664	1	0
NG_070281.1	1809	1	0
NG_070256.1	996	1	0
NG_070235.1	1750	1	0
NG_070233.1	1782	16	0
NG_070231.1	1762	3	0
NG_070132.1	741	35	0
NG_070131.1	1132	503	0
NG_070130.1	1126	423	0
NG_070129.1	1133	551	0
NG_070122.1	986	2	0
NG_070117.1	1663	8	0
NG_070115.1	1106	7	0
NG_070114.1	1011	1	0
NG_070105.1	1117	1	0
NG_068400.1	967	7	0
NG_068360.1	1739	22	0
NG_068429.1	999	1	0
NG_065592.1	1733	1	0
NG_067705.1	1774	1885	0
NG_067704.1	1773	243	0
NG_067696.1	1113	16	0
NG_067669.1	1107	629	0
NG_067666.1	1025	108	0
NG_067665.1	1025	94	0
NG_067629.1	1294	1	0
NG_062957.1	1655	1	0
NG_065473.1	1711	1	0
NG_065481.1	1679	3	0
NG_065766.1	1046	1	0
NG_065762.1	2028	1	0
NG_065733.1	995	12	0
NG_065732.1	1025	99	0
NG_065717.1	744	26	0
NG_065707.1	1715	17	0
NG_065700.1	1030	1	0
NG_065697.1	1575	1	0
NG_065696.1	1598	2	0
NG_065684.1	1891	1	0
NG_065677.1	999	5	0
NG_065661.1	2203	1	0
NG_065653.1	1106	9	0
NG_065652.1	1106	10	0
NG_065651.1	1566	63	0
NG_065650.1	1595	86	0
NG_065644.1	1097	32	0
NG_065640.1	1071	1	0
NG_065629.1	1611	3	0
NG_065621.1	1608	1	0
NG_065620.1	1109	1	0
NG_065617.1	1584	1	0
NG_065616.1	1615	1	0
NG_065613.1	1578	1	0
NG_065612.1	1617	1	0
NG_065611.1	1574	1	0
NG_065601.1	1755	1	0
NG_065598.1	1356	1	0
NG_065589.1	1753	3	0
NG_065587.1	1752	2	0
NG_065582.1	1152	2	0
NG_065581.1	1722	3	0
NG_065559.1	1078	5	0
NG_065546.1	1719	1	0
NG_065533.1	1648	1	0
NG_065532.1	1722	5	0
NG_065529.1	1687	7	0
NG_065498.1	1760	2	0
NG_065495.1	1732	2	0
NG_065486.1	1781	1	0
NG_065484.1	1706	7	0
NG_065483.1	1754	2	0
NG_065479.1	1710	1	0
NG_065478.1	1708	3	0
NG_065475.1	1724	1	0
NG_065469.1	1639	3	0
NG_065466.1	1740	1	0
NG_065464.1	1750	8	0
NG_013120.1	1647	3	0
NG_062980.1	1656	2	0
NG_065157.1	1804	9	0
NG_065156.1	1806	1	0
NG_065108.1	1871	1	0
NG_065107.1	1779	2	0
NG_065106.1	1602	1	0
NG_065098.1	1006	21	0
NG_065096.1	1069	1	0
NG_065077.1	1004	26	0
NG_065075.1	993	3	0
NG_065072.1	1052	1	0
NG_065070.1	1644	1	0
NG_065068.1	1009	35	0
NG_065065.1	1025	7	0
NG_065057.1	1652	3	0
NG_065042.1	1614	1	0
NG_065011.1	1070	1	0
NG_065009.1	1017	1	0
NG_064998.1	1052	1	0
NG_064991.1	1138	3	0
NG_064986.1	1036	482	0
NG_064985.1	1028	641	0
NG_064984.1	1024	19	0
NG_064983.1	1085	11	0
NG_064982.1	1096	11	0
NG_064976.1	1776	382	0
NG_064969.1	1667	2	0
NG_064968.1	1663	1	0
NG_064959.1	1073	2059	0
NG_064958.1	1724	1142	0
NG_064955.1	1134	2	0
NG_064953.1	1718	2	0
NG_064946.1	1055	1	0
NG_064943.1	1734	1	0
NG_064942.1	1773	1	0
NG_064941.1	1691	1	0
NG_064940.1	1779	1	0
NG_064921.1	1714	1177	0
NG_064920.1	1733	1	0
NG_064908.1	1724	13	0
NG_064907.1	1767	21	0
NG_064906.1	1786	4	0
NG_064905.1	1624	1	0
NG_064902.1	1196	4	0
NG_064899.1	1788	1	0
NG_064889.1	2050	14	0
NG_064880.1	1652	1	0
NG_064878.1	1787	5	0
NG_064871.1	1781	1	0
NG_064870.1	1777	1	0
NG_064864.1	1745	2	0
NG_064861.1	1032	1	0
NG_064858.1	1750	1	0
NG_064848.1	1024	1	0
NG_064839.1	1687	12	0
NG_064824.1	1757	6	0
NG_064814.1	1723	1	0
NG_064807.1	1750	1	0
NG_064803.1	1733	1	0
NG_064800.1	1447	3	0
NG_064797.1	1750	6	0
NG_064795.1	1752	7	0
NG_064794.1	1753	8	0
NG_063645.1	1029	1	0
NG_063617.1	958	1	0
NG_063542.1	1733	1	0
NG_063538.1	1135	1	0
NG_063535.1	1125	1	0
NG_063533.1	1016	1	0
NG_063528.1	2044	1	0
NG_063527.1	1757	1	0
NG_063526.1	1753	6	0
NG_063522.1	1755	4	0
NG_063520.1	1777	2	0
NG_063517.1	1782	16	0
NG_063501.1	1747	1	0
NG_063490.1	1751	1	0
NG_063487.1	1751	1	0
NG_063474.1	1782	1	0
NG_063473.1	1754	1	0
NG_063472.1	1776	1	0
NG_063471.1	1791	2	0
NG_063470.1	1782	4	0
NG_063469.1	1782	2	0
NG_063468.1	1782	10	0
NG_063467.1	1781	1	0
NG_063466.1	1782	129	0
NG_063465.1	1782	1	0
NG_063463.1	1782	1	0
NG_063462.1	1782	1	0
NG_063461.1	1782	15	0
NG_063458.1	1783	25	0
NG_063455.1	1780	1	0
NG_063454.1	1780	2	0
NG_063453.1	1780	1	0
NG_063452.1	1781	2	0
NG_063451.1	2088	1	0
NG_063448.1	1785	2	0
NG_063439.1	1757	2	0
NG_063434.1	1766	2	0
NG_063397.1	1782	1	0
NG_063394.1	1781	1	0
NG_063391.1	1733	1	0
NG_063388.1	1757	1	0
NG_063386.1	1778	33	0
NG_063385.1	1755	4	0
NG_063379.1	1734	3	0
NG_063355.1	1621	10	0
NG_063346.1	1784	1	0
NG_063344.1	1776	1	0
NG_063315.1	1730	1	0
NG_063296.1	1678	1	0
NG_063288.1	1737	14	0
NG_063281.1	1726	1	0
NG_063265.1	1752	2	0
NG_063247.1	1737	1	0
NG_063235.1	1787	20	0
NG_063234.1	1794	5	0
NG_063232.1	1777	2	0
NG_063229.1	1778	3	0
NG_063089.1	1737	2	0
NG_063077.1	1738	1	0
NG_063072.1	1599	1	0
NG_063057.1	1637	1	0
NG_063045.1	1588	1	0
NG_063044.1	1589	2	0
NG_063043.1	1582	2	0
NG_063040.1	2321	2	0
NG_063038.1	1955	1	0
NG_063037.1	1584	1	0
NG_063002.1	1542	8	0
NG_063001.1	1533	2	0
NG_063000.1	1570	5	0
NG_062999.1	2039	1	0
NG_062978.1	1646	10	0
NG_062976.1	1659	1	0
NG_062975.1	1642	5	0
NG_062973.1	1654	26	0
NG_062972.1	1657	22	0
NG_062971.1	1657	14	0
NG_062970.1	1657	11	0
NG_062969.1	1656	12	0
NG_062968.1	1657	19	0
NG_062967.1	1656	10	0
NG_062966.1	1656	10	0
NG_062963.1	1656	1	0
NG_062959.1	1655	1	0
NG_062956.1	1655	2	0
NG_062955.1	1653	1	0
NG_062953.1	1653	1	0
NG_062952.1	1656	1	0
NG_062951.1	1654	1	0
NG_062948.1	1654	1	0
NG_062947.1	1655	1	0
NG_062946.1	1653	1	0
NG_062945.1	1655	3	0
NG_062944.1	1656	3	0
NG_062943.1	1655	8	0
NG_062942.1	1656	1	0
NG_062941.1	1656	1	0
NG_062939.1	1656	2	0
NG_062937.1	1657	8	0
NG_062935.1	1656	1	0
NG_062934.1	1656	1	0
NG_062932.1	1658	1	0
NG_062931.1	1656	10	0
NG_062924.1	1703	1	0
NG_062923.1	1686	86	0
NG_062912.1	1020	1	0
NG_062858.1	1141	3	0
NG_062807.1	1768	2	0
NG_062767.1	1590	1	0
NG_062735.1	1697	152	0
NG_062732.1	1549	7	0
NG_062721.1	1070	1	0
NG_062700.1	1691	2	0
NG_062699.1	1702	2	0
NG_062696.1	1754	1	0
NG_062694.1	1141	1	0
NG_062689.1	2089	1	0
NG_062670.1	1783	1	0
NG_062656.1	1727	9	0
NG_062655.1	1726	12	0
NG_062645.1	1753	1	0
NG_062640.1	1761	1	0
NG_062637.1	1760	1	0
NG_062625.1	1752	4	0
NG_062624.1	1756	4	0
NG_062623.1	1761	1	0
NG_062622.1	1757	3	0
NG_062620.1	1757	1	0
NG_062619.1	1757	7	0
NG_062618.1	1757	5	0
NG_062615.1	1782	119	0
NG_062420.1	1461	812	0
NG_062410.1	1579	1	0
NG_062407.1	1613	1	0
NG_062406.1	1575	2	0
NG_062405.1	1702	1	0
NG_062404.1	1577	1	0
NG_062399.1	1656	1	0
NG_062398.1	1656	1	0
NG_062393.1	1696	105	0
NG_062391.1	1663	3	0
NG_062389.1	1697	14	0
NG_062386.1	1778	1	0
NG_062384.1	1734	1	0
NG_062381.1	1770	1	0
NG_062377.1	1765	1	0
NG_062376.1	1653	1	0
NG_062371.1	1770	1	0
NG_062367.1	1783	21	0
NG_062366.1	1767	1231	0
NG_062194.1	1441	1	0
NG_062193.1	1698	1	0
NG_062181.1	1763	6	0
NG_062165.1	1719	2	0
NG_062163.1	1650	2	0
NG_062162.1	1651	1	0
NG_062161.1	1656	1	0
NG_062147.1	1789	12	0
NG_062145.1	1799	2	0
NG_062143.1	1748	2	0
NG_062141.1	1758	11	0
NG_062140.1	1753	4	0
NG_062139.1	1686	4	0
NG_062138.1	1668	2	0
NG_062137.1	1673	2	0
NG_062136.1	1781	2	0
NG_062133.1	1781	39	0
NG_062131.1	1733	2	0
NG_062130.1	1731	7	0
NG_062125.1	1786	1	0
NG_062122.1	1734	1	0
NG_062109.1	1657	1	0
NG_062106.1	1655	1	0
NG_062104.1	1659	1	0
NG_062101.1	1656	2	0
NG_062098.1	1656	1	0
NG_062097.1	1655	2	0
NG_062096.1	1657	2	0
NG_062094.1	1655	1	0
NG_062092.1	1765	1	0
NG_062088.1	1758	1	0
NG_062087.1	1762	1	0
NG_062085.1	1708	1	0
NG_062084.1	1746	2	0
NG_062082.1	1758	2	0
NG_062081.1	1758	1	0
NG_062073.1	1724	4	0
NG_062071.1	1721	1	0
NG_062048.1	1790	1	0
NG_062042.1	1781	6	0
NG_062033.1	1781	2	0
NG_062030.1	1775	9	0
NG_062029.1	1782	2	0
NG_062028.1	1782	7	0
NG_062027.1	1782	1	0
NG_062026.1	1782	3	0
NG_062025.1	1789	1	0
NG_062024.1	1792	2	0
NG_062023.1	1776	3	0
NG_062022.1	1780	1	0
NG_062019.1	1780	1	0
NG_062013.1	1776	1	0
NG_062012.1	1774	1	0
NG_061301.1	1762	1	0
NG_061287.1	1050	1	0
NG_061284.1	857	191	0
NG_061274.1	996	1	0
NG_061256.1	1809	1	0
NG_061246.1	2310	4	0
NG_061239.1	1448	468	0
NG_061232.1	941	1	0
NG_061226.1	1003	5	0
NG_061221.1	2699	1	0
NG_061212.1	1659	4	0
NG_061196.1	1697	1	0
NG_061173.1	767	430	0
NG_061171.1	1547	33	0
NG_061168.1	1554	1	0
NG_061166.1	1719	1	0
NG_061162.1	1654	1	0
NG_061159.1	1656	1	0
NG_061158.1	1657	13	0
NG_061157.1	1656	3	0
NG_061155.1	1656	3	0
NG_061154.1	1655	1	0
NG_061153.1	1656	1	0
NG_061152.1	1655	1	0
NG_061151.1	1656	1	0
NG_061144.1	1764	1	0
NG_061140.1	1649	102	0
NG_061132.1	1749	1	0
NG_061130.1	1752	1	0
NG_061126.1	1646	7	0
NG_061121.1	1005	1	0
NG_061115.1	1775	236	0
NG_061114.1	1664	2	0
NG_061113.1	1664	4	0
NG_061104.1	1735	1	0
NG_061088.1	1744	2	0
NG_061077.1	2459	1	0
NG_061076.1	1684	2	0
NG_061070.1	1138	1	0
NG_061062.1	1095	4	0
NG_061059.1	1575	1	0
NG_061056.1	1715	151	0
NG_061055.1	1785	5	0
NG_061053.1	1769	6837	0
NG_061045.1	1792	1	0
NG_061041.1	1730	3	0
NG_061038.1	1756	13	0
NG_061037.1	1739	1	0
NG_061034.1	1759	8	0
NG_061031.1	1783	1	0
NG_061028.1	1672	1	0
NG_061026.1	1849	7	0
NG_061012.1	1010	1	0
NG_061011.1	1776	6888	0
NG_061010.1	1752	8	0
NG_061009.1	1751	2	0
NG_061008.1	1762	3	0
NG_060991.1	990	3	0
NG_060988.1	1778	2	0
NG_060986.1	1781	14	0
NG_060985.1	1782	1	0
NG_060983.1	1781	5	0
NG_060974.1	1781	2	0
NG_060972.1	1740	3	0
NG_013175.1	1776	175	0
NG_017187.1	1751	42	0
NG_017185.1	1816	14	0
NG_017179.1	1787	1	0
NG_017174.1	1770	11	0
NG_017173.1	2620	6759	0
NG_017172.1	1796	28	0
NG_017168.1	1784	6754	0
NG_016527.1	1779	1	0
NG_013154.1	1715	26	0
NG_013193.1	1618	1	0
NG_017176.1	1463	13	0
