NG_088149.1	1402	2	0
NG_088148.1	1379	3	0
NG_088147.1	1387	1	0
NG_088146.1	1391	23	0
NG_088141.1	1334	7	0
NG_079683.1	1329	13	0
NG_088354.1	888	1	0
NG_088352.1	1372	13	0
NG_088318.1	1333	1	0
NG_088317.1	1342	24	0
NG_088316.1	1344	23	0
NG_088315.1	1344	52	0
NG_088311.1	1350	481	0
NG_088310.1	1360	11	0
NG_088309.1	1348	1	0
NG_088307.1	1379	43	0
NG_088305.1	1378	1	0
NG_088304.1	1384	5	0
NG_088301.1	913	1	0
NG_088298.1	1345	21	0
NG_088294.1	810	2	0
NG_088291.1	862	1	0
NG_088282.1	868	327	0
NG_088280.1	1049	1	0
NG_088253.1	1385	31	0
NG_088246.1	1402	2	0
NG_088239.1	1350	14	0
NG_088237.1	1337	2	0
NG_088236.1	1283	2	0
NG_088235.1	1344	2	0
NG_088234.1	1389	1	0
NG_088232.1	929	1	0
NG_088230.1	1391	6	0
NG_088229.1	1390	44	0
NG_088215.1	1384	2	0
NG_088214.1	1389	8	0
NG_088213.1	1390	11	0
NG_088203.1	1275	13	0
NG_088198.1	1392	16	0
NG_088197.1	1334	2	0
NG_088196.1	1334	4	0
NG_088195.1	1345	4	0
NG_088185.1	970	22	0
NG_088184.1	968	1	0
NG_088179.1	1344	20	0
NG_088175.1	1311	1	0
NG_088174.1	621	1	0
NG_088159.1	1393	3	0
NG_088152.1	945	8	0
NG_088145.1	913	1	0
NG_088142.1	1390	3	0
NG_088140.1	1355	35	0
NG_088138.1	860	1	0
NG_088125.1	837	1	0
NG_088124.1	847	1	0
NG_088122.1	1310	5	0
NG_088104.1	1206	2	0
NG_088103.1	1354	16	0
NG_088095.1	1265	1	0
NG_088087.1	865	1	0
NG_088085.1	917	1	0
NG_088083.1	1297	20	0
NG_088069.1	867	7	0
NG_088062.1	1347	3	0
NG_088061.1	1344	13	0
NG_088060.1	1334	12	0
NG_088042.1	1299	5	0
NG_088041.1	1291	4	0
NG_088040.1	1291	5	0
NG_088039.1	1288	8	0
NG_088037.1	828	2898	0
NG_088034.1	872	1	0
NG_088033.1	886	1	0
NG_088032.1	869	1	0
NG_088025.1	1350	3	0
NG_088020.1	1280	21	0
NG_088019.1	614	1	0
NG_088018.1	1314	9	0
NG_088017.1	1364	5	0
NG_088016.1	1431	34	0
NG_088008.1	640	1	0
NG_064334.1	882	2	0
NG_064326.1	893	2	0
NG_058018.1	1313	1	0
NG_081529.1	907	2	0
NG_081516.1	1286	4	0
NG_081514.1	849	8	0
NG_081472.1	536	7	0
NG_081469.1	665	7	0
NG_081464.1	847	12	0
NG_081309.1	811	4	0
NG_081296.1	899	1	0
NG_081284.1	1330	2	0
NG_081283.1	950	10	0
NG_081282.1	946	1	0
NG_081281.1	944	1	0
NG_081280.1	944	4	0
NG_081279.1	944	1	0
NG_075323.1	897	2	0
NG_060409.1	1367	2	0
NG_060408.1	1375	8	0
NG_077386.1	915	1	0
NG_074502.1	937	5	0
NG_069325.1	1325	38	0
NG_069113.1	873	7	0
NG_069112.1	874	4	0
NG_068872.1	1283	20	0
NG_068871.1	1281	46	0
NG_068870.1	1255	34	0
NG_068869.1	1289	13	0
NG_068734.1	1347	3	0
NG_064336.1	889	1	0
NG_064332.1	877	3	0
NG_064324.1	885	1	0
NG_059107.1	1349	11	0
NG_058907.1	939	1	0
NG_058839.1	882	5	0
NG_058803.1	954	2	0
NG_058802.1	953	33	0
NG_058800.1	951	1	0
NG_058798.1	954	1	0
NG_058791.1	952	6	0
NG_058790.1	926	4	0
NG_058785.1	954	7	0
NG_058784.1	963	3	0
NG_042652.1	1344	1	0
NG_042651.1	1342	3	0
NG_042609.1	1347	15	0
NG_079713.1	1269	4	0
NG_079710.1	1346	3	0
NG_079709.1	1340	2	0
NG_079708.1	918	2	0
NG_079706.1	1324	24	0
NG_079704.1	1284	1	0
NG_079703.1	1329	2	0
NG_079701.1	943	5	0
NG_079700.1	787	2	0
NG_079693.1	881	18	0
NG_079692.1	884	3	0
NG_079691.1	883	21	0
NG_079689.1	884	23	0
NG_079687.1	1373	36	0
NG_079686.1	1288	17	0
NG_079685.1	1316	47	0
NG_079684.1	1344	25	0
NG_079671.1	1349	7	0
NG_079661.1	1326	1	0
NG_079646.1	1380	1	0
NG_079640.1	1316	31	0
NG_079638.1	1297	2	0
NG_079637.1	1265	2	0
NG_079636.1	1291	2	0
NG_079635.1	1297	12	0
NG_079634.1	1291	7	0
NG_079633.1	1291	3	0
NG_079632.1	1291	4	0
NG_079631.1	1137	3	0
NG_079630.1	1290	4	0
NG_079629.1	1355	4	0
NG_079628.1	800	1	0
NG_079626.1	1350	16	0
NG_079569.1	819	4	0
NG_079561.1	824	1	0
NG_079525.1	876	12	0
NG_067775.1	1435	6	0
NG_059645.1	947	1	0
NG_078691.1	937	4	0
NG_078681.1	921	38	0
NG_078677.1	883	1	0
NG_078668.1	942	1	0
NG_078654.1	924	1	0
NG_078640.1	1278	43	0
NG_078637.1	1391	20	0
NG_078635.1	869	1	0
NG_078634.1	880	1	0
NG_064005.1	931	20	0
NG_077393.1	906	1	0
NG_077391.1	903	1	0
NG_077387.1	773	5	0
NG_064046.1	949	2	0
NG_060382.1	3250	12	0
NG_054840.1	529	1	0
NG_066352.1	3183	12	0
NG_064396.1	907	2	0
NG_060406.1	1379	176	0
NG_060083.1	781	1	0
NG_055354.1	3283	646	0
NG_076697.1	924	1	0
NG_058139.1	1375	2	0
NG_055355.1	3269	29	0
NG_075400.1	878	1	0
NG_075399.1	878	1	0
NG_075396.1	1357	12	0
NG_075373.1	873	4	0
NG_075371.1	842	2	0
NG_075370.1	871	1	0
NG_075369.1	873	1	0
NG_075368.1	925	1	0
NG_075351.1	858	3	0
NG_075348.1	1730	1	0
NG_075341.1	1367	43	0
NG_075336.1	1361	10	0
NG_075334.1	982	1	0
NG_075330.1	1388	4	0
NG_075322.1	1356	2	0
NG_075321.1	868	1	0
NG_075320.1	1389	6	0
NG_075319.1	1341	8	0
NG_075318.1	1349	4	0
NG_075315.1	1348	13	0
NG_075314.1	1349	1	0
NG_075311.1	1341	14	0
NG_075306.1	935	1	0
NG_075305.1	907	4	0
NG_075304.1	935	3	0
NG_075303.1	935	1	0
NG_075300.1	3106	10	0
NG_075291.1	1352	1	0
NG_075289.1	897	1	0
NG_075288.1	1382	1	0
NG_075283.1	1395	1	0
NG_075234.1	794	2	0
NG_075232.1	1347	6	0
NG_075231.1	1346	4	0
NG_075230.1	1332	34	0
NG_075214.1	1340	13	0
NG_075213.1	1342	14	0
NG_075212.1	1345	5	0
NG_075209.1	1325	3	0
NG_075207.1	1353	1	0
NG_075206.1	1343	6	0
NG_075201.1	1044	2	0
NG_075187.1	1378	13	0
NG_075185.1	1350	20	0
NG_075184.1	1349	18	0
NG_075183.1	1347	6	0
NG_075182.1	1350	15	0
NG_075181.1	1352	16	0
NG_075180.1	1350	17	0
NG_075179.1	586	7	0
NG_075178.1	1374	27	0
NG_075167.1	1338	28	0
NG_075166.1	1392	1	0
NG_075163.1	1389	17	0
NG_075161.1	3224	8	0
NG_075155.1	1301	60	0
NG_027566.1	3087	86	0
NG_074504.1	1280	17	0
NG_074503.1	937	8	0
NG_074501.1	936	4	0
NG_074474.1	910	7	0
NG_074473.1	917	5	0
NG_074472.1	894	3	0
NG_074471.1	1018	439	0
NG_074468.1	849	5	0
NG_074467.1	979	2	0
NG_074457.1	1038	676	0
NG_074455.1	1055	6	0
NG_074454.1	877	4	0
NG_074453.1	1075	2	0
NG_074434.1	1357	1	0
NG_057674.1	1078	9	0
NG_067808.1	895	1	0
NG_057852.1	3295	332	0
NG_073828.1	882	4	0
NG_073827.1	884	39	0
NG_073820.1	1380	1	0
NG_073786.1	911	1	0
NG_073785.1	835	3	0
NG_073778.1	649	3	0
NG_073753.1	891	2	0
NG_073750.1	892	1	0
NG_073692.1	951	8	0
NG_073613.1	879	1	0
NG_073607.1	818	1	0
NG_073606.1	940	3	0
NG_073598.1	1339	73	0
NG_073595.1	1385	33	0
NG_073581.1	1333	6	0
NG_073626.1	888	6	0
NG_060125.1	1375	138	0
NG_071250.1	917	5	0
NG_071246.1	1272	24	0
NG_071245.1	1326	92	0
NG_071239.1	876	1	0
NG_068816.1	900	5	0
NG_070934.1	811	1	0
NG_070933.1	856	1	0
NG_070931.1	869	1	0
NG_070922.1	820	2	0
NG_070522.1	1435	4	0
NG_057945.1	1459	4	0
NG_057899.1	1405	1	0
NG_057898.1	1429	2	0
NG_042568.1	1429	4	0
NG_042560.1	1428	2	0
NG_042556.1	1430	1	0
NG_042555.1	1382	2	0
NG_042550.1	1429	1	0
NG_042539.1	1429	2	0
NG_070844.1	1329	18	0
NG_070841.1	943	2	0
NG_070836.1	988	1	0
NG_070832.1	1298	2	0
NG_070823.1	1359	4	0
NG_070818.1	819	1	0
NG_070811.1	1386	8	0
NG_070810.1	1389	3	0
NG_070809.1	1046	12	0
NG_070815.1	872	11	0
NG_070814.1	1305	3	0
NG_070812.1	944	2	0
NG_070558.1	966	1	0
NG_070553.1	935	4	0
NG_070552.1	936	2	0
NG_070549.1	691	1	0
NG_070512.1	3248	18	0
NG_070508.1	630	1	0
NG_070502.1	1319	2	0
NG_060647.1	1379	14	0
NG_070391.1	1436	15	0
NG_070364.1	700	1	0
NG_070363.1	1207	1	0
NG_070362.1	1327	1	0
NG_070356.1	1315	3	0
NG_070392.1	1436	12	0
NG_068542.1	1334	16	0
NG_068541.1	1393	18	0
NG_069961.1	908	1	0
NG_069960.1	902	1	0
NG_069953.1	899	1	0
NG_069950.1	900	2	0
NG_069949.1	900	1	0
NG_069918.1	860	2	0
NG_069897.1	899	2	0
NG_069896.1	905	1	0
NG_069895.1	904	1	0
NG_069893.1	902	1	0
NG_069891.1	904	1	0
NG_069823.1	923	42	0
NG_069822.1	924	42	0
NG_069783.1	1327	1	0
NG_069779.1	901	1	0
NG_069419.1	942	1	0
NG_069418.1	935	2	0
NG_069409.1	937	5	0
NG_069369.1	1305	2	0
NG_069368.1	1302	1	0
NG_069351.1	813	1	0
NG_069324.1	885	25	0
NG_069323.1	871	14	0
NG_069322.1	870	7	0
NG_069264.1	868	29	0
NG_069171.1	874	12	0
NG_069151.1	2040	2	0
NG_069150.1	2035	2	0
NG_069149.1	2029	1	0
NG_069117.1	912	1	0
NG_069114.1	1293	4	0
NG_069075.1	623	1	0
NG_069074.1	628	1	0
NG_069054.1	1327	2	0
NG_069047.1	1327	1	0
NG_069043.1	1327	1	0
NG_069037.1	1327	1	0
NG_069004.1	3250	460	0
NG_069003.1	3257	24	0
NG_068998.1	1274	1	0
NG_068990.1	844	2	0
NG_068981.1	564	1	0
NG_068969.1	973	3	0
NG_068965.1	630	5	0
NG_068961.1	1311	1	0
NG_068968.1	973	3	0
NG_068782.1	1371	17	0
NG_068924.1	681	8	0
NG_068918.1	892	1	0
NG_068907.1	906	13	0
NG_068897.1	892	1	0
NG_068890.1	853	1	0
NG_068884.1	846	1	0
NG_068881.1	1378	21	0
NG_068873.1	1287	2155	0
NG_068868.1	1293	5	0
NG_068867.1	1273	12	0
NG_068861.1	947	1	0
NG_068860.1	1031	39	0
NG_068859.1	1024	5	0
NG_068850.1	1312	21	0
NG_068846.1	1343	15	0
NG_068844.1	1304	6	0
NG_068822.1	1372	19	0
NG_068821.1	1312	4	0
NG_068813.1	1401	2	0
NG_068812.1	1401	2	0
NG_068806.1	1381	17	0
NG_068805.1	1378	15	0
NG_068795.1	896	17	0
NG_068793.1	894	270	0
NG_068788.1	1321	1	0
NG_068773.1	703	1	0
NG_068769.1	1385	6	0
NG_068765.1	1397	8	0
NG_068764.1	1343	14	0
NG_068758.1	969	1	0
NG_068750.1	1420	2	0
NG_068749.1	1375	1	0
NG_068747.1	2044	1	0
NG_068737.1	1397	17	0
NG_068692.1	820	1	0
NG_068663.1	1738	1	0
NG_068658.1	832	233	0
NG_068655.1	1392	36	0
NG_068654.1	1389	42	0
NG_068568.1	1391	1	0
NG_068564.1	1344	5	0
NG_068543.1	1394	21	0
NG_068536.1	1386	3	0
NG_068534.1	1384	11	0
NG_068533.1	983	3	0
NG_068526.1	644	1	0
NG_059101.1	920	25	0
NG_055136.1	3235	59	0
NG_060065.1	632	1	0
NG_059967.1	2045	1	0
NG_057229.1	1390	48	0
NG_057016.1	2028	37	0
NG_068286.1	941	1	0
NG_068271.1	1350	1	0
NG_068270.1	714	1	0
NG_068289.1	1417	15	0
NG_068265.1	1368	8	0
NG_068252.1	2422	16	0
NG_066407.1	1353	16	0
NG_064382.1	902	77	0
NG_057276.1	935	5	0
NG_057274.1	870	35	0
NG_057260.1	1392	23	0
NG_057259.1	1407	47	0
NG_057248.1	1431	28	0
NG_057200.1	1428	143	0
NG_057196.1	1436	5	0
NG_057188.1	947	3	0
NG_060356.1	695	5	0
NG_042597.1	1429	78	0
NG_042419.1	961	1	0
NG_067873.1	1139	1	0
NG_067838.1	971	2	0
NG_067824.1	1382	19	0
NG_067816.1	1369	28	0
NG_067791.1	773	1	0
NG_067777.1	853	3	0
NG_067822.1	1439	134	0
NG_067785.1	1371	13	0
NG_067776.1	1073	9	0
NG_067772.1	3257	68	0
NG_067565.1	1271	28	0
NG_067564.1	1290	30	0
NG_058739.1	5088	94	0
NG_067315.1	937	9	0
NG_067314.1	935	71	0
NG_066146.1	630	7	0
NG_059088.1	952	2	0
NG_059086.1	952	8	0
NG_058402.1	599	295	0
NG_066408.1	857	47	0
NG_066463.1	1995	18	0
NG_066418.1	1389	2	0
NG_066405.1	957	11	0
NG_066400.1	935	3	0
NG_066387.1	1293	1089	0
NG_066384.1	643	1	0
NG_066378.1	1315	1	0
NG_066373.1	982	1	0
NG_066355.1	3249	8	0
NG_066354.1	3259	36	0
NG_066353.1	3102	14	0
NG_066351.1	3592	8	0
NG_066350.1	3251	7	0
NG_066349.1	3228	7	0
NG_066348.1	5042	35	0
NG_066254.1	936	1	0
NG_066247.1	943	1	0
NG_066184.1	932	19	0
NG_066179.1	936	4	0
NG_066154.1	3243	25	0
NG_058977.1	907	1	0
NG_064598.1	877	2	0
NG_064597.1	869	1	0
NG_064595.1	864	1	0
NG_064593.1	882	1	0
NG_064590.1	872	3	0
NG_064589.1	894	8	0
NG_064587.1	863	91	0
NG_064584.1	865	52	0
NG_064581.1	883	2	0
NG_064574.1	873	1	0
NG_064570.1	860	29	0
NG_064566.1	855	29	0
NG_064564.1	839	1	0
NG_064561.1	869	2	0
NG_064560.1	832	12	0
NG_064559.1	878	18	0
NG_064556.1	869	10	0
NG_064505.1	916	1	0
NG_064500.1	846	5	0
NG_064499.1	866	1	0
NG_064480.1	1314	1	0
NG_064472.1	886	1	0
NG_064464.1	912	3	0
NG_064441.1	966	1	0
NG_064439.1	967	3	0
NG_064438.1	952	39	0
NG_064437.1	950	2	0
NG_064436.1	948	14	0
NG_064435.1	941	2	0
NG_064434.1	956	5	0
NG_064433.1	956	2	0
NG_064491.1	661	2	0
NG_064489.1	1380	126	0
NG_064486.1	1128	3	0
NG_064481.1	904	2	0
NG_064470.1	867	6	0
NG_064468.1	867	4	0
NG_064445.1	1383	19	0
NG_064444.1	1425	26	0
NG_064421.1	1239	76	0
NG_064418.1	1365	44	0
NG_064412.1	1344	2	0
NG_064411.1	1328	19	0
NG_064403.1	926	2	0
NG_064402.1	952	8	0
NG_064401.1	914	6	0
NG_064387.1	1374	2	0
NG_064386.1	1293	2	0
NG_064404.1	1120	6	0
NG_064389.1	950	1	0
NG_064365.1	936	1	0
NG_064355.1	1363	1	0
NG_064354.1	1374	19	0
NG_064345.1	1401	1	0
NG_064342.1	877	2	0
NG_064339.1	898	4	0
NG_064335.1	881	2	0
NG_064331.1	875	6	0
NG_064329.1	918	3	0
NG_064327.1	888	2	0
NG_064325.1	882	1	0
NG_064323.1	869	3	0
NG_064315.1	2846	16	0
NG_064313.1	3248	8	0
NG_064312.1	3260	21	0
NG_064306.1	943	1	0
NG_064305.1	865	2	0
NG_064265.1	914	1	0
NG_064161.1	906	1	0
NG_064126.1	935	3	0
NG_064095.1	914	1	0
NG_064059.1	940	2	0
NG_063987.1	962	2	0
NG_063968.1	1038	7	0
NG_063966.1	939	1	0
NG_063948.1	1545	7	0
NG_059217.1	810	4	0
NG_055731.1	3250	8	0
NG_055729.1	1390	1	0
NG_055690.1	3298	8	0
NG_055395.1	3301	15	0
NG_055394.1	3280	8	0
NG_055393.1	3076	31	0
NG_055392.1	3308	25	0
NG_055391.1	3243	32	0
NG_055365.1	3272	14	0
NG_055364.1	3249	5	0
NG_055363.1	3282	7	0
NG_055362.1	3284	46	0
NG_055361.1	3290	31	0
NG_055360.1	3275	43	0
NG_055359.1	3238	16	0
NG_055358.1	3270	17	0
NG_055357.1	3238	12	0
NG_055353.1	4349	14	0
NG_055352.1	3285	77	0
NG_055351.1	4174	197	0
NG_055350.1	4553	82	0
NG_055349.1	4788	172	0
NG_055348.1	3265	210	0
NG_055347.1	3269	179	0
NG_055346.1	3282	66	0
NG_055345.1	3282	40	0
NG_055343.1	4469	24	0
NG_055342.1	3584	51	0
NG_055341.1	4578	15	0
NG_055340.1	3718	11	0
NG_055339.1	3244	33	0
NG_055338.1	3260	26	0
NG_055337.1	3664	21	0
NG_055336.1	3678	23	0
NG_055335.1	3265	16	0
NG_055334.1	3253	15	0
NG_055333.1	3659	96	0
NG_055332.1	4949	86	0
NG_055331.1	3244	4	0
NG_055330.1	3264	5	0
NG_055329.1	3257	22	0
NG_055328.1	3242	39	0
NG_055324.1	3258	62	0
NG_055323.1	3246	22	0
NG_055322.1	3207	30	0
NG_055321.1	3258	368	0
NG_055320.1	3198	13	0
NG_055319.1	3205	4	0
NG_055214.1	3242	19	0
NG_055213.1	3241	56	0
NG_055211.1	3223	24	0
NG_055210.1	3242	35	0
NG_055202.1	3279	14	0
NG_055200.1	3260	5	0
NG_055199.1	3257	17	0
NG_055198.1	3257	14	0
NG_055197.1	3257	18	0
NG_055196.1	3231	24	0
NG_055195.1	3227	40	0
NG_055194.1	3225	24	0
NG_055193.1	3277	14	0
NG_055192.1	3278	47	0
NG_055191.1	3259	47	0
NG_055190.1	3270	115	0
NG_055189.1	4208	26	0
NG_055188.1	3269	38	0
NG_055187.1	3262	37	0
NG_055186.1	4439	39	0
NG_055185.1	3292	188	0
NG_055184.1	4689	68	0
NG_055183.1	3249	16	0
NG_055181.1	3663	19	0
NG_055180.1	3038	11	0
NG_055179.1	3231	12	0
NG_055160.1	3278	26	0
NG_055159.1	3273	16	0
NG_055158.1	3282	10	0
NG_055157.1	3242	32	0
NG_055156.1	3243	29	0
NG_055154.1	3178	46	0
NG_055153.1	3180	24	0
NG_055152.1	3235	56	0
NG_055151.1	3237	60	0
NG_055150.1	3233	46	0
NG_055149.1	3181	52	0
NG_055148.1	3210	44	0
NG_055147.1	3187	50	0
NG_055146.1	3191	85	0
NG_055145.1	3229	41	0
NG_055144.1	3234	26	0
NG_055143.1	3234	78	0
NG_055142.1	3232	48	0
NG_055141.1	3211	75	0
NG_055140.1	3227	52	0
NG_055139.1	3226	25	0
NG_055138.1	3237	36	0
NG_055137.1	3230	63	0
NG_055135.1	3191	26	0
NG_055134.1	3232	29	0
NG_055133.1	3242	34	0
NG_055132.1	3238	39	0
NG_055131.1	3229	28	0
NG_055130.1	3258	29	0
NG_055129.1	3263	26	0
NG_055128.1	3209	26	0
NG_055127.1	3214	19	0
NG_055126.1	3270	8	0
NG_055125.1	3197	10	0
NG_055124.1	3321	4	0
NG_055122.1	3218	20	0
NG_055121.1	3218	16	0
NG_055120.1	3219	20	0
NG_055119.1	3220	11	0
NG_055118.1	3231	15	0
NG_055117.1	3208	38	0
NG_055116.1	3240	19	0
NG_055115.1	3233	19	0
NG_055114.1	3234	17	0
NG_055113.1	3252	8	0
NG_055112.1	3197	17	0
NG_055111.1	3199	24	0
NG_055110.1	3197	20	0
NG_055108.1	3166	19	0
NG_055107.1	3195	228	0
NG_055106.1	3199	22	0
NG_055105.1	3199	28	0
NG_055104.1	3231	53	0
NG_055103.1	3169	17	0
NG_055102.1	3166	8	0
NG_055101.1	3159	17	0
NG_055100.1	3162	18	0
NG_055099.1	3160	13	0
NG_055098.1	3098	1653	0
NG_055097.1	3158	220	0
NG_055096.1	3157	29	0
NG_055065.1	574	1	0
NG_055063.1	3297	8	0
NG_055048.1	3213	7	0
NG_055036.1	3309	16	0
NG_055033.1	3315	13	0
NG_055032.1	3315	11	0
NG_055031.1	3301	10	0
NG_055030.1	3272	19	0
NG_055029.1	3277	9	0
NG_055028.1	3276	12	0
NG_054831.1	3230	12	0
NG_054830.1	3198	14	0
NG_054819.1	3183	14	0
NG_054805.1	3284	14	0
NG_054804.1	3284	14	0
NG_042695.1	1789	1529	0
NG_042694.1	1788	2605	0
NG_042693.1	1795	730	0
NG_042692.1	1781	2709	0
NG_042663.1	885	1	0
NG_042649.1	3385	737	0
NG_042648.1	3094	578	0
NG_042647.1	3263	145	0
NG_042646.1	3262	9	0
NG_042645.1	3222	4	0
NG_042644.1	3246	10	0
NG_042643.1	3234	10	0
NG_042642.1	3219	15	0
NG_042641.1	3217	13	0
NG_042640.1	3261	35	0
NG_042639.1	3266	16	0
NG_042638.1	3255	28	0
NG_042637.1	3256	33	0
NG_042636.1	3260	24	0
NG_042635.1	3259	35	0
NG_042634.1	3260	12	0
NG_042633.1	3251	21	0
NG_042632.1	3253	32	0
NG_042631.1	3199	599	0
NG_042630.1	3271	10	0
NG_042629.1	3279	16	0
NG_042628.1	3278	19	0
NG_042627.1	3243	19	0
NG_042626.1	3266	4	0
NG_042625.1	3278	6	0
NG_042624.1	3282	20	0
NG_042623.1	3284	13	0
NG_042622.1	3312	62	0
NG_042621.1	3298	7	0
NG_042610.1	1350	2	0
NG_042608.1	1349	3	0
NG_042607.1	1350	14	0
NG_042596.1	1423	197	0
NG_042570.1	1429	1	0
NG_042566.1	1428	2	0
NG_042565.1	1356	1	0
NG_042563.1	1428	1	0
NG_042549.1	1429	2	0
NG_042548.1	1428	1	0
NG_042547.1	1429	4	0
NG_042543.1	1398	1	0
NG_042542.1	1372	16	0
NG_042540.1	1406	1	0
NG_042528.1	3268	26	0
NG_042527.1	2990	33	0
NG_042524.1	3678	220	0
NG_042523.1	1395	38	0
NG_042521.1	1769	19	0
NG_042480.1	600	14	0
NG_042479.1	1102	2	0
NG_042478.1	1074	2	0
NG_042464.1	1371	13	0
NG_042446.1	3238	470	0
NG_042445.1	3211	23	0
NG_042444.1	3212	26	0
NG_042439.1	3260	16	0
NG_042438.1	3251	18	0
NG_042437.1	3261	11	0
NG_042436.1	3619	16	0
NG_042435.1	3255	129	0
NG_042434.1	3255	129	0
NG_042433.1	3807	96	0
NG_042432.1	3271	19	0
NG_042431.1	3710	8	0
NG_042430.1	3687	13	0
NG_042429.1	3701	12	0
NG_042428.1	3250	12	0
NG_042427.1	3256	3	0
NG_042426.1	3256	12	0
NG_042425.1	4685	5	0
NG_042424.1	3235	20	0
NG_042415.1	3162	51	0
NG_042414.1	3334	110	0
NG_042406.1	1813	1	0
NG_042350.1	629	1	0
NG_042336.1	936	1	0
NG_042323.1	1288	1	0
NG_027648.1	3459	366	0
NG_027646.1	2771	278	0
NG_027645.1	3237	14	0
NG_027634.1	1184	3	0
NG_027618.1	3799	865	0
NG_027616.1	3270	92	0
NG_027613.1	3188	125	0
NG_027568.1	1157	177	0
NG_027567.1	3255	2079	0
NG_027564.1	3237	146	0
NG_027561.1	3189	69	0
NG_027560.1	4318	95	0
NG_060249.1	3172	435	0
NG_060069.1	3174	101	0
NG_060067.1	984	8	0
NG_059912.1	958	5	0
NG_059518.1	3062	157	0
NG_059517.1	3072	185	0
NG_057023.1	942	3	0
NG_060630.1	1399	10	0
NG_027623.1	3134	38	0
NG_060251.1	2970	137	0
NG_060250.1	3180	33	0
NG_060795.1	1381	1	0
NG_060689.1	1373	1	0
NG_060688.1	1289	152	0
NG_060687.1	1353	4	0
NG_060686.1	920	1	0
NG_060685.1	1322	1	0
NG_060684.1	1459	14	0
NG_060676.1	860	1	0
NG_060672.1	865	2	0
NG_060671.1	865	1	0
NG_060665.1	971	9	0
NG_060656.1	959	136	0
NG_060655.1	961	913	0
NG_060654.1	964	341	0
NG_060649.1	1335	8	0
NG_060648.1	1329	16	0
NG_060646.1	1338	20	0
NG_060645.1	1359	11	0
NG_060642.1	1319	13	0
NG_060639.1	1148	7	0
NG_060638.1	1366	2	0
NG_060637.1	1364	222	0
NG_060635.1	1354	7	0
NG_060633.1	1039	1	0
NG_060624.1	1412	3	0
NG_060621.1	886	27	0
NG_060153.1	1392	429	0
NG_057277.1	924	4	0
NG_060398.1	1295	13	0
NG_060397.1	1242	20	0
NG_059244.1	783	1	0
NG_060425.1	1296	8	0
NG_060423.1	1292	8	0
NG_060421.1	895	1	0
NG_060420.1	2073	130	0
NG_060417.1	1356	1	0
NG_060415.1	870	3	0
NG_060413.1	1355	2	0
NG_060410.1	877	1	0
NG_060405.1	1451	10	0
NG_060402.1	1045	12	0
NG_060400.1	2969	294	0
NG_060395.1	1327	1	0
NG_060393.1	743	2	0
NG_060390.1	1043	1	0
NG_060384.1	917	1	0
NG_060381.1	3260	35	0
NG_060380.1	3253	26	0
NG_060379.1	3075	22	0
NG_060362.1	704	4	0
NG_060346.1	1349	1	0
NG_060344.1	1358	8	0
NG_060327.1	935	2	0
NG_060310.1	1384	47	0
NG_060304.1	1397	1	0
NG_060284.1	900	97	0
NG_060267.1	1118	88	0
NG_060258.1	862	39	0
NG_060181.1	990	1	0
NG_060180.1	990	1	0
NG_060179.1	1392	9	0
NG_060178.1	1379	3	0
NG_060177.1	888	2	0
NG_060163.1	1393	10	0
NG_060161.1	1355	6	0
NG_060150.1	652	1	0
NG_060148.1	879	6	0
NG_060147.1	875	56	0
NG_060133.1	927	3	0
NG_060130.1	1347	1	0
NG_060129.1	1341	3	0
NG_060128.1	1345	2	0
NG_060114.1	1381	7	0
NG_060102.1	1387	2	0
NG_060101.1	1387	3	0
NG_060100.1	1377	3	0
NG_060095.1	1442	1	0
NG_060085.1	903	1	0
NG_060075.1	3083	15	0
NG_060074.1	3061	9	0
NG_060072.1	886	4	0
NG_060071.1	592	1	0
NG_060068.1	819	6	0
NG_060064.1	1074	15	0
NG_060022.1	1408	53	0
NG_060017.1	938	14	0
NG_060016.1	1315	2	0
NG_060013.1	1204	10	0
NG_060003.1	1361	2	0
NG_059999.1	891	4	0
NG_059989.1	910	2	0
NG_059978.1	953	2	0
NG_059974.1	866	1	0
NG_059970.1	1364	4	0
NG_059948.1	1386	6	0
NG_059947.1	1342	29	0
NG_059916.1	3265	23	0
NG_059915.1	3254	58	0
NG_059905.1	935	5	0
NG_055326.1	3221	2	0
NG_059841.1	901	6	0
NG_059683.1	984	1	0
NG_059660.1	898	1	0
NG_059647.1	987	3	0
NG_059635.1	840	1	0
NG_059622.1	840	2	0
NG_059606.1	901	3	0
NG_059605.1	1306	26	0
NG_059584.1	795	1	0
NG_059538.1	961	3	0
NG_059526.1	874	2	0
NG_059525.1	874	2	0
NG_059506.1	866	3	0
NG_059499.1	1405	1	0
NG_059490.1	912	1	0
NG_059475.1	1339	1	0
NG_059471.1	849	1	0
NG_059465.1	872	79	0
NG_059464.1	871	2	0
NG_059445.1	1071	28	0
NG_059434.1	1398	6	0
NG_056285.1	1400	2	0
NG_055327.1	3211	8	0
NG_055325.1	3224	274	0
NG_042330.1	1285	1	0
NG_059268.1	1371	4	0
NG_059266.1	889	58	0
NG_059265.1	888	913	0
NG_059218.1	859	1	0
NG_059179.1	935	2	0
NG_059154.1	655	1	0
NG_059153.1	935	1	0
NG_059112.1	1320	1	0
NG_059106.1	1150	2	0
NG_059105.1	1154	1	0
NG_059098.1	917	1	0
NG_059095.1	920	1	0
NG_059076.1	3295	196	0
NG_059067.1	628	1	0
NG_059042.1	892	265	0
NG_059026.1	985	4	0
NG_059007.1	940	1	0
NG_058981.1	837	1	0
NG_058953.1	1386	11	0
NG_058951.1	1314	8	0
NG_058950.1	1305	31	0
NG_058940.1	859	4	0
NG_058937.1	1255	4	0
NG_058936.1	1393	13	0
NG_058934.1	799	1	0
NG_058931.1	1305	16	0
NG_058918.1	819	1	0
NG_058908.1	2165	3	0
NG_058886.1	950	5	0
NG_058885.1	921	1	0
NG_058881.1	915	2	0
NG_058872.1	966	4	0
NG_058868.1	1397	13	0
NG_058856.1	1400	22	0
NG_058847.1	1377	1	0
NG_058845.1	1372	2	0
NG_058836.1	906	3	0
NG_058832.1	703	10	0
NG_058816.1	1274	15	0
NG_058804.1	952	4	0
NG_058801.1	953	304	0
NG_058799.1	955	4	0
NG_058795.1	942	2	0
NG_058794.1	940	3	0
NG_058793.1	954	2	0
NG_058792.1	938	2	0
NG_058789.1	956	3	0
NG_058786.1	951	1	0
NG_058782.1	3290	287	0
NG_058776.1	1407	203	0
NG_058755.1	3255	13	0
NG_058754.1	3255	7	0
NG_058753.1	3262	9	0
NG_058752.1	3250	12	0
NG_058751.1	3250	10	0
NG_058750.1	3254	11	0
NG_058749.1	3258	13	0
NG_058748.1	3257	12	0
NG_058747.1	3273	17	0
NG_058742.1	1427	3	0
NG_058736.1	1315	1	0
NG_058701.1	684	78	0
NG_058684.1	906	4	0
NG_058677.1	1329	1	0
NG_058670.1	941	1	0
NG_058656.1	1182	2	0
NG_058630.1	3329	17	0
NG_058629.1	3261	14	0
NG_058628.1	3336	30	0
NG_058606.1	1385	6	0
NG_058599.1	934	2	0
NG_058598.1	863	1	0
NG_058597.1	1342	15	0
NG_058595.1	842	1	0
NG_058593.1	870	179	0
NG_058590.1	871	3	0
NG_058589.1	870	1	0
NG_058587.1	871	1	0
NG_058582.1	731	1	0
NG_058580.1	1339	5	0
NG_058579.1	1341	4	0
NG_058577.1	882	1	0
NG_058576.1	885	22	0
NG_058575.1	885	19	0
NG_058574.1	885	18	0
NG_058573.1	885	18	0
NG_058572.1	885	1	0
NG_058560.1	702	3	0
NG_058548.1	1425	13	0
NG_058453.1	1260	1	0
NG_058403.1	978	9	0
NG_058401.1	678	8	0
NG_058352.1	658	117	0
NG_058350.1	639	7	0
NG_058345.1	680	4	0
NG_058321.1	719	1	0
NG_058198.1	1205	13	0
NG_058157.1	1350	3	0
NG_058156.1	1350	3	0
NG_058037.1	1067	2	0
NG_058035.1	1067	3	0
NG_058034.1	1067	3	0
NG_058031.1	1067	9	0
NG_058028.1	1843	9	0
NG_058016.1	1324	4	0
NG_057972.1	1435	1	0
NG_057971.1	1434	1	0
NG_057970.1	1432	1	0
NG_057964.1	908	1	0
NG_057910.1	954	19	0
NG_057902.1	1430	3	0
NG_057901.1	1430	1	0
NG_057897.1	1429	3	0
NG_057895.1	1429	4	0
NG_057880.1	588	1	0
NG_057855.1	3279	1552	0
NG_057854.1	4009	124	0
NG_057853.1	894	1	0
NG_057848.1	3299	232	0
NG_057796.1	1367	4	0
NG_057793.1	888	5	0
NG_057777.1	3283	216	0
NG_057774.1	3286	300	0
NG_057772.1	3296	202	0
NG_057771.1	1720	2	0
NG_057723.1	593	1	0
NG_057720.1	801	3	0
NG_057706.1	582	1	0
NG_057662.1	627	2	0
NG_057652.1	899	1	0
NG_057648.1	625	7	0
NG_057287.1	818	1	0
NG_057283.1	899	3	0
NG_057273.1	1429	36	0
NG_057272.1	1389	18	0
NG_057271.1	938	1	0
NG_057270.1	1434	23	0
NG_057269.1	1437	2	0
NG_057268.1	1424	111	0
NG_057267.1	1395	46	0
NG_057266.1	1431	21	0
NG_057265.1	1418	40	0
NG_057264.1	1360	16	0
NG_057262.1	1396	29	0
NG_057261.1	1397	13	0
NG_057258.1	1358	23	0
NG_057257.1	1429	34	0
NG_057256.1	1387	3	0
NG_057255.1	1384	25	0
NG_057254.1	944	2	0
NG_057253.1	936	3	0
NG_057252.1	1364	72	0
NG_057251.1	945	3	0
NG_057250.1	1088	4	0
NG_057249.1	1389	30	0
NG_057247.1	1403	108	0
NG_057246.1	1427	106	0
NG_057245.1	1436	77	0
NG_057244.1	1389	12	0
NG_057243.1	1448	21	0
NG_057242.1	1301	14	0
NG_057241.1	1387	22	0
NG_057240.1	1419	9	0
NG_057239.1	1389	29	0
NG_057238.1	1442	29	0
NG_057237.1	1028	8	0
NG_057236.1	1395	9	0
NG_057235.1	1351	42	0
NG_057234.1	1389	23	0
NG_057228.1	906	2	0
NG_057227.1	1429	118	0
NG_057226.1	1386	60	0
NG_057225.1	1381	7	0
NG_057224.1	911	1	0
NG_057223.1	1398	6	0
NG_057222.1	1352	39	0
NG_057221.1	1424	45	0
NG_057220.1	1312	34	0
NG_057219.1	1363	14	0
NG_057218.1	1429	29	0
NG_057217.1	1397	21	0
NG_057216.1	1361	19	0
NG_057215.1	1420	35	0
NG_057214.1	1385	40	0
NG_057213.1	1426	31	0
NG_057212.1	1383	32	0
NG_057210.1	1421	366	0
NG_057209.1	1386	28	0
NG_057208.1	1428	30	0
NG_057206.1	1422	29	0
NG_057205.1	1387	13	0
NG_057204.1	1385	24	0
NG_057203.1	1425	22	0
NG_057202.1	1385	26	0
NG_057201.1	1354	31	0
NG_057199.1	1425	115	0
NG_057198.1	1421	27	0
NG_057197.1	1433	27	0
NG_057195.1	1432	558	0
NG_057194.1	884	102	0
NG_057193.1	1442	110	0
NG_057191.1	1427	31	0
NG_057190.1	1430	247	0
NG_057189.1	1430	33	0
NG_057178.1	3253	9	0
NG_057177.1	3253	17	0
NG_057176.1	3254	2	0
NG_057175.1	3254	4	0
NG_057174.1	3258	6	0
NG_057173.1	3254	3	0
NG_057172.1	3250	5	0
NG_057171.1	3249	7	0
NG_057170.1	3251	40	0
NG_057169.1	3256	42	0
NG_057168.1	3253	35	0
NG_057167.1	3255	33	0
NG_057166.1	3259	44	0
NG_057165.1	3261	28	0
NG_057164.1	3255	28	0
NG_057163.1	3282	45	0
NG_057162.1	3299	29	0
NG_057161.1	3264	14	0
NG_057160.1	3267	34	0
NG_057159.1	3267	40	0
NG_057158.1	3273	48	0
NG_057139.1	1283	1	0
NG_057107.1	878	4	0
NG_057098.1	1344	1	0
NG_057067.1	1349	2121	0
NG_057066.1	1374	2	0
NG_057065.1	1388	1	0
NG_057062.1	1454	189	0
NG_057061.1	1442	346	0
NG_057060.1	1452	4	0
NG_057043.1	1392	16	0
NG_057042.1	968	69	0
NG_057041.1	1388	4	0
NG_057040.1	918	1	0
NG_057032.1	858	18	0
NG_057020.1	1309	27	0
NG_057015.1	1389	3	0
NG_056999.1	988	1	0
NG_056976.1	906	1	0
NG_056968.1	3289	224	0
NG_056956.1	619	73	0
NG_056278.1	3263	1084	0
NG_056269.1	628	121	0
