NR_175564.1	1540	1	0
NR_146667.2	1522	46	0
NR_125691.1	1419	16	0
NR_125600.1	1499	4	0
NR_116443.1	1541	6	0
NR_108840.1	1523	1	0
NR_074910.1	1544	133	0
NR_074799.1	1534	1	0
NR_028894.1	1505	2	0
NR_174267.1	1547	13	0
NR_173536.1	1459	1	0
NR_026538.1	1497	1	0
NR_171417.1	1078	1	0
NR_170426.1	1462	7	0
NR_170500.1	1517	1	0
NR_169498.1	1540	1	0
NR_169485.1	1482	2	0
NR_169476.1	1536	1	0
NR_169468.1	1495	8	0
NR_165748.1	1538	1	0
NR_165666.1	1580	1	0
NR_164881.1	1505	1	0
NR_159926.1	1530	12	0
NR_159349.1	1473	1	0
NR_159317.1	1454	2	0
NR_159255.1	1542	3	0
NR_159086.1	1534	1	0
NR_159085.1	1542	5	0
NR_159084.1	1542	1	0
NR_159083.1	1542	7	0
NR_158132.1	1453	1	0
NR_157778.1	1537	2	0
NR_157777.1	1531	3	0
NR_157658.1	1535	1	0
NR_157004.1	1473	1	0
NR_156989.1	1539	1	0
NR_156892.1	1518	1	0
NR_156027.1	1477	1	0
NR_153752.1	1543	1	0
NR_151914.1	1426	1	0
NR_136501.2	1537	8	0
NR_149302.1	1542	4	0
NR_148843.1	1489	5	0
NR_148649.1	1444	3	0
NR_147771.1	1454	1	0
NR_146817.1	1413	1	0
NR_145647.1	1422	7	0
NR_145644.1	1453	2	0
NR_145570.1	1436	1	0
NR_137333.1	1495	1	0
NR_137217.1	1484	1	0
NR_136472.1	1504	1	0
NR_135703.1	1524	1	0
NR_135208.1	1489	1	0
NR_134091.1	1444	1	0
NR_134063.1	1462	3	0
NR_133887.1	1455	1	0
NR_133840.1	1496	1	0
NR_132712.1	1503	1	0
NR_125690.1	1459	27	0
NR_125586.1	1404	2	0
NR_122090.1	1474	1	0
NR_121793.1	1543	8	0
NR_119350.1	1389	1	0
NR_118333.1	1500	4	0
NR_117794.1	1424	1	0
NR_117776.1	1492	1	0
NR_117697.1	1516	1	0
NR_117613.1	1507	1	0
NR_117547.1	1535	21	0
NR_117437.1	1507	1	0
NR_117234.1	1406	1	0
NR_116999.1	1413	1	0
NR_116604.1	1422	1	0
NR_116500.1	1427	1	0
NR_116403.1	1426	1	0
NR_116235.1	1399	1	0
NR_116079.1	1368	1	0
NR_116033.1	1481	1	0
NR_115943.1	1425	1	0
NR_115741.1	1450	4	0
NR_115336.1	1515	1	0
NR_115298.1	1493	1	0
NR_115229.1	1334	1	0
NR_115223.1	1562	2	0
NR_114684.1	1491	1	0
NR_114327.1	1463	2	0
NR_113178.1	1526	1	0
NR_112223.1	1430	1	0
NR_104937.1	1527	4	0
NR_104890.1	1469	1	0
NR_104828.1	1508	1	0
NR_103943.1	1556	1	0
NR_074869.1	1539	7	0
NR_074804.1	1534	1	0
NR_044454.1	1422	1	0
NR_044061.1	1423	1	0
NR_043618.1	1478	1	0
NR_041697.1	1527	5	0
NR_041388.1	1491	1	0
NR_040956.1	1499	5	0
NR_040955.1	1499	5	0
NR_043902.1	1508	1	0
NR_043644.1	1481	1	0
NR_028875.1	1532	2	0
NR_027569.1	1488	2	0
NR_024862.1	1521	1	0
NR_157981.1	1448	1	0
NR_156052.1	1336	18	0
NR_152004.1	1526	1	0
NR_102794.2	1543	33	0
NR_103934.2	1537	1	0
NR_029161.2	1533	18	0
NR_102493.2	1540	180	0
NR_148846.1	1490	1	0
NR_146846.1	1475	1	0
NR_145562.1	1512	1	0
NR_136837.1	1524	1	0
NR_135894.1	1347	2	0
NR_135722.1	1420	1	0
NR_134807.1	1451	5	0
NR_134138.1	1429	1	0
NR_126319.1	1531	5	0
NR_126318.1	1531	4	0
NR_126317.1	1532	2	0
NR_126305.1	1501	5	0
NR_126304.1	1501	6	0
NR_126303.1	1501	11	0
NR_126291.1	1344	1	0
NR_126208.1	1429	19	0
NR_122057.1	1544	2	0
NR_122050.1	1541	1	0
NR_121742.1	1542	2	0
NR_121739.1	1546	1	0
NR_121703.1	1542	7	0
NR_119372.1	1484	1	0
NR_119368.1	1497	2	0
NR_119362.1	1495	1	0
NR_119357.1	1417	6	0
NR_119280.1	1421	1	0
NR_119279.1	1452	3	0
NR_119277.1	1452	1	0
NR_119276.1	1452	4	0
NR_119214.1	1401	7	0
NR_119190.1	1538	1	0
NR_119108.1	1539	1	0
NR_119044.1	1460	1	0
NR_118930.1	1472	1	0
NR_118857.1	1457	1	0
NR_118676.1	1494	1	0
NR_118588.1	1459	1	0
NR_118569.1	1368	1	0
NR_118568.1	1369	24	0
NR_118556.1	1376	15	0
NR_118531.1	1494	2	0
NR_118487.1	1294	1	0
NR_118394.1	1500	1	0
NR_118387.1	1439	3	0
NR_118295.1	1531	1	0
NR_118292.1	1530	2	0
NR_118256.1	1525	1	0
NR_118225.1	1530	1	0
NR_118224.1	1530	1	0
NR_118134.1	1494	2	0
NR_118121.1	1344	1	0
NR_118120.1	1344	1	0
NR_118106.1	1494	10	0
NR_118088.1	1443	3	0
NR_118011.1	1507	3	0
NR_117969.1	1500	3	0
NR_117832.1	1390	1	0
NR_117793.1	1471	1	0
NR_117752.1	1427	13	0
NR_117750.1	1427	2	0
NR_117686.1	1530	1	0
NR_117684.1	1530	1	0
NR_117683.1	1530	3	0
NR_117679.1	1529	5	0
NR_117651.1	1540	1	0
NR_117625.1	1531	1	0
NR_117622.1	1530	1	0
NR_117621.1	1530	1	0
NR_117619.1	1530	1	0
NR_117596.1	1548	1	0
NR_117595.1	1655	2	0
NR_117526.1	1396	5	0
NR_117405.1	1506	2	0
NR_117193.1	1527	1	0
NR_116905.1	1530	1	0
NR_116904.1	1521	1	0
NR_116898.1	1495	4	0
NR_116799.1	1361	2	0
NR_116797.1	1506	16	0
NR_116756.1	1387	2	0
NR_116755.1	1361	5	0
NR_116749.1	1387	1	0
NR_116585.1	1503	1	0
NR_116478.1	1464	3	0
NR_116430.1	1285	5	0
NR_116282.1	1492	1	0
NR_116172.1	1469	3	0
NR_116126.1	1262	1	0
NR_116124.1	1443	1	0
NR_116112.1	1348	1	0
NR_116046.1	1343	2	0
NR_115936.1	1465	1	0
NR_115882.1	1465	2	0
NR_115879.1	1479	1	0
NR_115873.1	1305	1	0
NR_115541.1	1472	1	0
NR_115180.1	1516	1	0
NR_114958.1	1511	1	0
NR_114921.1	1462	1	0
NR_114794.1	1371	1	0
NR_114782.1	1556	1	0
NR_114737.1	1511	3	0
NR_114736.1	1516	14	0
NR_114618.1	1504	1	0
NR_114589.1	1437	8	0
NR_114582.1	1482	1	0
NR_114518.1	1481	1	0
NR_114507.1	1436	1	0
NR_114503.1	1436	1	0
NR_114502.1	1436	9	0
NR_114481.1	1459	1	0
NR_114479.1	1492	1	0
NR_114448.1	1504	1	0
NR_114345.1	1324	5	0
NR_114286.1	1467	2	0
NR_114235.1	1467	1	0
NR_114232.1	1467	1	0
NR_114159.1	1466	2	0
NR_114154.1	1465	4	0
NR_114153.1	1465	1	0
NR_114111.1	1466	1	0
NR_114108.1	1465	5	0
NR_114080.1	1465	1	0
NR_114078.1	1469	2	0
NR_114043.1	1467	3	0
NR_113990.1	1477	1	0
NR_113960.1	1472	1	0
NR_113958.1	1472	1	0
NR_113857.1	1462	1	0
NR_113709.1	1458	6	0
NR_113701.1	1465	5	0
NR_113696.1	1460	1	0
NR_113616.1	1468	1	0
NR_113615.1	1465	1	0
NR_113614.1	1465	11	0
NR_113596.1	1467	3	0
NR_113347.1	1464	1	0
NR_113342.1	1467	1	0
NR_113340.1	1464	2	0
NR_113321.1	1468	12	0
NR_113268.1	1510	1	0
NR_113258.1	1499	2	0
NR_112986.1	1434	1	0
NR_112975.1	1442	2	0
NR_112838.1	1415	1	0
NR_112073.1	1503	1	0
NR_112010.1	1441	2	0
NR_112007.1	1438	2	0
NR_112006.1	1449	1	0
NR_111998.1	1449	1	0
NR_109387.1	1550	2	0
NR_044641.2	1513	1	0
NR_109656.1	1502	1	0
NR_109326.1	1458	1	0
NR_108559.1	1430	1	0
NR_108465.1	1399	1	0
NR_108203.1	1402	2	0
NR_104943.1	1440	2	0
NR_104940.1	1478	2	0
NR_104934.1	1527	8	0
NR_104933.1	1527	9	0
NR_104932.1	1529	2	0
NR_104924.1	1494	1	0
NR_104913.1	1465	1	0
NR_104903.1	1480	3	0
NR_104826.1	1530	3	0
NR_104823.1	1504	7	0
NR_104802.1	1541	1	0
NR_104801.1	1547	1	0
NR_104724.1	1461	1	0
NR_104709.1	1467	1	0
NR_104560.1	1425	2	0
NR_104280.1	1484	1	0
NR_104278.1	1484	2	0
NR_102854.1	1526	9	0
NR_102814.1	1537	6	0
NR_074936.1	1547	1	0
NR_074908.1	1544	9	0
NR_074902.1	1542	37	0
NR_074888.1	1542	16	0
NR_074809.1	1535	1	0
NR_074696.1	1527	1	0
NR_074347.1	1493	1	0
NR_044977.1	1495	17	0
NR_044976.1	1498	1	0
NR_044924.1	1536	1	0
NR_044851.1	1425	1	0
NR_044844.1	1478	1	0
NR_044799.1	1502	5	0
NR_044385.1	1500	3	0
NR_044371.1	1437	1	0
NR_044062.1	1361	1	0
NR_044058.1	1417	4	0
NR_044057.1	1380	2	0
NR_043211.1	1484	1	0
NR_042953.1	1390	2	0
NR_042939.1	1530	1	0
NR_042822.1	1497	1	0
NR_042568.1	1494	1	0
NR_042513.1	1580	4	0
NR_042435.1	1523	1	0
NR_042385.1	1492	1	0
NR_042356.1	1479	3	0
NR_042349.1	1513	1	0
NR_042237.1	1525	3	0
NR_042155.1	1498	1	0
NR_042026.1	1456	2	0
NR_041973.1	1495	1	0
NR_041971.1	1497	1	0
NR_041924.1	1434	2	0
NR_041750.1	1436	1	0
NR_041749.1	1436	4	0
NR_041577.1	1538	4	0
NR_041317.1	1490	1	0
NR_040954.1	1499	3	0
NR_040816.1	1477	1	0
NR_040804.1	1517	2	0
NR_044741.1	1498	1	0
NR_043883.1	1347	1	0
NR_043716.1	1482	1	0
NR_043638.1	1542	1	0
NR_041927.1	1468	3	0
NR_037102.1	1529	1	0
NR_037085.1	1454	3	0
NR_036924.1	1529	1	0
NR_036919.1	1497	1	0
NR_036886.1	1532	6	0
NR_036830.1	1456	1	0
NR_036794.1	1534	2	0
NR_029252.1	1460	1	0
NR_029245.1	1454	1	0
NR_029063.1	1531	1	0
NR_029001.1	1525	1	0
NR_028993.1	1451	20	0
NR_028912.1	1511	2	0
NR_028868.1	1495	1	0
NR_028803.1	1459	14	0
NR_028802.1	1453	7	0
NR_028783.1	1282	2	0
NR_028740.1	1533	1	0
NR_028715.1	1512	1	0
NR_028688.1	1530	5	0
NR_028687.1	1530	3	0
NR_028686.1	1522	1	0
NR_028685.1	1496	3	0
NR_025480.1	1435	1	0
NR_025476.1	1468	1	0
NR_025334.1	1490	1	0
NR_025331.1	1498	2	0
NR_025329.1	1504	1	0
NR_025328.1	1505	2	0
NR_025299.1	1540	1	0
NR_025297.1	1511	8	0
NR_025295.1	1505	1	0
NR_025226.1	1454	1	0
NR_025160.1	1461	1	0
NR_024910.1	1517	1	0
NR_024883.1	1414	2	0
NR_024861.1	1511	5	0
NR_024709.1	1519	4	0
NR_024680.1	1494	1	0
NR_024662.1	1498	10	0
NR_024644.1	1442	7	0
NR_024643.1	1438	10	0
NR_024642.1	1449	3	0
NR_024640.1	1422	24	0
NR_024632.1	1428	1	0
NR_026332.1	1487	3	0
NR_026331.1	1488	12	0
NR_026045.1	1455	1	0
NR_025690.1	1536	1	0
NR_042154.1	1365	4	0
NR_041980.1	1505	6	0
NR_041968.1	1504	1	0
NR_040992.1	1498	1	0
NR_028677.1	1459	9	0
NR_028672.1	1447	1	0
NR_028656.1	1496	1	0
NR_025569.1	1494	1	0
NR_025333.1	1482	6	0
NR_025243.1	1403	3	0
NR_025145.1	1532	1	0
NR_024996.1	1436	6	0
NR_024770.1	1399	1	0
NR_024641.1	1450	5	0
NR_024570.1	1450	1	0
NR_037084.1	1452	2	0
NR_040859.1	1484	1	0
