NG_087918.1	1699	1	0
NG_087910.1	1026	375	0
NG_087909.1	1029	397	0
NG_087906.1	1013	11	0
NG_087904.1	1117	1	0
NG_087891.1	1084	13	0
NG_087890.1	1084	14	0
NG_087889.1	1084	16	0
NG_087888.1	1084	8	0
NG_087887.1	1084	10	0
NG_087886.1	1071	16	0
NG_087885.1	1084	9	0
NG_087884.1	1084	22	0
NG_087878.1	1032	1	0
NG_087872.1	1620	1	0
NG_087871.1	1009	31	0
NG_087870.1	1009	76	0
NG_087869.1	1009	89	0
NG_087868.1	1006	70	0
NG_087859.1	1602	2	0
NG_064877.1	1700	2	0
NG_062602.1	1686	1	0
NG_081434.1	1696	1	0
NG_081431.1	1136	349	0
NG_081430.1	1135	338	0
NG_081429.1	1127	335	0
NG_081428.1	1130	6	0
NG_081427.1	1128	10	0
NG_081424.1	1013	88	0
NG_081423.1	749	9	0
NG_081420.1	1028	8	0
NG_081419.1	1029	8	0
NG_081418.1	1018	10	0
NG_081417.1	1029	7	0
NG_081416.1	1027	8	0
NG_081412.1	1098	6	0
NG_081411.1	1071	13	0
NG_081410.1	1093	6	0
NG_081409.1	1134	8	0
NG_081398.1	1028	62	0
NG_081396.1	1664	1	0
NG_081383.1	1014	1	0
NG_081380.1	1645	172	0
NG_081377.1	1653	6	0
NG_081375.1	1723	1	0
NG_081366.1	1736	256	0
NG_081364.1	1737	1009	0
NG_065067.1	1010	66	0
NG_065066.1	1009	82	0
NG_067668.1	1106	16	0
NG_067667.1	1106	11	0
NG_078770.1	1106	260	0
NG_078757.1	1647	46	0
NG_078756.1	1595	10	0
NG_078755.1	1607	8	0
NG_078753.1	578	39	0
NG_078741.1	1765	274	0
NG_078738.1	1008	142	0
NG_078737.1	1007	9	0
NG_078736.1	894	11	0
NG_078735.1	1008	2	0
NG_078734.1	1008	15	0
NG_078733.1	1008	9	0
NG_078732.1	1008	8	0
NG_078724.1	1782	411	0
NG_065099.1	1008	5	0
NG_062621.1	1757	1	0
NG_077449.1	1006	3	0
NG_077448.1	1128	72	0
NG_077447.1	1100	248	0
NG_077445.1	1001	8	0
NG_077444.1	1008	1	0
NG_077443.1	1000	1	0
NG_077442.1	985	1	0
NG_077440.1	996	18	0
NG_077431.1	1177	31	0
NG_077429.1	1013	1	0
NG_077428.1	1030	2	0
NG_077425.1	1022	1	0
NG_077424.1	1032	3	0
NG_077423.1	1023	1	0
NG_077406.1	1594	10	0
NG_077405.1	1552	5	0
NG_077400.1	1577	2	0
NG_070848.1	1732	1	0
NG_063443.1	1763	1	0
NG_065501.1	1787	58	0
NG_062664.1	1726	1	0
NG_076804.1	1013	1	0
NG_076794.1	1012	1	0
NG_076786.1	1006	1	0
NG_076783.1	1008	1	0
NG_076781.1	1011	1	0
NG_076779.1	1011	1	0
NG_076778.1	1012	1	0
NG_076773.1	1013	1	0
NG_076771.1	1013	1	0
NG_076769.1	1013	1	0
NG_076766.1	1013	1	0
NG_076764.1	1010	1	0
NG_076761.1	1013	1	0
NG_076757.1	1015	1	0
NG_017171.1	1771	7370	0
NG_064936.1	2057	1	0
NG_062940.1	1654	7	0
NG_074968.1	1102	7	0
NG_074967.1	985	9	0
NG_074961.1	1025	64	0
NG_074957.1	991	10	0
NG_074908.1	1046	4	0
NG_064992.1	1183	1	0
NG_073571.1	1084	8	0
NG_073570.1	1088	13	0
NG_073569.1	1084	58	0
NG_073564.1	1714	1	0
NG_073541.1	753	4	0
NG_073539.1	946	1	0
NG_073528.1	1327	1	0
NG_073521.1	1654	19	0
NG_073520.1	1657	31	0
NG_073514.1	1028	2	0
NG_073503.1	1686	2	0
NG_073498.1	1737	3	0
NG_073497.1	1589	2	0
NG_063584.1	1006	1	0
NG_065069.1	1009	167	0
NG_070910.1	1672	1	0
NG_070908.1	551	1	0
NG_070907.1	551	1	0
NG_070901.1	1730	1	0
NG_070259.1	995	1	0
NG_070247.1	996	1	0
NG_070882.1	1802	5	0
NG_070881.1	1781	148	0
NG_070878.1	1761	120	0
NG_070877.1	1964	728	0
NG_070875.1	1792	695	0
NG_070874.1	1766	378	0
NG_070864.1	1085	8	0
NG_070862.1	2650	2	0
NG_070860.1	1140	1	0
NG_070850.1	1849	74	0
NG_070849.1	1741	4	0
NG_070847.1	1780	5	0
NG_070808.1	1738	796	0
NG_070807.1	1686	3	0
NG_070806.1	1771	57	0
NG_070805.1	1771	76	0
NG_070804.1	1788	2	0
NG_070803.1	1787	8	0
NG_070802.1	1783	1	0
NG_070801.1	1776	43	0
NG_070797.1	1774	1376	0
NG_070795.1	1696	2	0
NG_070787.1	1788	1	0
NG_070697.1	1839	307	0
NG_070695.1	1592	4	0
NG_070694.1	1667	3	0
NG_070693.1	1698	6	0
NG_070692.1	1170	1	0
NG_070691.1	1731	10	0
NG_070690.1	1757	4	0
NG_070687.1	1770	4	0
NG_070685.1	1760	2	0
NG_070641.1	1667	1	0
NG_070638.1	1772	233	0
NG_070635.1	1741	132	0
NG_063530.1	1738	2	0
NG_070325.1	1029	3	0
NG_070309.1	1791	2	0
NG_070305.1	1640	4	0
NG_070303.1	1641	1	0
NG_070294.1	1721	1	0
NG_070292.1	1105	11	0
NG_070289.1	1106	10	0
NG_070288.1	1106	2	0
NG_070287.1	1713	9	0
NG_070283.1	1664	1	0
NG_070282.1	1719	6	0
NG_070256.1	996	1	0
NG_070251.1	996	1	0
NG_070240.1	996	1	0
NG_070233.1	1782	12	0
NG_070151.1	1000	1	0
NG_070132.1	741	31	0
NG_070131.1	1132	376	0
NG_070130.1	1126	265	0
NG_070129.1	1133	356	0
NG_070122.1	986	4	0
NG_070117.1	1663	2	0
NG_070115.1	1106	8	0
NG_070103.1	1116	1	0
NG_063015.1	1587	2	0
NG_068400.1	967	14	0
NG_068360.1	1739	67	0
NG_068429.1	999	2	0
NG_068406.1	1030	1	0
NG_065591.1	1728	1	0
NG_067705.1	1774	1260	0
NG_067704.1	1773	157	0
NG_067696.1	1113	14	0
NG_067672.1	958	2	0
NG_067669.1	1107	446	0
NG_067666.1	1025	70	0
NG_067665.1	1025	95	0
NG_067659.1	1015	5	0
NG_062957.1	1655	1	0
NG_065481.1	1679	1	0
NG_065804.1	1748	1	0
NG_065762.1	2028	1	0
NG_065733.1	995	7	0
NG_065732.1	1025	67	0
NG_065722.1	1897	3	0
NG_065717.1	744	20	0
NG_065707.1	1715	3	0
NG_065699.1	1025	1	0
NG_065698.1	1601	1	0
NG_065697.1	1575	3	0
NG_065696.1	1598	2	0
NG_065684.1	1891	1	0
NG_065677.1	999	3	0
NG_065675.1	999	1	0
NG_065673.1	1629	1	0
NG_065668.1	1013	3	0
NG_065653.1	1106	6	0
NG_065652.1	1106	3	0
NG_065651.1	1566	53	0
NG_065650.1	1595	59	0
NG_065644.1	1097	16	0
NG_065642.1	1999	2	0
NG_065622.1	1613	1	0
NG_065621.1	1608	3	0
NG_065617.1	1584	4	0
NG_065616.1	1615	1	0
NG_065615.1	1618	2	0
NG_065614.1	1582	2	0
NG_065613.1	1578	3	0
NG_065612.1	1617	2	0
NG_065611.1	1574	2	0
NG_065610.1	1574	1	0
NG_065609.1	2130	1	0
NG_065589.1	1753	11	0
NG_065582.1	1152	1	0
NG_065581.1	1722	1	0
NG_065559.1	1078	1	0
NG_065552.1	1665	1	0
NG_065549.1	1711	3	0
NG_065544.1	1709	1	0
NG_065534.1	1698	1	0
NG_065532.1	1722	8	0
NG_065529.1	1687	2	0
NG_065515.1	1661	1	0
NG_065505.1	1498	1	0
NG_065502.1	1669	1	0
NG_065500.1	1766	3	0
NG_065498.1	1760	2	0
NG_065497.1	1787	1	0
NG_065495.1	1732	3	0
NG_065492.1	1663	1	0
NG_065486.1	1781	1	0
NG_065485.1	1758	1	0
NG_065484.1	1706	9	0
NG_065479.1	1710	7	0
NG_065478.1	1708	1	0
NG_065471.1	1744	1	0
NG_065469.1	1639	3	0
NG_065468.1	1748	2	0
NG_065467.1	1745	1	0
NG_065466.1	1740	1	0
NG_065464.1	1750	25	0
NG_063460.1	1781	1	0
NG_065157.1	1804	9	0
NG_065112.1	1723	2	0
NG_065108.1	1871	1	0
NG_065107.1	1779	3	0
NG_065106.1	1602	3	0
NG_065098.1	1006	9	0
NG_065080.1	1708	3	0
NG_065077.1	1004	13	0
NG_065070.1	1644	2	0
NG_065068.1	1009	25	0
NG_065065.1	1025	8	0
NG_065064.1	1700	1	0
NG_065057.1	1652	17	0
NG_065047.1	1179	1	0
NG_065011.1	1070	1	0
NG_065009.1	1017	1	0
NG_065007.1	592	1	0
NG_064986.1	1036	336	0
NG_064985.1	1028	385	0
NG_064984.1	1024	15	0
NG_064983.1	1085	9	0
NG_064982.1	1096	9	0
NG_064976.1	1776	272	0
NG_064971.1	1628	1	0
NG_064969.1	1667	11	0
NG_064968.1	1663	10	0
NG_064961.1	1718	1	0
NG_064959.1	1073	1367	0
NG_064958.1	1724	729	0
NG_064955.1	1134	2	0
NG_064951.1	1644	1	0
NG_064942.1	1773	1	0
NG_064921.1	1714	780	0
NG_064920.1	1733	1	0
NG_064908.1	1724	11	0
NG_064907.1	1767	26	0
NG_064906.1	1786	2	0
NG_064902.1	1196	1	0
NG_064896.1	1735	2	0
NG_064895.1	1704	2	0
NG_064889.1	2050	9	0
NG_064888.1	1804	1	0
NG_064878.1	1787	5	0
NG_064876.1	1770	1	0
NG_064870.1	1777	1	0
NG_064869.1	1781	1	0
NG_064864.1	1745	1	0
NG_064859.1	2522	1	0
NG_064858.1	1750	1	0
NG_064839.1	1687	8	0
NG_064824.1	1757	13	0
NG_064800.1	1447	22	0
NG_064797.1	1750	23	0
NG_064795.1	1752	42	0
NG_064794.1	1753	24	0
NG_063542.1	1733	1	0
NG_063541.1	1770	2	0
NG_063536.1	1132	1	0
NG_063532.1	1734	1	0
NG_063531.1	1734	1	0
NG_063529.1	1736	1	0
NG_063528.1	2044	3	0
NG_063527.1	1757	2	0
NG_063526.1	1753	14	0
NG_063523.1	1777	1	0
NG_063522.1	1755	5	0
NG_063520.1	1777	7	0
NG_063517.1	1782	9	0
NG_063510.1	1789	2	0
NG_063499.1	1754	2	0
NG_063479.1	1752	1	0
NG_063478.1	1735	1	0
NG_063475.1	1735	1	0
NG_063474.1	1782	2	0
NG_063472.1	1776	1	0
NG_063471.1	1791	2	0
NG_063470.1	1782	9	0
NG_063468.1	1782	10	0
NG_063467.1	1781	2	0
NG_063466.1	1782	81	0
NG_063465.1	1782	2	0
NG_063464.1	1782	1	0
NG_063463.1	1782	4	0
NG_063462.1	1782	4	0
NG_063461.1	1782	4	0
NG_063459.1	1782	3	0
NG_063458.1	1783	19	0
NG_063455.1	1780	1	0
NG_063454.1	1780	2	0
NG_063453.1	1780	1	0
NG_063452.1	1781	2	0
NG_063451.1	2088	2	0
NG_063450.1	1668	1	0
NG_063446.1	1790	1	0
NG_063444.1	1766	2	0
NG_063439.1	1757	3	0
NG_063421.1	1781	2	0
NG_063419.1	1768	1	0
NG_063394.1	1781	4	0
NG_063388.1	1757	1	0
NG_063386.1	1778	36	0
NG_063385.1	1755	2	0
NG_063379.1	1734	3	0
NG_063367.1	1757	1	0
NG_063366.1	1761	1	0
NG_063355.1	1621	9	0
NG_063350.1	1734	6	0
NG_063348.1	1784	1	0
NG_063335.1	1724	1	0
NG_063288.1	1737	8	0
NG_063286.1	1752	3	0
NG_063285.1	1724	4	0
NG_063283.1	1724	1	0
NG_063282.1	1724	1	0
NG_063281.1	1726	1	0
NG_063265.1	1752	1	0
NG_063249.1	1737	1	0
NG_063246.1	1749	2	0
NG_063242.1	1750	1	0
NG_063235.1	1787	52	0
NG_063232.1	1777	6	0
NG_063231.1	1751	1	0
NG_063230.1	1771	1	0
NG_063081.1	1783	1	0
NG_063047.1	2053	1	0
NG_063046.1	2055	1	0
NG_062729.1	1619	1	0
NG_062682.1	1753	1	0
NG_063109.1	1787	1	0
NG_063091.1	1709	7	0
NG_063080.1	1632	1	0
NG_063045.1	1588	1	0
NG_063040.1	2321	1	0
NG_063039.1	1591	1	0
NG_063037.1	1584	1	0
NG_063002.1	1542	4	0
NG_063001.1	1533	9	0
NG_063000.1	1570	12	0
NG_062978.1	1646	3	0
NG_062975.1	1642	2	0
NG_062973.1	1654	17	0
NG_062972.1	1657	12	0
NG_062971.1	1657	12	0
NG_062970.1	1657	5	0
NG_062969.1	1656	19	0
NG_062968.1	1657	18	0
NG_062967.1	1656	3	0
NG_062966.1	1656	3	0
NG_062965.1	1655	4	0
NG_062963.1	1656	2	0
NG_062962.1	1656	4	0
NG_062960.1	1656	1	0
NG_062959.1	1655	4	0
NG_062956.1	1655	1	0
NG_062950.1	1655	2	0
NG_062949.1	1655	2	0
NG_062947.1	1655	1	0
NG_062945.1	1655	2	0
NG_062944.1	1656	2	0
NG_062943.1	1655	11	0
NG_062942.1	1656	2	0
NG_062941.1	1656	3	0
NG_062937.1	1657	5	0
NG_062936.1	1656	1	0
NG_062935.1	1656	1	0
NG_062934.1	1656	1	0
NG_062932.1	1658	1	0
NG_062931.1	1656	1	0
NG_062923.1	1686	73	0
NG_062858.1	1141	3	0
NG_062850.1	1068	1	0
NG_062844.1	1021	1	0
NG_062843.1	1021	1	0
NG_062820.1	1769	4	0
NG_062814.1	1767	2	0
NG_062807.1	1768	2	0
NG_062797.1	1750	1	0
NG_062742.1	1134	1	0
NG_062735.1	1697	113	0
NG_062732.1	1549	14	0
NG_062711.1	1659	3	0
NG_062708.1	2861	1	0
NG_062707.1	1702	1	0
NG_062700.1	1691	3	0
NG_062699.1	1702	8	0
NG_062692.1	1181	1	0
NG_062691.1	1799	4	0
NG_062683.1	1744	1	0
NG_062671.1	1783	1	0
NG_062670.1	1783	1	0
NG_062658.1	1710	1	0
NG_062656.1	1727	5	0
NG_062655.1	1726	31	0
NG_062645.1	1753	2	0
NG_062641.1	1758	1	0
NG_062633.1	1769	1	0
NG_062624.1	1756	10	0
NG_062623.1	1761	1	0
NG_062622.1	1757	12	0
NG_062619.1	1757	16	0
NG_062618.1	1757	11	0
NG_062615.1	1782	77	0
NG_062595.1	1739	1	0
NG_062593.1	1742	1	0
NG_062420.1	1461	576	0
NG_062416.1	942	1	0
NG_062412.1	1599	1	0
NG_062410.1	1579	1	0
NG_062407.1	1613	2	0
NG_062406.1	1575	4	0
NG_062403.1	1574	1	0
NG_062402.1	1642	1	0
NG_062393.1	1696	79	0
NG_062391.1	1663	3	0
NG_062389.1	1697	12	0
NG_062382.1	1684	4	0
NG_062381.1	1770	4	0
NG_062380.1	1143	1	0
NG_062378.1	1619	1	0
NG_062377.1	1765	2	0
NG_062371.1	1770	8	0
NG_062367.1	1783	8	0
NG_062366.1	1767	794	0
NG_062197.1	1783	1	0
NG_062194.1	1441	2	0
NG_062191.1	1697	2	0
NG_062188.1	1360	1	0
NG_062181.1	1763	5	0
NG_062168.1	1719	2	0
NG_062165.1	1719	1	0
NG_062162.1	1651	1	0
NG_062160.1	1655	1	0
NG_062158.1	1656	1	0
NG_062147.1	1789	8	0
NG_062145.1	1799	1	0
NG_062143.1	1748	3	0
NG_062141.1	1758	7	0
NG_062140.1	1753	1	0
NG_062138.1	1668	4	0
NG_062137.1	1673	3	0
NG_062136.1	1781	4	0
NG_062135.1	1782	1	0
NG_062134.1	1782	1	0
NG_062133.1	1781	30	0
NG_062131.1	1733	5	0
NG_062120.1	1779	2	0
NG_062106.1	1655	1	0
NG_062101.1	1656	1	0
NG_062100.1	1656	2	0
NG_062098.1	1656	1	0
NG_062096.1	1657	1	0
NG_062094.1	1655	2	0
NG_062092.1	1765	1	0
NG_062091.1	1758	2	0
NG_062090.1	1758	3	0
NG_062087.1	1762	3	0
NG_062086.1	1758	1	0
NG_062084.1	1746	1	0
NG_062082.1	1758	3	0
NG_062074.1	1741	1	0
NG_062073.1	1724	1	0
NG_062047.1	1696	1	0
NG_062045.1	1696	1	0
NG_062044.1	1696	1	0
NG_062042.1	1781	2	0
NG_062029.1	1782	3	0
NG_062028.1	1782	6	0
NG_062027.1	1782	3	0
NG_062026.1	1782	3	0
NG_062024.1	1792	2	0
NG_062014.1	1776	1	0
NG_062012.1	1774	1	0
NG_061287.1	1050	4	0
NG_061284.1	857	659	0
NG_061261.1	974	3	0
NG_061246.1	2310	1	0
NG_061239.1	1448	315	0
NG_061232.1	941	1	0
NG_061226.1	1003	4	0
NG_061212.1	1659	7	0
NG_061209.1	1017	3	0
NG_061196.1	1697	2	0
NG_061186.1	1019	4	0
NG_061179.1	1606	3	0
NG_061177.1	1712	1	0
NG_061175.1	1685	4	0
NG_061173.1	767	276	0
NG_061171.1	1547	31	0
NG_061166.1	1719	4	0
NG_061160.1	1656	3	0
NG_061158.1	1657	8	0
NG_061152.1	1655	1	0
NG_061151.1	1656	1	0
NG_061140.1	1649	98	0
NG_061135.1	1643	2	0
NG_061132.1	1749	3	0
NG_061126.1	1646	2	0
NG_061125.1	1763	2	0
NG_061121.1	1005	1	0
NG_061115.1	1775	196	0
NG_061114.1	1664	4	0
NG_061113.1	1664	11	0
NG_061108.1	1201	6	0
NG_061087.1	1727	1	0
NG_061086.1	1738	2	0
NG_061077.1	2459	3	0
NG_061076.1	1684	4	0
NG_061070.1	1138	2	0
NG_061062.1	1095	1	0
NG_061059.1	1575	8	0
NG_061056.1	1715	128	0
NG_061055.1	1785	5	0
NG_061053.1	1769	7424	0
NG_061042.1	1777	1	0
NG_061041.1	1730	1	0
NG_061040.1	1734	1	0
NG_061039.1	1758	2	0
NG_061038.1	1756	5	0
NG_061034.1	1759	6	0
NG_061031.1	1783	1	0
NG_061011.1	1776	7475	0
NG_061010.1	1752	18	0
NG_061009.1	1751	2	0
NG_061008.1	1762	4	0
NG_060996.1	1676	5	0
NG_060988.1	1778	2	0
NG_060987.1	1686	1	0
NG_060986.1	1781	11	0
NG_060983.1	1781	4	0
NG_060982.1	1782	1	0
NG_060981.1	1757	1	0
NG_060976.1	1763	2	0
NG_060975.1	2072	1	0
NG_060974.1	1781	5	0
NG_060972.1	1740	2	0
NG_013175.1	1776	97	0
NG_017192.1	1736	1	0
NG_017187.1	1751	34	0
NG_017185.1	1816	63	0
NG_017179.1	1787	1	0
NG_017174.1	1770	51	0
NG_017173.1	2620	7337	0
NG_017172.1	1796	45	0
NG_017168.1	1784	7229	0
NG_017166.1	1860	1	0
NG_013154.1	1715	76	0
NG_017176.1	1463	65	0
