NR_178165.1	716	1	0
NR_178156.1	673	3	0
NR_178153.1	683	13	0
NR_178151.1	630	2	0
NR_178141.1	628	1	0
NR_177586.1	543	554	0
NR_177575.1	673	1	0
NR_177573.1	661	3	0
NR_177536.1	607	150	0
NR_177535.1	608	155	0
NR_177534.1	604	126	0
NR_177533.1	652	75	0
NR_177513.1	677	486	0
NR_177510.1	634	521	0
NR_177501.1	644	3	0
NR_177500.1	630	150	0
NR_177499.1	759	2	0
NR_177497.1	689	1	0
NR_177490.1	661	1	0
NR_177487.1	621	74	0
NR_177469.1	660	3	0
NR_177463.1	612	263	0
NR_177458.1	784	20	0
NR_177181.1	963	532	0
NR_177180.1	896	20	0
NR_177173.1	846	3	0
NR_177137.1	548	15	0
NR_177116.1	549	1	0
NR_176780.1	609	1	0
NR_176701.1	659	2	0
NR_176698.1	704	2	0
NR_176697.1	709	308	0
NR_149342.1	666	1	0
NR_173883.1	605	136	0
NR_176186.1	627	1	0
NR_176184.1	790	27	0
NR_176166.1	722	1	0
NR_176137.1	673	387	0
NR_176132.1	680	1	0
NR_176108.1	665	1	0
NR_175027.1	728	1	0
NR_172300.1	727	1	0
NR_171285.1	660	1	0
NR_157971.1	669	1	0
NR_157962.1	703	2	0
NR_157959.1	705	1	0
NR_157949.1	695	2	0
NR_157938.1	718	2	0
NR_157933.1	674	2	0
NR_157932.1	717	2	0
NR_153050.1	726	1	0
NR_153023.1	696	1	0
NR_130313.1	724	2	0
NR_130301.1	703	2	0
NR_130288.1	684	1	0
NR_130284.1	697	6	0
NR_130272.1	723	3	0
NR_130264.1	690	1	0
NR_130257.1	706	4	0
NR_130256.1	675	2	0
NR_130252.1	699	1	0
NR_130245.1	712	1	0
NR_130239.1	729	1	0
NR_130231.1	787	1	0
NR_130230.1	722	3	0
NR_130227.1	720	2	0
NR_130219.1	699	1	0
NR_130210.1	700	1	0
NR_130206.1	728	2	0
NR_130204.1	701	1	0
NR_130203.1	722	3	0
NR_130201.1	727	1	0
NR_130183.1	726	1	0
NR_120301.1	557	4	0
NR_119805.1	714	4	0
NR_119804.1	736	1	0
NR_119796.1	727	3	0
NR_119795.1	728	1	0
NR_119791.1	730	3	0
NR_175751.1	694	1	0
NR_175696.1	711	1	0
NR_175695.1	575	2	0
NR_175649.1	584	2	0
NR_175633.1	747	302	0
NR_175625.1	636	1	0
NR_175610.1	584	1	0
NR_175602.1	769	2	0
NR_173069.1	688	2	0
NR_157966.1	704	2	0
NR_153068.1	716	1	0
NR_153016.1	701	2	0
NR_153015.1	705	4	0
NR_153010.1	707	2	0
NR_153002.1	685	1	0
NR_130285.1	685	1	0
NR_130253.1	685	1	0
NR_130238.1	706	2	0
NR_130229.1	704	1	0
NR_130207.1	714	2	0
NR_130190.1	699	1	0
NR_130188.1	701	2	0
NR_119809.1	690	3	0
NR_119801.1	725	1	0
NR_175207.1	662	1	0
NR_175191.1	627	1	0
NR_175186.1	571	41	0
NR_175183.1	653	1	0
NR_175150.1	532	150	0
NR_175127.1	706	6	0
NR_175100.1	846	1	0
NR_175095.1	778	18	0
NR_175050.1	775	2	0
NR_175035.1	682	1	0
NR_121486.1	663	8	0
NR_174909.1	622	1	0
NR_174894.1	818	1	0
NR_174884.1	598	1	0
NR_174804.1	747	1	0
NR_174799.1	760	1	0
NR_174793.1	781	2	0
NR_174779.1	703	13	0
NR_174778.1	713	1	0
NR_174770.1	750	2	0
NR_174769.1	780	1	0
NR_174767.1	769	1	0
NR_174763.1	813	3	0
NR_174762.1	748	502	0
NR_174761.1	732	346	0
NR_174760.1	735	362	0
NR_174759.1	732	45	0
NR_174756.1	610	2	0
NR_174755.1	611	1	0
NR_174750.1	676	1	0
NR_174742.1	620	27	0
NR_174741.1	620	32	0
NR_174740.1	635	1	0
NR_174737.1	632	3	0
NR_174733.1	677	586	0
NR_174732.1	667	558	0
NR_174731.1	671	4	0
NR_174730.1	594	624	0
NR_174729.1	649	2	0
NR_174728.1	655	20	0
NR_174725.1	649	1	0
NR_174722.1	575	533	0
NR_171710.1	722	1	0
NR_174666.1	680	1	0
NR_174659.1	715	3	0
NR_174656.1	722	3	0
NR_174652.1	705	1	0
NR_153452.1	544	480	0
NR_174052.1	661	459	0
NR_174051.1	660	496	0
NR_174038.1	723	1	0
NR_174036.1	695	1	0
NR_164277.1	756	4962	0
NR_119887.1	608	4	0
NR_103595.1	610	1	0
NR_173979.1	695	31	0
NR_173976.1	657	1	0
NR_173970.1	700	1	0
NR_173967.1	732	1	0
NR_173939.1	689	1861	0
NR_173904.1	692	342	0
NR_173898.1	692	1	0
NR_173897.1	780	1	0
NR_173878.1	628	2139	0
NR_173874.1	735	8	0
NR_173861.1	710	1	0
NR_173834.1	723	14	0
NR_173826.1	731	1	0
NR_173787.1	723	689	0
NR_173762.1	751	1	0
NR_173726.1	695	213	0
NR_173706.1	741	7	0
NR_173429.1	683	18	0
NR_173428.1	634	7	0
NR_173427.1	637	14	0
NR_170845.1	678	1	0
NR_119473.1	642	2072	0
NR_173360.1	760	1	0
NR_137743.1	463	1	0
NR_137742.1	488	1	0
NR_173324.1	578	523	0
NR_173316.1	479	57	0
NR_173315.1	625	61	0
NR_173313.1	531	2	0
NR_173308.1	572	106	0
NR_173275.1	701	1	0
NR_173234.1	786	2	0
NR_173229.1	571	1	0
NR_173228.1	573	2	0
NR_173227.1	654	3	0
NR_173224.1	769	4	0
NR_173223.1	761	1	0
NR_173189.1	791	189	0
NR_173188.1	1016	1	0
NR_173079.1	617	1	0
NR_173076.1	709	1	0
NR_173073.1	715	1	0
NR_172990.1	712	1	0
NR_172986.1	680	1	0
NR_172985.1	692	2	0
NR_172984.1	688	1	0
NR_172976.1	576	4	0
NR_172974.1	518	1833	0
NR_172852.1	683	1	0
NR_172806.1	679	2	0
NR_172804.1	685	4	0
NR_172792.1	707	2	0
NR_172782.1	806	34	0
NR_172766.1	649	558	0
NR_172755.1	528	1	0
NR_172417.1	700	1	0
NR_154314.1	741	1	0
NR_153597.1	609	894	0
NR_119591.1	573	3	0
NR_172347.1	623	1	0
NR_172330.1	639	5	0
NR_172325.1	593	3	0
NR_172324.1	605	1	0
NR_172296.1	629	3	0
NR_172258.1	572	91	0
NR_172245.1	756	1	0
NR_172242.1	741	1	0
NR_172218.1	652	4	0
NR_172319.1	641	1	0
NR_172295.1	633	1	0
NR_172192.1	595	2	0
NR_172191.1	636	1	0
NR_172158.1	632	1	0
NR_159628.1	548	34	0
NR_172044.1	620	1	0
NR_172002.1	689	1	0
NR_171948.1	588	1	0
NR_171869.1	618	4	0
NR_171841.1	683	1	0
NR_171839.1	644	29	0
NR_171785.1	554	5	0
NR_171372.1	623	2	0
NR_171368.1	634	4	0
NR_171365.1	623	1	0
NR_171361.1	623	1	0
NR_171360.1	625	1	0
NR_171357.1	633	2	0
NR_171345.1	647	1	0
NR_171344.1	625	2	0
NR_171340.1	625	1	0
NR_171335.1	634	2	0
NR_171331.1	623	2	0
NR_171330.1	593	1	0
NR_171326.1	631	4	0
NR_171321.1	583	1	0
NR_171320.1	628	2	0
NR_171318.1	634	3	0
NR_171315.1	639	6	0
NR_171314.1	593	3	0
NR_171313.1	599	1	0
NR_171312.1	611	1	0
NR_171308.1	623	5	0
NR_171305.1	591	1	0
NR_171267.1	976	705	0
NR_171252.1	618	1	0
NR_171233.1	590	3	0
NR_171158.1	608	1	0
NR_171157.1	608	1	0
NR_171156.1	612	1	0
NR_171153.1	621	3	0
NR_171151.1	624	1	0
NR_171149.1	610	1	0
NR_171148.1	604	3	0
NR_171142.1	611	1	0
NR_171137.1	614	1	0
NR_171135.1	584	1	0
NR_171131.1	612	1	0
NR_171130.1	608	2	0
NR_171128.1	608	1	0
NR_171125.1	623	2	0
NR_171122.1	617	2	0
NR_171121.1	617	1	0
NR_171120.1	551	1	0
NR_171117.1	611	1	0
NR_171116.1	622	1	0
NR_171114.1	618	1	0
NR_145301.1	603	3	0
NR_170856.1	596	1	0
NR_170855.1	595	2	0
NR_170854.1	619	2	0
NR_170853.1	626	3	0
NR_170852.1	637	1	0
NR_170851.1	637	3	0
NR_170850.1	629	4	0
NR_170849.1	628	1	0
NR_170846.1	618	3	0
NR_170844.1	638	2	0
NR_170840.1	631	2	0
NR_170738.1	815	6	0
NR_170723.1	675	15	0
NR_170026.1	632	2	0
NR_169983.1	658	1	0
NR_169968.1	676	1	0
NR_169943.1	675	3	0
NR_169927.1	637	1	0
NR_169916.1	473	1	0
NR_169890.1	526	2	0
NR_169682.1	726	1	0
NR_169668.1	795	2	0
NR_168751.1	703	14	0
NR_168750.1	699	18	0
NR_158374.1	667	6	0
NR_120088.1	705	1	0
NR_168427.1	563	1	0
NR_168426.1	687	1	0
NR_168411.1	608	2	0
NR_168410.1	606	1	0
NR_167959.1	752	1	0
NR_132835.1	653	3	0
NR_126136.1	583	1	0
NR_166557.1	642	5	0
NR_166357.1	735	1	0
NR_166302.1	780	33	0
NR_166278.1	704	207	0
NR_166237.1	641	2923	0
NR_166232.1	700	509	0
NR_166223.1	659	494	0
NR_166216.1	673	1	0
NR_165983.1	901	1	0
NR_160610.1	697	926	0
NR_160608.1	669	2	0
NR_153149.1	632	4	0
NR_121487.1	728	105	0
NR_119899.1	569	2	0
NR_166019.1	616	1	0
NR_166003.1	612	1	0
NR_165946.1	578	2	0
NR_165941.1	581	13	0
NR_165884.1	741	5	0
NR_165200.1	829	1	0
NR_120266.2	605	1	0
NR_119780.1	673	1	0
NR_119778.1	681	2	0
NR_119777.1	711	1	0
NR_119776.1	675	3	0
NR_119557.1	580	413	0
NR_153509.1	738	1	0
NR_119773.1	728	3	0
NR_164612.1	639	5	0
NR_164545.1	605	1	0
NR_164539.1	666	3	0
NR_164522.1	436	15	0
NR_164489.1	768	1	0
NR_164293.1	582	1	0
NR_164254.1	504	1	0
NR_164292.1	705	14	0
NR_164278.1	690	7	0
NR_164224.1	649	1	0
NR_164071.1	616	1	0
NR_164069.1	722	3	0
NR_164055.1	768	3	0
NR_164045.1	735	1	0
NR_111375.1	552	8	0
NR_163690.1	543	1	0
NR_163677.1	579	4	0
NR_155626.1	641	1	0
NR_154704.1	668	9	0
NR_154604.1	656	10	0
NR_154391.1	832	1	0
NR_153863.1	801	222	0
NR_153607.1	651	1	0
NR_152948.1	626	1	0
NR_145293.1	805	1	0
NR_145287.1	582	1	0
NR_145276.1	600	1	0
NR_138380.1	678	1	0
NR_137711.1	706	2	0
NR_137056.1	576	1	0
NR_132841.1	647	1484	0
NR_132054.1	1092	742	0
NR_126116.1	639	1	0
NR_121448.1	646	26	0
NR_121447.1	641	35	0
NR_121446.1	637	27	0
NR_121445.1	645	4	0
NR_121444.1	642	28	0
NR_121432.1	645	2	0
NR_121416.1	657	1	0
NR_121407.1	661	1	0
NR_121401.1	672	6	0
NR_121400.1	692	162	0
NR_121398.1	691	169	0
NR_121395.1	691	206	0
NR_121394.1	689	176	0
NR_121393.1	689	187	0
NR_121391.1	690	183	0
NR_121390.1	694	199	0
NR_121388.1	694	190	0
NR_121387.1	691	183	0
NR_121385.1	664	740	0
NR_121384.1	664	748	0
NR_121382.1	672	5	0
NR_121380.1	674	8	0
NR_121377.1	672	5	0
NR_121376.1	672	6	0
NR_121373.1	672	3	0
NR_121372.1	673	1	0
NR_121371.1	672	6	0
NR_121369.1	623	1	0
NR_121339.1	804	781	0
NR_121280.1	651	2	0
NR_120224.1	601	1	0
NR_119652.1	668	755	0
NR_119650.1	681	708	0
NR_119649.1	790	8	0
NR_119648.1	853	4	0
NR_119647.1	521	17	0
NR_119644.1	713	699	0
NR_119625.1	648	38	0
NR_119592.1	565	6	0
NR_119590.1	749	746	0
NR_119554.1	824	11	0
NR_119543.1	814	3	0
NR_119537.1	659	1	0
NR_111809.1	698	5	0
NR_111664.1	598	3	0
NR_111658.1	636	1	0
NR_111586.1	601	2	0
NR_103650.1	731	4	0
NR_103649.1	708	1	0
NR_103641.1	583	1	0
NR_103636.1	586	1	0
NR_103625.1	661	1	0
NR_077174.1	538	1	0
NR_073317.1	600	2	0
NR_163315.1	693	3	0
NR_163314.1	655	108	0
NR_163299.1	592	2	0
NR_163298.1	698	1	0
NR_163297.1	689	2	0
NR_163294.1	697	1	0
NR_163283.1	673	1	0
NR_161037.1	777	2	0
NR_161026.1	712	1	0
NR_161005.1	468	1	0
NR_161039.1	740	1	0
NR_161007.1	697	1	0
NR_160598.1	660	1	0
NR_160572.1	590	1	0
NR_160570.1	635	1	0
NR_160569.1	634	1	0
NR_160490.1	646	3	0
NR_160459.1	834	3	0
NR_160338.1	542	1	0
NR_160330.1	684	2	0
NR_160261.1	782	1	0
NR_160239.1	807	1	0
NR_160160.1	562	21	0
NR_160139.1	692	14	0
NR_160095.1	593	1	0
NR_159832.1	686	225	0
NR_159831.1	704	226	0
NR_159823.1	725	1	0
NR_119560.2	742	3	0
NR_119415.2	697	148	0
NR_119394.2	655	2	0
NR_121542.1	712	3	0
NR_121533.1	730	1	0
NR_121532.1	682	25	0
NR_121524.1	605	1	0
NR_121481.1	707	1	0
NR_121458.1	797	378	0
NR_121330.1	680	1	0
NR_121307.1	592	13	0
NR_121306.1	593	10	0
NR_121303.1	620	2	0
NR_121301.1	589	13	0
NR_121286.1	720	1	0
NR_121199.1	804	1	0
NR_121198.1	656	1	0
NR_120303.1	613	1	0
NR_120241.1	691	2	0
NR_120163.1	644	2	0
NR_120146.1	614	1	0
NR_120047.1	584	1	0
NR_120035.1	609	219	0
NR_120025.1	850	133	0
NR_119950.1	635	1	0
NR_119826.1	672	1	0
NR_119800.1	724	1	0
NR_119797.1	712	3	0
NR_119794.1	708	1	0
NR_119793.1	699	2	0
NR_119792.1	720	2	0
NR_119790.1	725	2	0
NR_119789.1	721	2	0
NR_119788.1	717	2	0
NR_119787.1	723	1	0
NR_119785.1	669	1	0
NR_119783.1	726	2	0
NR_119781.1	749	1	0
NR_119774.1	728	3	0
NR_119772.1	671	5	0
NR_119766.1	658	168	0
NR_119764.1	732	2	0
NR_119723.1	606	1	0
NR_119707.1	613	1	0
NR_119695.1	698	2	0
NR_119693.1	707	1	0
NR_119664.1	758	2	0
NR_119646.1	746	6	0
NR_119559.1	755	6	0
NR_119502.1	585	1	0
NR_119498.1	497	1	0
NR_119416.1	506	146	0
NR_119390.1	770	2	0
NR_111538.1	498	1	0
NR_111390.1	619	1	0
NR_111372.1	552	9	0
NR_111220.1	549	1	0
NR_103612.1	631	39	0
NR_077200.1	428	1	0
NR_077117.1	624	1	0
NR_077116.1	647	2	0
NR_077111.1	523	1	0
NR_077075.1	411	1	0
NR_073278.1	628	1	0
NR_073257.1	582	1	0
NR_073250.1	691	1	0
NR_073218.1	525	2	0
NR_159637.1	536	1	0
NR_159623.1	572	1	0
NR_159622.1	592	1	0
NR_159611.1	556	1	0
NR_159598.1	588	1	0
NR_159586.1	662	62	0
NR_159064.1	660	1	0
NR_159061.1	684	1	0
NR_159029.1	730	1	0
NR_159013.1	503	1	0
NR_152367.1	602	1	0
NR_137923.1	547	9	0
NR_158945.1	549	167	0
NR_158944.1	616	142	0
NR_158943.1	580	136	0
NR_158937.1	745	1	0
NR_158926.1	707	1273	0
NR_158925.1	530	1	0
NR_158924.1	505	506	0
NR_158877.1	758	1	0
NR_158797.1	720	1	0
NR_158794.1	578	1	0
NR_158525.1	500	1	0
NR_158513.1	604	1	0
NR_158461.1	862	695	0
NR_158460.1	695	2186	0
NR_158408.1	579	1	0
NR_158407.1	636	1	0
NR_158399.1	685	1	0
NR_158347.1	613	51	0
NR_158332.1	612	1	0
NR_158322.1	580	1	0
NR_158321.1	581	1	0
NR_158299.1	762	3	0
NR_157977.1	721	3	0
NR_157967.1	701	1	0
NR_157958.1	694	1	0
NR_157957.1	699	1	0
NR_157943.1	700	2	0
NR_157940.1	680	1	0
NR_157929.1	695	1	0
NR_157915.1	645	214	0
NR_157899.1	670	2	0
NR_157884.1	638	1	0
NR_157880.1	684	1	0
NR_157870.1	727	6	0
NR_156587.1	615	3	0
NR_156560.1	573	1	0
NR_156300.1	761	2	0
NR_156245.1	621	14	0
NR_153093.1	619	1	0
NR_152964.1	754	1	0
NR_156661.1	595	4	0
NR_156635.1	682	1	0
NR_156527.1	728	4	0
NR_156191.1	485	1	0
NR_155984.1	670	1	0
NR_155933.1	575	2010	0
NR_155910.1	661	202	0
NR_155847.1	501	33	0
NR_155844.1	683	9	0
NR_155834.1	484	3	0
NR_155719.1	687	214	0
NR_155707.1	609	1	0
NR_155695.1	500	48	0
NR_155611.1	601	6	0
NR_155610.1	601	6	0
NR_155402.1	394	1	0
NR_155358.1	691	1	0
NR_155334.1	588	746	0
NR_155182.1	633	1	0
NR_155179.1	574	1	0
NR_155020.1	595	45	0
NR_154947.1	612	1	0
NR_154879.1	623	1	0
NR_154870.1	663	1	0
NR_154868.1	601	1	0
NR_154834.1	578	1	0
NR_154826.1	801	1	0
NR_154805.1	643	2	0
NR_154767.1	667	19	0
NR_154740.1	410	1	0
NR_154700.1	498	1	0
NR_154680.1	694	1	0
NR_154669.1	892	218	0
NR_154536.1	766	4	0
NR_154534.1	579	8	0
NR_154533.1	577	8	0
NR_154527.1	594	2	0
NR_154495.1	617	2	0
NR_154470.1	699	10	0
NR_154436.1	673	1	0
NR_154357.1	505	12	0
NR_154354.1	600	19	0
NR_154222.1	475	2	0
NR_154152.1	792	4	0
NR_154149.1	609	1	0
NR_154136.1	658	2	0
NR_154135.1	616	132	0
NR_154119.1	675	72	0
NR_154081.1	671	518	0
NR_154021.1	723	33	0
NR_154000.1	684	44	0
NR_153991.1	762	2	0
NR_153930.1	702	1	0
NR_153903.1	593	1	0
NR_153875.1	764	1	0
NR_153652.1	710	1	0
NR_153639.1	559	1	0
NR_153577.1	633	1	0
NR_153554.1	643	1	0
NR_153553.1	648	53	0
NR_153525.1	717	604	0
NR_153482.1	543	208	0
NR_153466.1	724	1	0
NR_153465.1	728	1	0
NR_153449.1	677	197	0
NR_153080.1	703	3	0
NR_153077.1	753	1	0
NR_153056.1	624	1	0
NR_153040.1	690	214	0
NR_153039.1	682	230	0
NR_153036.1	728	2	0
NR_152377.1	486	2	0
NR_148094.1	483	3	0
NR_144767.1	682	1	0
NR_137550.1	626	1	0
NR_137137.1	694	5	0
NR_131857.1	697	1	0
NR_130212.1	669	203	0
NR_153078.1	665	2	0
NR_153069.1	691	2	0
NR_153059.1	605	1	0
NR_153055.1	621	1	0
NR_153032.1	584	348	0
NR_153029.1	613	205	0
NR_153013.1	664	1	0
NR_152897.1	674	1	0
NR_152489.1	559	6	0
NR_151842.1	866	1668	0
NR_151797.1	628	1	0
NR_148190.1	483	1	0
NR_148110.1	772	1	0
NR_148108.1	706	1	0
NR_148096.1	623	2	0
NR_148069.1	669	2	0
NR_147657.1	682	1	0
NR_147528.1	744	43	0
NR_147446.1	676	1	0
NR_147362.1	543	2	0
NR_145382.1	875	32	0
NR_145335.1	719	468	0
NR_144901.1	637	33	0
NR_144774.1	486	2	0
NR_144768.1	635	1	0
NR_126138.2	491	424	0
NR_138411.1	617	59	0
NR_138387.1	684	944	0
NR_138383.1	657	1	0
NR_138234.1	641	11	0
NR_137948.1	547	2	0
NR_137122.1	616	1	0
NR_135947.1	565	2	0
NR_132836.1	641	40	0
NR_132834.1	780	1	0
NR_131885.1	619	1	0
NR_131881.1	618	2	0
NR_131878.1	588	2	0
NR_131872.1	665	2	0
NR_130670.1	537	2	0
NR_130287.1	726	1	0
NR_130218.1	727	3	0
NR_126151.1	803	30	0
NR_144889.1	710	1	0
NR_148070.1	769	1	0
NR_137922.1	576	68	0
NR_137795.1	787	2	0
NR_131837.1	628	2	0
NR_131833.1	649	1	0
NR_131807.1	612	473	0
NR_131798.1	705	220	0
NR_153310.1	859	2	0
NR_153283.1	535	2	0
NR_153250.1	794	1	0
NR_153245.1	702	1	0
NR_153177.1	611	2	0
NR_153159.1	620	1	0
NR_153135.1	748	7	0
NR_153084.1	602	2	0
NR_138403.1	686	1	0
NR_137779.1	751	1	0
NR_137719.1	605	1	0
NR_137710.1	803	364	0
NR_137574.1	769	1	0
NR_137545.1	569	3	0
NR_137520.1	564	1	0
NR_137151.1	673	8	0
NR_136964.1	512	1	0
NR_136956.1	625	15	0
NR_135329.1	620	1	0
NR_152330.1	672	1	0
