NG_088148.1	1379	1	0
NG_079683.1	1329	17	0
NG_088360.1	859	634	0
NG_088322.1	824	5	0
NG_088319.1	800	1	0
NG_088318.1	1333	2	0
NG_088317.1	1342	590	0
NG_088316.1	1344	16	0
NG_088315.1	1344	22	0
NG_088311.1	1350	7	0
NG_088310.1	1360	6	0
NG_088309.1	1348	1	0
NG_088307.1	1379	134	0
NG_088305.1	1378	1	0
NG_088304.1	1384	1	0
NG_088301.1	913	5	0
NG_088298.1	1345	50	0
NG_088294.1	810	3710	0
NG_088292.1	893	13	0
NG_088291.1	862	35	0
NG_088286.1	879	1	0
NG_088282.1	868	767	0
NG_088280.1	1049	1	0
NG_088269.1	1379	3	0
NG_088268.1	1398	2	0
NG_088262.1	1379	31	0
NG_088261.1	1338	37	0
NG_088260.1	1400	36	0
NG_088259.1	1372	34	0
NG_088258.1	1348	26	0
NG_088257.1	1355	44	0
NG_088256.1	1353	40	0
NG_088255.1	1352	31	0
NG_088250.1	878	2	0
NG_088249.1	873	1	0
NG_088239.1	1350	67	0
NG_088236.1	1283	1	0
NG_088232.1	929	2	0
NG_088231.1	892	1	0
NG_088230.1	1391	742	0
NG_088229.1	1390	110	0
NG_088228.1	1352	24	0
NG_088227.1	1354	30	0
NG_088221.1	668	1	0
NG_088218.1	949	2	0
NG_088217.1	1339	35	0
NG_088215.1	1384	334	0
NG_088214.1	1389	2	0
NG_088209.1	1368	9	0
NG_088202.1	1336	1	0
NG_088197.1	1334	2	0
NG_088186.1	1353	16	0
NG_088185.1	970	6	0
NG_088184.1	968	2	0
NG_088179.1	1344	59	0
NG_088178.1	881	2	0
NG_088175.1	1311	2	0
NG_088172.1	846	1	0
NG_088159.1	1393	1	0
NG_088158.1	869	286	0
NG_088157.1	1310	2	0
NG_088154.1	891	1	0
NG_088152.1	945	7	0
NG_088150.1	925	34	0
NG_088145.1	913	34	0
NG_088142.1	1390	14	0
NG_088140.1	1355	4	0
NG_088130.1	842	2	0
NG_088127.1	842	1	0
NG_088125.1	837	4	0
NG_088124.1	847	449	0
NG_088123.1	1156	1	0
NG_088122.1	1310	146	0
NG_088118.1	614	1	0
NG_088115.1	833	1	0
NG_088110.1	868	151	0
NG_088108.1	1355	2	0
NG_088106.1	946	20	0
NG_088104.1	1206	1	0
NG_088090.1	803	2	0
NG_088089.1	865	1	0
NG_088084.1	843	584	0
NG_088083.1	1297	54	0
NG_088082.1	1359	44	0
NG_088069.1	867	8	0
NG_088067.1	1399	43	0
NG_088066.1	1395	42	0
NG_088065.1	1399	36	0
NG_088062.1	1347	17	0
NG_088061.1	1344	1	0
NG_088060.1	1334	90	0
NG_088049.1	1146	3	0
NG_088042.1	1299	26	0
NG_088039.1	1288	1	0
NG_088037.1	828	24	0
NG_088034.1	872	589	0
NG_088025.1	1350	1	0
NG_088020.1	1280	56	0
NG_088019.1	614	2	0
NG_088016.1	1431	58	0
NG_088004.1	948	1	0
NG_088003.1	1263	10	0
NG_070816.1	916	1	0
NG_070626.1	845	9	0
NG_070072.1	858	6	0
NG_068751.1	892	13	0
NG_067790.1	812	1	0
NG_060299.1	795	169	0
NG_059749.1	805	15	0
NG_058505.1	849	14	0
NG_058263.1	1415	12	0
NG_058141.1	1380	19	0
NG_058140.1	1381	15	0
NG_058018.1	1313	11	0
NG_058017.1	1312	14	0
NG_058015.1	1303	46	0
NG_058013.1	1350	12	0
NG_057992.1	809	9	0
NG_057991.1	793	20	0
NG_057990.1	802	13	0
NG_057987.1	798	11	0
NG_057986.1	799	11	0
NG_081526.1	887	1	0
NG_081514.1	849	1	0
NG_081481.1	840	1	0
NG_081469.1	665	99	0
NG_081447.1	871	4	0
NG_081351.1	723	1	0
NG_081312.1	1315	1	0
NG_081306.1	979	4	0
NG_081295.1	917	12	0
NG_081284.1	1330	22	0
NG_081277.1	836	87	0
NG_075323.1	897	2	0
NG_060409.1	1367	1	0
NG_058838.1	1377	2	0
NG_077386.1	915	4	0
NG_069325.1	1325	132	0
NG_068872.1	1283	6	0
NG_068871.1	1281	62	0
NG_068870.1	1255	59	0
NG_068869.1	1289	7	0
NG_059107.1	1349	2	0
NG_058839.1	882	1	0
NG_058802.1	953	3	0
NG_058800.1	951	1	0
NG_042652.1	1344	333	0
NG_042651.1	1342	352	0
NG_079709.1	1340	1	0
NG_079706.1	1324	14	0
NG_079698.1	908	6	0
NG_079689.1	884	2	0
NG_079687.1	1373	91	0
NG_079685.1	1316	72	0
NG_079684.1	1344	29	0
NG_079680.1	1280	1	0
NG_079674.1	1383	16	0
NG_079661.1	1326	7	0
NG_079658.1	1404	376	0
NG_079640.1	1316	333	0
NG_079638.1	1297	3	0
NG_079637.1	1265	4	0
NG_079636.1	1291	3	0
NG_079635.1	1297	2	0
NG_079634.1	1291	3	0
NG_079632.1	1291	23	0
NG_079631.1	1137	23	0
NG_079630.1	1290	2	0
NG_079629.1	1355	1	0
NG_079628.1	800	1	0
NG_079626.1	1350	1	0
NG_079569.1	819	1	0
NG_079567.1	840	1	0
NG_079565.1	835	267	0
NG_079564.1	836	271	0
NG_079560.1	862	2	0
NG_079559.1	838	2	0
NG_079554.1	871	1	0
NG_079525.1	876	1352	0
NG_079495.1	953	26	0
NG_079492.1	1315	1	0
NG_067775.1	1435	12	0
NG_078690.1	1279	44	0
NG_078681.1	921	4	0
NG_078679.1	931	1	0
NG_078678.1	946	482	0
NG_078674.1	920	1	0
NG_078668.1	942	1	0
NG_078660.1	876	1	0
NG_078659.1	901	1	0
NG_078648.1	909	1	0
NG_078640.1	1278	72	0
NG_078637.1	1391	2	0
NG_077393.1	906	209	0
NG_077392.1	905	1	0
NG_077391.1	903	5	0
NG_077390.1	906	5	0
NG_077387.1	773	1	0
NG_068831.1	929	1	0
NG_060382.1	3250	99	0
NG_058848.1	956	1	0
NG_058827.1	996	1	0
NG_066352.1	3183	79	0
NG_060406.1	1379	11	0
NG_059228.1	569	10	0
NG_055354.1	3283	4149	0
NG_076752.1	898	1	0
NG_076748.1	882	1	0
NG_076728.1	881	1	0
NG_070419.1	1279	1	0
NG_067902.1	814	293	0
NG_059615.1	823	9	0
NG_058077.1	794	8	0
NG_057989.1	798	5	0
NG_055355.1	3269	117	0
NG_075430.1	940	4	0
NG_075429.1	1356	38	0
NG_075399.1	878	6	0
NG_075398.1	1092	1	0
NG_075396.1	1357	49	0
NG_075391.1	997	2	0
NG_075379.1	935	1	0
NG_075373.1	873	159	0
NG_075372.1	873	168	0
NG_075371.1	842	1	0
NG_075370.1	871	1162	0
NG_075368.1	925	1	0
NG_075367.1	908	3	0
NG_075341.1	1367	58	0
NG_075336.1	1361	52	0
NG_075332.1	1291	1	0
NG_075330.1	1388	2	0
NG_075326.1	1312	1	0
NG_075322.1	1356	2	0
NG_075320.1	1389	361	0
NG_075319.1	1341	69	0
NG_075318.1	1349	61	0
NG_075317.1	1350	1	0
NG_075316.1	1349	57	0
NG_075315.1	1348	65	0
NG_075314.1	1349	53	0
NG_075311.1	1341	63	0
NG_075309.1	1303	1	0
NG_075308.1	1277	1	0
NG_075300.1	3106	75	0
NG_075291.1	1352	3	0
NG_075288.1	1382	1	0
NG_075246.1	1307	2	0
NG_075239.1	823	1	0
NG_075238.1	979	1	0
NG_075235.1	1352	42	0
NG_075232.1	1347	1	0
NG_075231.1	1346	2	0
NG_075230.1	1332	123	0
NG_075213.1	1342	1	0
NG_075212.1	1345	100	0
NG_075206.1	1343	40	0
NG_075194.1	950	8	0
NG_075188.1	863	1	0
NG_075187.1	1378	11	0
NG_075184.1	1349	1	0
NG_075181.1	1352	20	0
NG_075167.1	1338	84	0
NG_075166.1	1392	18	0
NG_075163.1	1389	428	0
NG_075161.1	3224	326	0
NG_075155.1	1301	4	0
NG_075152.1	1143	1	0
NG_058996.1	655	2	0
NG_027566.1	3087	1787	0
NG_074504.1	1280	24	0
NG_074503.1	937	2	0
NG_074479.1	811	1	0
NG_074474.1	910	72	0
NG_074473.1	917	63	0
NG_074472.1	894	60	0
NG_074471.1	1018	1	0
NG_074467.1	979	31	0
NG_074462.1	905	2	0
NG_074459.1	934	891	0
NG_074456.1	1051	53	0
NG_074455.1	1055	54	0
NG_074437.1	930	1	0
NG_074436.1	1382	1	0
NG_074433.1	1227	2	0
NG_067549.1	888	1	0
NG_057852.1	3295	1435	0
NG_073849.1	856	1	0
NG_073827.1	884	96	0
NG_073786.1	911	2503	0
NG_073785.1	835	2915	0
NG_073778.1	649	1	0
NG_073762.1	1344	1	0
NG_073757.1	794	2	0
NG_073753.1	891	58	0
NG_073752.1	908	232	0
NG_073751.1	1098	259	0
NG_073750.1	892	254	0
NG_073693.1	894	1	0
NG_073692.1	951	1	0
NG_073689.1	1233	1	0
NG_073684.1	785	8	0
NG_073683.1	785	3	0
NG_073672.1	1101	1300	0
NG_073670.1	1107	1	0
NG_073651.1	845	1	0
NG_073630.1	894	1	0
NG_073625.1	903	2	0
NG_073620.1	654	1	0
NG_073610.1	905	86	0
NG_073606.1	940	1	0
NG_073601.1	865	2	0
NG_073598.1	1339	230	0
NG_073595.1	1385	118	0
NG_073589.1	1342	2	0
NG_073581.1	1333	28	0
NG_073580.1	954	1	0
NG_073626.1	888	2624	0
NG_064432.1	1259	3	0
NG_060125.1	1375	4308	0
NG_071250.1	917	914	0
NG_071249.1	863	1	0
NG_071246.1	1272	59	0
NG_071245.1	1326	290	0
NG_071244.1	1023	1	0
NG_071234.1	683	3	0
NG_071233.1	672	4	0
NG_059017.1	888	7	0
NG_058756.1	889	4	0
NG_070934.1	811	39	0
NG_070933.1	856	21	0
NG_070932.1	831	22	0
NG_070931.1	869	81	0
NG_070922.1	820	152	0
NG_070919.1	705	1	0
NG_059812.1	1305	1	0
NG_058019.1	1350	3	0
NG_057945.1	1459	1	0
NG_042555.1	1382	1	0
NG_042539.1	1429	1	0
NG_070846.1	1317	362	0
NG_070845.1	1319	102	0
NG_070844.1	1329	1	0
NG_070843.1	1233	1	0
NG_070836.1	988	457	0
NG_070830.1	1052	15	0
NG_070823.1	1359	1	0
NG_070818.1	819	1	0
NG_070811.1	1386	1	0
NG_070815.1	872	85	0
NG_070814.1	1305	1	0
NG_069015.1	1327	1	0
NG_070600.1	854	2	0
NG_070594.1	1327	1	0
NG_070583.1	1327	1	0
NG_070580.1	1007	1	0
NG_070557.1	663	5	0
NG_070556.1	937	8	0
NG_070555.1	827	5	0
NG_070553.1	935	4	0
NG_070552.1	936	10	0
NG_070548.1	920	1	0
NG_070540.1	1412	1	0
NG_070519.1	1071	30	0
NG_070518.1	1327	1	0
NG_070513.1	1320	1	0
NG_070512.1	3248	82	0
NG_070502.1	1319	144	0
NG_056936.1	1313	2	0
NG_060647.1	1379	52	0
NG_070465.1	856	7	0
NG_070446.1	1326	1	0
NG_070391.1	1436	60	0
NG_070385.1	1323	1	0
NG_070363.1	1207	1	0
NG_070362.1	1327	1	0
NG_070361.1	1327	2	0
NG_070356.1	1315	8	0
NG_070350.1	1288	1	0
NG_070392.1	1436	53	0
NG_068541.1	1393	1	0
NG_069914.1	912	1	0
NG_069907.1	908	1	0
NG_069867.1	1327	2	0
NG_069857.1	1327	2	0
NG_069819.1	1327	1	0
NG_069800.1	1327	2	0
NG_069785.1	1327	1	0
NG_069784.1	1327	3	0
NG_069783.1	1327	1	0
NG_069626.1	909	1	0
NG_069555.1	1327	1	0
NG_069471.1	1315	2	0
NG_069470.1	1315	2	0
NG_069461.1	816	1	0
NG_069419.1	942	138	0
NG_069418.1	935	125	0
NG_069413.1	931	11	0
NG_069409.1	937	13	0
NG_069386.1	1172	1	0
NG_069385.1	1322	1	0
NG_069369.1	1305	3	0
NG_069368.1	1302	2	0
NG_069330.1	1695	4	0
NG_069324.1	885	128	0
NG_069322.1	870	2	0
NG_069319.1	995	1	0
NG_069275.1	886	1	0
NG_069264.1	868	108	0
NG_069171.1	874	1	0
NG_069151.1	2040	208	0
NG_069150.1	2035	208	0
NG_069149.1	2029	210	0
NG_069120.1	1327	1	0
NG_069114.1	1293	54	0
NG_069111.1	1327	1	0
NG_069096.1	1375	1	0
NG_069073.1	1281	1	0
NG_069070.1	1281	2	0
NG_069064.1	1281	1	0
NG_069062.1	1281	1	0
NG_069060.1	1327	1	0
NG_069058.1	1327	1	0
NG_069055.1	1327	2	0
NG_069052.1	1327	2	0
NG_069050.1	1327	1	0
NG_069049.1	1327	2	0
NG_069048.1	1327	1	0
NG_069044.1	1327	1	0
NG_069043.1	1327	1	0
NG_069039.1	1327	2	0
NG_069037.1	1327	1	0
NG_069012.1	1327	1	0
NG_069004.1	3250	95	0
NG_069003.1	3257	98	0
NG_068999.1	1288	1	0
NG_068998.1	1274	1	0
NG_068997.1	1270	1	0
NG_068969.1	973	2	0
NG_068967.1	590	1	0
NG_068960.1	1312	1	0
NG_069068.1	1281	2	0
NG_069059.1	1327	1	0
NG_069036.1	1327	1	0
NG_068968.1	973	2	0
NG_068966.1	622	1	0
NG_068782.1	1371	2055	0
NG_068931.1	1418	1	0
NG_068906.1	1190	45	0
NG_068905.1	1194	24	0
NG_068904.1	1366	40	0
NG_068903.1	1015	2	0
NG_068902.1	1027	1	0
NG_068892.1	863	1	0
NG_068891.1	630	1	0
NG_068890.1	853	3	0
NG_068882.1	1310	118	0
NG_068881.1	1378	82	0
NG_068873.1	1287	5658	0
NG_068868.1	1293	19	0
NG_068867.1	1273	57	0
NG_068866.1	1348	1	0
NG_068863.1	872	1	0
NG_068861.1	947	51	0
NG_068856.1	901	697	0
NG_068850.1	1312	3116	0
NG_068846.1	1343	51	0
NG_068844.1	1304	4	0
NG_068822.1	1372	1	0
NG_068821.1	1312	386	0
NG_068818.1	852	1	0
NG_068814.1	1411	32	0
NG_068813.1	1401	7	0
NG_068812.1	1401	61	0
NG_068811.1	1401	39	0
NG_068808.1	935	12	0
NG_068806.1	1381	51	0
NG_068805.1	1378	54	0
NG_068788.1	1321	2	0
NG_068786.1	1345	44	0
NG_068765.1	1397	248	0
NG_068764.1	1343	1	0
NG_068763.1	1362	1	0
NG_068759.1	1326	1	0
NG_068758.1	969	2	0
NG_068757.1	959	327	0
NG_068756.1	876	10	0
NG_068750.1	1420	1	0
NG_068749.1	1375	1	0
NG_068747.1	2044	35	0
NG_068736.1	1017	18	0
NG_068727.1	1307	4	0
NG_068726.1	1377	3	0
NG_068724.1	1333	1	0
NG_068711.1	852	1	0
NG_068658.1	832	36	0
NG_068655.1	1392	137	0
NG_068654.1	1389	146	0
NG_068645.1	1206	1	0
NG_068641.1	1098	1	0
NG_068632.1	1191	290	0
NG_068631.1	1193	312	0
NG_068597.1	542	1	0
NG_068596.1	542	1	0
NG_068590.1	543	1	0
NG_068585.1	1363	33	0
NG_068584.1	1351	39	0
NG_068536.1	1386	1	0
NG_068534.1	1384	1	0
NG_068533.1	983	246	0
NG_068528.1	929	1	0
NG_068523.1	1323	1	0
NG_068673.1	891	7	0
NG_068605.1	1292	9	0
NG_068517.1	1327	1	0
NG_059101.1	920	6	0
NG_058869.1	831	1	0
NG_057669.1	621	1	0
NG_055136.1	3235	370	0
NG_060065.1	632	1	0
NG_059967.1	2045	34	0
NG_057229.1	1390	10	0
NG_057016.1	2028	790	0
NG_068350.1	774	3	0
NG_068334.1	834	158	0
NG_068332.1	862	10	0
NG_068322.1	870	50	0
NG_068313.1	821	2	0
NG_068308.1	1270	2	0
NG_068306.1	900	12	0
NG_068304.1	836	1	0
NG_068295.1	862	1	0
NG_068272.1	1176	1	0
NG_068270.1	714	1	0
NG_068264.1	842	1	0
NG_068245.1	914	1	0
NG_068289.1	1417	470	0
NG_068265.1	1368	10762	0
NG_068253.1	1342	1	0
NG_068252.1	2422	34	0
NG_066407.1	1353	50	0
NG_057276.1	935	1	0
NG_057274.1	870	27	0
NG_057260.1	1392	16	0
NG_057259.1	1407	59	0
NG_057248.1	1431	2992	0
NG_057200.1	1428	28	0
NG_057196.1	1436	13	0
NG_060356.1	695	35	0
NG_042597.1	1429	57	0
NG_067893.1	853	1	0
NG_067880.1	840	1	0
NG_067857.1	831	1	0
NG_067838.1	971	68	0
NG_067836.1	614	1	0
NG_067833.1	1337	6	0
NG_067824.1	1382	70	0
NG_067816.1	1369	10	0
NG_067810.1	951	6	0
NG_067801.1	927	6	0
NG_067800.1	1311	9	0
NG_067799.1	893	8	0
NG_067794.1	651	1	0
NG_067791.1	773	1	0
NG_067784.1	1359	42	0
NG_067908.1	898	2	0
NG_067822.1	1439	72	0
NG_067785.1	1371	2	0
NG_067772.1	3257	62	0
NG_067769.1	589	1	0
NG_067565.1	1271	46	0
NG_067564.1	1290	61	0
NG_067535.1	1336	1	0
NG_058739.1	5088	161	0
NG_067380.1	768	1	0
NG_067374.1	1327	2	0
NG_067315.1	937	1	0
NG_067314.1	935	9	0
NG_067306.1	1326	1	0
NG_067280.1	1119	2	0
NG_067271.1	1327	2	0
NG_067263.1	1300	1	0
NG_059086.1	952	3	0
NG_066408.1	857	221	0
NG_059851.1	886	1	0
NG_057090.1	933	34	0
NG_066463.1	1995	22	0
NG_066448.1	586	1	0
NG_066446.1	883	1	0
NG_066439.1	909	1	0
NG_066431.1	885	1	0
NG_066429.1	954	1	0
NG_066405.1	957	1	0
NG_066389.1	1291	3	0
NG_066387.1	1293	593	0
NG_066385.1	758	1010	0
NG_066355.1	3249	74	0
NG_066354.1	3259	96	0
NG_066353.1	3102	337	0
NG_066351.1	3592	22	0
NG_066350.1	3251	47	0
NG_066349.1	3228	163	0
NG_066348.1	5042	7	0
NG_066345.1	1250	7	0
NG_066341.1	775	1	0
NG_066340.1	864	3	0
NG_066337.1	865	2	0
NG_066336.1	876	3	0
NG_066333.1	858	1	0
NG_066297.1	881	1	0
NG_066276.1	1003	1	0
NG_066247.1	943	578	0
NG_066243.1	983	11	0
NG_066188.1	1284	1	0
NG_066184.1	932	7	0
NG_066160.1	1303	1	0
NG_066154.1	3243	597	0
NG_066152.1	1328	1	0
NG_066145.1	619	2	0
NG_060641.1	1386	47	0
NG_060640.1	1398	57	0
NG_058427.1	616	1	0
NG_064599.1	904	1	0
NG_064597.1	869	4	0
NG_064595.1	864	1	0
NG_064594.1	869	1	0
NG_064593.1	882	1	0
NG_064590.1	872	2	0
NG_064588.1	888	167	0
NG_064587.1	863	126	0
NG_064581.1	883	31	0
NG_064574.1	873	1	0
NG_064570.1	860	1	0
NG_064568.1	884	2	0
NG_064561.1	869	10	0
NG_064556.1	869	31	0
NG_064543.1	838	1	0
NG_064533.1	956	1	0
NG_064522.1	607	4	0
NG_064520.1	615	2	0
NG_064512.1	910	1	0
NG_064500.1	846	4	0
NG_064493.1	896	1	0
NG_064473.1	883	78	0
NG_064472.1	886	96	0
NG_064448.1	1595	1	0
NG_064439.1	967	1071	0
NG_064438.1	952	689	0
NG_064436.1	948	1	0
NG_064434.1	956	1	0
NG_064491.1	661	29	0
NG_064489.1	1380	60	0
NG_064486.1	1128	150	0
NG_064477.1	939	1	0
NG_064445.1	1383	51	0
NG_064444.1	1425	58	0
NG_064421.1	1239	77	0
NG_064418.1	1365	262	0
NG_064412.1	1344	1	0
NG_064408.1	1312	1	0
NG_064403.1	926	1	0
NG_064402.1	952	1709	0
NG_064401.1	914	550	0
NG_064387.1	1374	1	0
NG_064404.1	1120	9	0
NG_064389.1	950	3	0
NG_064365.1	936	1	0
NG_064355.1	1363	5	0
NG_064338.1	880	1	0
NG_064317.1	1515	1	0
NG_064315.1	2846	25	0
NG_064313.1	3248	90	0
NG_064312.1	3260	72	0
NG_064262.1	885	1	0
NG_064233.1	951	1	0
NG_064176.1	893	50	0
NG_064124.1	970	1	0
NG_064047.1	985	1	0
NG_064015.1	1019	1	0
NG_063987.1	962	597	0
NG_063952.1	1347	2	0
NG_063948.1	1545	27	0
NG_042328.1	1291	1	0
NG_059217.1	810	1	0
NG_055731.1	3250	50	0
NG_055729.1	1390	245	0
NG_055720.1	627	1	0
NG_055690.1	3298	55	0
NG_055395.1	3301	38	0
NG_055394.1	3280	496	0
NG_055393.1	3076	430	0
NG_055392.1	3308	143	0
NG_055391.1	3243	362	0
NG_055365.1	3272	51	0
NG_055364.1	3249	20	0
NG_055363.1	3282	22	0
NG_055362.1	3284	25	0
NG_055361.1	3290	43	0
NG_055360.1	3275	54	0
NG_055359.1	3238	33	0
NG_055358.1	3270	38	0
NG_055357.1	3238	39	0
NG_055353.1	4349	28	0
NG_055352.1	3285	497	0
NG_055351.1	4174	691	0
NG_055350.1	4553	616	0
NG_055349.1	4788	787	0
NG_055348.1	3265	595	0
NG_055347.1	3269	612	0
NG_055346.1	3282	266	0
NG_055345.1	3282	155	0
NG_055343.1	4469	5	0
NG_055342.1	3584	575	0
NG_055341.1	4578	741	0
NG_055340.1	3718	669	0
NG_055339.1	3244	169	0
NG_055338.1	3260	179	0
NG_055337.1	3664	66	0
NG_055336.1	3678	79	0
NG_055335.1	3265	67	0
NG_055334.1	3253	74	0
NG_055333.1	3659	64	0
NG_055332.1	4949	63	0
NG_055331.1	3244	16	0
NG_055330.1	3264	26	0
NG_055329.1	3257	49	0
NG_055328.1	3242	394	0
NG_055324.1	3258	70	0
NG_055323.1	3246	28	0
NG_055322.1	3207	80	0
NG_055321.1	3258	3328	0
NG_055320.1	3198	110	0
NG_055319.1	3205	75	0
NG_055236.1	521	1	0
NG_055214.1	3242	234	0
NG_055213.1	3241	889	0
NG_055211.1	3223	135	0
NG_055210.1	3242	66	0
NG_055202.1	3279	99	0
NG_055200.1	3260	63	0
NG_055199.1	3257	101	0
NG_055198.1	3257	74	0
NG_055197.1	3257	95	0
NG_055196.1	3231	101	0
NG_055195.1	3227	72	0
NG_055194.1	3225	680	0
NG_055193.1	3277	99	0
NG_055192.1	3278	108	0
NG_055191.1	3259	82	0
NG_055190.1	3270	370	0
NG_055189.1	4208	109	0
NG_055188.1	3269	114	0
NG_055187.1	3262	104	0
NG_055186.1	4439	104	0
NG_055185.1	3292	630	0
NG_055184.1	4689	248	0
NG_055183.1	3249	81	0
NG_055181.1	3663	97	0
NG_055180.1	3038	50	0
NG_055179.1	3231	390	0
NG_055169.1	2129	3	0
NG_055168.1	2138	6	0
NG_055160.1	3278	83	0
NG_055159.1	3273	40	0
NG_055158.1	3282	31	0
NG_055157.1	3242	84	0
NG_055156.1	3243	82	0
NG_055154.1	3178	97	0
NG_055153.1	3180	345	0
NG_055152.1	3235	112	0
NG_055151.1	3237	130	0
NG_055150.1	3233	104	0
NG_055149.1	3181	95	0
NG_055148.1	3210	121	0
NG_055147.1	3187	105	0
NG_055146.1	3191	233	0
NG_055145.1	3229	127	0
NG_055144.1	3234	77	0
NG_055143.1	3234	257	0
NG_055142.1	3232	131	0
NG_055141.1	3211	219	0
NG_055140.1	3227	119	0
NG_055139.1	3226	69	0
NG_055138.1	3237	121	0
NG_055137.1	3230	191	0
NG_055135.1	3191	153	0
NG_055134.1	3232	155	0
NG_055133.1	3242	139	0
NG_055132.1	3238	152	0
NG_055131.1	3229	161	0
NG_055130.1	3258	119	0
NG_055129.1	3263	1227	0
NG_055128.1	3209	124	0
NG_055127.1	3214	132	0
NG_055126.1	3270	95	0
NG_055125.1	3197	69	0
NG_055124.1	3321	48	0
NG_055122.1	3218	108	0
NG_055121.1	3218	80	0
NG_055120.1	3219	123	0
NG_055119.1	3220	77	0
NG_055118.1	3231	94	0
NG_055117.1	3208	891	0
NG_055116.1	3240	120	0
NG_055115.1	3233	128	0
NG_055114.1	3234	115	0
NG_055113.1	3252	88	0
NG_055112.1	3197	130	0
NG_055111.1	3199	122	0
NG_055110.1	3197	129	0
NG_055108.1	3166	372	0
NG_055107.1	3195	122	0
NG_055106.1	3199	903	0
NG_055105.1	3199	968	0
NG_055104.1	3231	174	0
NG_055103.1	3169	487	0
NG_055102.1	3166	482	0
NG_055101.1	3159	505	0
NG_055100.1	3162	472	0
NG_055099.1	3160	508	0
NG_055098.1	3098	979	0
NG_055097.1	3158	2088	0
NG_055096.1	3157	105	0
NG_055063.1	3297	54	0
NG_055048.1	3213	59	0
NG_055036.1	3309	73	0
NG_055033.1	3315	70	0
NG_055032.1	3315	80	0
NG_055031.1	3301	153	0
NG_055030.1	3272	62	0
NG_055029.1	3277	35	0
NG_055028.1	3276	35	0
NG_054831.1	3230	86	0
NG_054830.1	3198	532	0
NG_054819.1	3183	88	0
NG_054805.1	3284	103	0
NG_054804.1	3284	79	0
NG_042775.1	1318	1	0
NG_042748.1	882	4	0
NG_042747.1	1737	15	0
NG_042711.1	1317	1	0
NG_042710.1	1320	1	0
NG_042706.1	1323	1	0
NG_042703.1	1320	1	0
NG_042695.1	1789	4168	0
NG_042694.1	1788	5242	0
NG_042693.1	1795	8352	0
NG_042692.1	1781	5959	0
NG_042664.1	1353	1	0
NG_042663.1	885	1	0
NG_042660.1	965	2	0
NG_042657.1	1305	1	0
NG_042649.1	3385	7457	0
NG_042648.1	3094	1255	0
NG_042647.1	3263	317	0
NG_042646.1	3262	37	0
NG_042645.1	3222	42	0
NG_042644.1	3246	69	0
NG_042643.1	3234	23	0
NG_042642.1	3219	43	0
NG_042641.1	3217	45	0
NG_042640.1	3261	152	0
NG_042639.1	3266	96	0
NG_042638.1	3255	67	0
NG_042637.1	3256	142	0
NG_042636.1	3260	140	0
NG_042635.1	3259	143	0
NG_042634.1	3260	98	0
NG_042633.1	3251	111	0
NG_042632.1	3253	138	0
NG_042631.1	3199	263	0
NG_042630.1	3271	124	0
NG_042629.1	3279	135	0
NG_042628.1	3278	110	0
NG_042627.1	3243	61	0
NG_042626.1	3266	131	0
NG_042625.1	3278	68	0
NG_042624.1	3282	97	0
NG_042623.1	3284	71	0
NG_042622.1	3312	662	0
NG_042621.1	3298	62	0
NG_042600.1	620	2	0
NG_042596.1	1423	20	0
NG_042588.1	1291	1	0
NG_042570.1	1429	33	0
NG_042563.1	1428	1	0
NG_042548.1	1428	1	0
NG_042547.1	1429	3	0
NG_042545.1	916	38	0
NG_042543.1	1398	1	0
NG_042542.1	1372	7	0
NG_042540.1	1406	2	0
NG_042528.1	3268	106	0
NG_042527.1	2990	92	0
NG_042524.1	3678	1055	0
NG_042523.1	1395	63	0
NG_042521.1	1769	116	0
NG_042464.1	1371	1410	0
NG_042448.1	872	2	0
NG_042446.1	3238	283	0
NG_042445.1	3211	141	0
NG_042444.1	3212	981	0
NG_042442.1	1400	2	0
NG_042439.1	3260	51	0
NG_042438.1	3251	52	0
NG_042437.1	3261	73	0
NG_042436.1	3619	388	0
NG_042435.1	3255	195	0
NG_042434.1	3255	214	0
NG_042433.1	3807	140	0
NG_042432.1	3271	84	0
NG_042431.1	3710	91	0
NG_042430.1	3687	75	0
NG_042429.1	3701	96	0
NG_042428.1	3250	79	0
NG_042427.1	3256	60	0
NG_042426.1	3256	93	0
NG_042425.1	4685	44	0
NG_042424.1	3235	83	0
NG_042417.1	601	1	0
NG_042415.1	3162	106	0
NG_042414.1	3334	1267	0
NG_042408.1	1370	1	0
NG_042406.1	1813	2	0
NG_042401.1	1020	1	0
NG_042385.1	626	1	0
NG_042371.1	638	1	0
NG_042357.1	629	1	0
NG_042333.1	1233	1	0
NG_042329.1	1281	1	0
NG_042326.1	1282	1	0
NG_042323.1	1288	1	0
NG_042322.1	1282	1	0
NG_042317.1	627	1	0
NG_027648.1	3459	3543	0
NG_027646.1	2771	947	0
NG_027645.1	3237	169	0
NG_027634.1	1184	1	0
NG_027621.1	1394	2	0
NG_027618.1	3799	2396	0
NG_027616.1	3270	1651	0
NG_027613.1	3188	3181	0
NG_027611.1	1394	2	0
NG_027568.1	1157	35	0
NG_027567.1	3255	7594	0
NG_027564.1	3237	794	0
NG_027561.1	3189	6275	0
NG_027560.1	4318	431	0
NG_060249.1	3172	373	0
NG_060070.1	969	1	0
NG_060069.1	3174	421	0
NG_060067.1	984	310	0
NG_059912.1	958	4	0
NG_059518.1	3062	3554	0
NG_059517.1	3072	3026	0
NG_057757.1	1427	1	0
NG_057023.1	942	1	0
NG_060630.1	1399	10	0
NG_027623.1	3134	726	0
NG_060251.1	2970	373	0
NG_060250.1	3180	64	0
NG_060831.1	862	1	0
NG_060805.1	705	1	0
NG_060787.1	1957	1	0
NG_060689.1	1373	1	0
NG_060688.1	1289	3903	0
NG_060687.1	1353	3	0
NG_060684.1	1459	61	0
NG_060682.1	963	1	0
NG_060680.1	841	1	0
NG_060679.1	802	1	0
NG_060678.1	885	1	0
NG_060673.1	885	2	0
NG_060672.1	865	7	0
NG_060671.1	865	1	0
NG_060665.1	971	2	0
NG_060656.1	959	538	0
NG_060655.1	961	2739	0
NG_060654.1	964	550	0
NG_060648.1	1329	1	0
NG_060646.1	1338	54	0
NG_060642.1	1319	32	0
NG_060639.1	1148	357	0
NG_060637.1	1364	3	0
NG_060635.1	1354	346	0
NG_060632.1	1044	1	0
NG_060628.1	1164	1	0
NG_060621.1	886	6	0
NG_060427.1	891	1	0
NG_060154.1	1365	69	0
NG_060153.1	1392	320	0
NG_058520.1	850	8	0
NG_060398.1	1295	76	0
NG_060397.1	1242	69	0
NG_059244.1	783	3	0
NG_059226.1	665	2	0
NG_060441.1	1333	32	0
NG_060440.1	1397	42	0
NG_060438.1	1313	1	0
NG_060430.1	1402	18	0
NG_060429.1	1402	47	0
NG_060425.1	1296	2	0
NG_060424.1	1305	1	0
NG_060423.1	1292	2	0
NG_060420.1	2073	2944	0
NG_060417.1	1356	1	0
NG_060407.1	1143	2	0
NG_060405.1	1451	64	0
NG_060404.1	1329	1	0
NG_060402.1	1045	2	0
NG_060400.1	2969	1124	0
NG_060391.1	1043	1	0
NG_060390.1	1043	1	0
NG_060384.1	917	3	0
NG_060381.1	3260	84	0
NG_060380.1	3253	113	0
NG_060379.1	3075	536	0
NG_060355.1	651	1	0
NG_060354.1	682	1	0
NG_060346.1	1349	1	0
NG_060344.1	1358	1	0
NG_060338.1	1386	1	0
NG_060332.1	927	1	0
NG_060310.1	1384	62	0
NG_060307.1	863	4	0
NG_060306.1	826	1	0
NG_060304.1	1397	3	0
NG_060295.1	514	1	0
NG_060285.1	940	1	0
NG_060284.1	900	1	0
NG_060282.1	562	1	0
NG_060240.1	734	2	0
NG_060181.1	990	1	0
NG_060179.1	1392	54	0
NG_060176.1	813	4	0
NG_060171.1	1054	41	0
NG_060170.1	1030	2	0
NG_060169.1	1027	39	0
NG_060163.1	1393	56	0
NG_060161.1	1355	3	0
NG_060152.1	756	1	0
NG_060148.1	879	16	0
NG_060138.1	614	1	0
NG_060131.1	1347	1	0
NG_060127.1	1762	1	0
NG_060124.1	850	10	0
NG_060121.1	566	1	0
NG_060117.1	1784	1	0
NG_060115.1	856	1	0
NG_060114.1	1381	1	0
NG_060111.1	839	1	0
NG_060110.1	874	7	0
NG_060100.1	1377	1	0
NG_060099.1	1402	29	0
NG_060097.1	1441	1	0
NG_060075.1	3083	604	0
NG_060074.1	3061	218	0
NG_060072.1	886	1519	0
NG_060068.1	819	6	0
NG_060059.1	894	1	0
NG_060022.1	1408	63	0
NG_060020.1	1342	2	0
NG_060017.1	938	1	0
NG_060016.1	1315	5	0
NG_060014.1	1318	2	0
NG_060013.1	1204	9	0
NG_060010.1	1322	1	0
NG_060004.1	894	1	0
NG_060003.1	1361	5	0
NG_059998.1	910	1	0
NG_059997.1	966	1	0
NG_059996.1	967	1	0
NG_059990.1	1059	2	0
NG_059977.1	1378	3	0
NG_059971.1	870	1	0
NG_059968.1	697	3	0
NG_059960.1	1312	3	0
NG_059959.1	1313	4	0
NG_059954.1	599	1	0
NG_059948.1	1386	1	0
NG_059947.1	1342	49	0
NG_059935.1	736	1	0
NG_059917.1	624	1	0
NG_059916.1	3265	158	0
NG_059915.1	3254	161	0
NG_059905.1	935	2	0
NG_055326.1	3221	3	0
NG_059855.1	907	1	0
NG_059854.1	842	2	0
NG_059841.1	901	1415	0
NG_059828.1	902	1425	0
NG_059811.1	1291	1	0
NG_059809.1	1321	1	0
NG_059805.1	1271	1	0
NG_059802.1	1157	1	0
NG_059735.1	866	2	0
NG_059712.1	825	266	0
NG_059710.1	831	3	0
NG_059709.1	909	1	0
NG_059707.1	722	9	0
NG_059706.1	920	10	0
NG_059700.1	849	1	0
NG_059696.1	1212	16	0
NG_059683.1	984	1	0
NG_059656.1	1322	2	0
NG_059646.1	1041	30	0
NG_059641.1	1040	1	0
NG_059640.1	1040	1	0
NG_059631.1	841	5	0
NG_059627.1	845	1	0
NG_059626.1	833	1	0
NG_059624.1	792	8	0
NG_059623.1	838	1	0
NG_059622.1	840	214	0
NG_059605.1	1306	94	0
NG_059596.1	1306	1	0
NG_059585.1	806	1	0
NG_059552.1	942	312	0
NG_059548.1	1328	3	0
NG_059540.1	884	1	0
NG_059538.1	961	238	0
NG_059524.1	882	7	0
NG_059523.1	913	11	0
NG_059516.1	905	1	0
NG_059506.1	866	2	0
NG_059503.1	1053	42	0
NG_059499.1	1405	2	0
NG_059497.1	1803	1	0
NG_059491.1	1324	52	0
NG_059484.1	914	1	0
NG_059475.1	1339	2	0
NG_059470.1	872	1	0
NG_059465.1	872	56	0
NG_059464.1	871	1519	0
NG_059446.1	1073	31	0
NG_059445.1	1071	55	0
NG_059444.1	1340	1	0
NG_059434.1	1398	28	0
NG_059433.1	1329	1	0
NG_059428.1	1312	1	0
NG_059409.1	1297	1	0
NG_059407.1	1313	1	0
NG_059405.1	1366	1	0
NG_059402.1	1309	1	0
NG_059400.1	1309	1	0
NG_059399.1	1308	1	0
NG_059397.1	1306	1	0
NG_059395.1	1311	1	0
NG_059394.1	1289	1	0
NG_059392.1	1315	1	0
NG_059390.1	1306	2	0
NG_059387.1	1285	2	0
NG_059386.1	1286	1	0
NG_059384.1	645	2	0
NG_055327.1	3211	8	0
NG_055325.1	3224	57	0
NG_042330.1	1285	1	0
NG_059268.1	1371	1	0
NG_059266.1	889	1	0
NG_059261.1	737	1	0
NG_059260.1	869	1	0
NG_059248.1	870	1	0
NG_059218.1	859	2	0
NG_059214.1	927	1	0
NG_059193.1	1127	38	0
NG_059171.1	831	1	0
NG_059170.1	829	6	0
NG_059169.1	825	2	0
NG_059165.1	839	1	0
NG_059157.1	929	1	0
NG_059153.1	935	1	0
NG_059144.1	864	1	0
NG_059112.1	1320	366	0
NG_059110.1	934	1	0
NG_059093.1	917	1	0
NG_059076.1	3295	971	0
NG_059075.1	777	1	0
NG_059042.1	892	41	0
NG_059039.1	1239	1	0
NG_059035.1	1315	1	0
NG_059034.1	1315	1	0
NG_059032.1	1307	1	0
NG_059031.1	1317	2	0
NG_059030.1	1305	1	0
NG_059029.1	819	7	0
NG_059028.1	1271	1	0
NG_059026.1	985	10	0
NG_059023.1	1226	1	0
NG_059010.1	937	22	0
NG_059009.1	924	1	0
NG_058995.1	893	1	0
NG_058994.1	925	2	0
NG_058990.1	938	10	0
NG_058981.1	837	23	0
NG_058971.1	1172	1	0
NG_058969.1	1137	1	0
NG_058967.1	1171	1	0
NG_058953.1	1386	1	0
NG_058951.1	1314	11	0
NG_058950.1	1305	8	0
NG_058940.1	859	13	0
NG_058939.1	858	28	0
NG_058938.1	1256	6	0
NG_058937.1	1255	2	0
NG_058936.1	1393	84	0
NG_058931.1	1305	76	0
NG_058918.1	819	677	0
NG_058908.1	2165	2	0
NG_058876.1	849	1	0
NG_058872.1	966	154	0
NG_058871.1	861	1	0
NG_058870.1	954	69	0
NG_058862.1	1320	1	0
NG_058845.1	1372	10	0
NG_058844.1	628	1	0
NG_058837.1	943	1	0
NG_058821.1	1327	1	0
NG_058816.1	1274	47	0
NG_058799.1	955	1	0
NG_058789.1	956	1	0
NG_058782.1	3290	1124	0
NG_058776.1	1407	153	0
NG_058760.1	808	1	0
NG_058758.1	610	2	0
NG_058757.1	886	3	0
NG_058755.1	3255	96	0
NG_058754.1	3255	86	0
NG_058753.1	3262	43	0
NG_058752.1	3250	77	0
NG_058751.1	3250	49	0
NG_058750.1	3254	50	0
NG_058749.1	3258	106	0
NG_058748.1	3257	91	0
NG_058747.1	3273	329	0
NG_058743.1	993	140	0
NG_058742.1	1427	44	0
NG_058741.1	1357	1	0
NG_058719.1	599	1	0
NG_058716.1	1268	1	0
NG_058715.1	1268	1	0
NG_058711.1	937	1	0
NG_058701.1	684	230	0
NG_058686.1	1665	1	0
NG_058685.1	1718	2	0
NG_058680.1	951	1	0
NG_058677.1	1329	2	0
NG_058674.1	1824	13	0
NG_058673.1	1776	15	0
NG_058672.1	1693	9	0
NG_058670.1	941	4	0
NG_058661.1	604	308	0
NG_058660.1	633	276	0
NG_058652.1	908	1	0
NG_058645.1	934	1	0
NG_058642.1	1326	4	0
NG_058641.1	1327	1	0
NG_058630.1	3329	328	0
NG_058629.1	3261	335	0
NG_058628.1	3336	67	0
NG_058624.1	1179	1	0
NG_058623.1	1412	3	0
NG_058617.1	616	2	0
NG_058614.1	624	1	0
NG_058609.1	648	3	0
NG_058606.1	1385	350	0
NG_058604.1	799	1	0
NG_058597.1	1342	403	0
NG_058595.1	842	540	0
NG_058593.1	870	1	0
NG_058592.1	870	152	0
NG_058589.1	870	1	0
NG_058585.1	882	133	0
NG_058584.1	795	1	0
NG_058582.1	731	222	0
NG_058581.1	1338	1	0
NG_058580.1	1339	1	0
NG_058575.1	885	1	0
NG_058566.1	898	1	0
NG_058562.1	698	1	0
NG_058561.1	698	25	0
NG_058560.1	702	224	0
NG_058557.1	1339	1	0
NG_058548.1	1425	186	0
NG_058546.1	586	1	0
NG_058542.1	1413	4	0
NG_058475.1	1289	1	0
NG_058424.1	933	1	0
NG_058409.1	849	6	0
NG_058403.1	978	60	0
NG_058386.1	901	3	0
NG_058385.1	714	1	0
NG_058382.1	945	1	0
NG_058375.1	940	21	0
NG_058373.1	901	2	0
NG_058369.1	660	49	0
NG_058356.1	929	1	0
NG_058351.1	918	10	0
NG_058349.1	941	1	0
NG_058345.1	680	22	0
NG_058343.1	864	1	0
NG_058322.1	732	40	0
NG_058319.1	664	1	0
NG_058316.1	933	1	0
NG_058303.1	935	1	0
NG_058296.1	850	16	0
NG_058293.1	830	1	0
NG_058290.1	580	1	0
NG_058288.1	801	1	0
NG_058287.1	930	55	0
NG_058286.1	810	69	0
NG_058284.1	930	1	0
NG_058276.1	931	1	0
NG_058262.1	1940	2	0
NG_058261.1	1324	1	0
NG_058240.1	798	3	0
NG_058198.1	1205	2	0
NG_058157.1	1350	1	0
NG_058036.1	1069	29	0
NG_058033.1	1067	28	0
NG_058032.1	1066	16	0
NG_058030.1	1368	2	0
NG_058029.1	1329	3	0
NG_058028.1	1843	2123	0
NG_058027.1	932	1	0
NG_058016.1	1324	6	0
NG_058012.1	1343	17	0
NG_057985.1	799	3	0
NG_057984.1	790	2	0
NG_057983.1	547	1	0
NG_057971.1	1434	1	0
NG_057970.1	1432	1	0
NG_057957.1	1265	2	0
NG_057910.1	954	1852	0
NG_057902.1	1430	38	0
NG_057901.1	1430	2	0
NG_057897.1	1429	3	0
NG_057895.1	1429	1	0
NG_057880.1	588	71	0
NG_057879.1	586	842	0
NG_057869.1	657	1	0
NG_057860.1	1253	1	0
NG_057859.1	1281	1	0
NG_057855.1	3279	4064	0
NG_057854.1	4009	482	0
NG_057848.1	3299	1094	0
NG_057837.1	1325	1	0
NG_057836.1	1327	1	0
NG_057824.1	834	1	0
NG_057813.1	1356	3	0
NG_057810.1	1353	1	0
NG_057808.1	1338	3	0
NG_057801.1	1327	3	0
NG_057800.1	1330	2	0
NG_057799.1	1326	1	0
NG_057789.1	907	1	0
NG_057783.1	935	2	0
NG_057777.1	3283	894	0
NG_057774.1	3286	2571	0
NG_057772.1	3296	971	0
NG_057771.1	1720	284	0
NG_057760.1	669	2	0
NG_057758.1	1426	38	0
NG_057756.1	1259	1	0
NG_057747.1	883	1	0
NG_057746.1	1289	1	0
NG_057732.1	1432	1	0
NG_057723.1	593	253	0
NG_057711.1	871	3	0
NG_057705.1	582	1	0
NG_057690.1	627	1	0
NG_057677.1	626	1	0
NG_057662.1	627	107	0
NG_057649.1	627	2	0
NG_057640.1	623	1	0
NG_057632.1	629	1	0
NG_057289.1	674	356	0
NG_057282.1	613	2	0
NG_057273.1	1429	55	0
NG_057272.1	1389	10	0
NG_057270.1	1434	36	0
NG_057269.1	1437	21	0
NG_057268.1	1424	105	0
NG_057267.1	1395	18	0
NG_057266.1	1431	14	0
NG_057265.1	1418	49	0
NG_057264.1	1360	3	0
NG_057262.1	1396	69	0
NG_057261.1	1397	15	0
NG_057258.1	1358	76	0
NG_057257.1	1429	16	0
NG_057256.1	1387	8	0
NG_057255.1	1384	66	0
NG_057252.1	1364	51	0
NG_057249.1	1389	308	0
NG_057247.1	1403	23	0
NG_057246.1	1427	67	0
NG_057245.1	1436	53	0
NG_057244.1	1389	63	0
NG_057243.1	1448	66	0
NG_057242.1	1301	37	0
NG_057241.1	1387	63	0
NG_057240.1	1419	19	0
NG_057239.1	1389	60	0
NG_057238.1	1442	63	0
NG_057236.1	1395	15	0
NG_057235.1	1351	60	0
NG_057230.1	937	651	0
NG_057227.1	1429	55	0
NG_057226.1	1386	19	0
NG_057225.1	1381	10	0
NG_057224.1	911	1	0
NG_057223.1	1398	20	0
NG_057222.1	1352	58	0
NG_057221.1	1424	65	0
NG_057220.1	1312	38	0
NG_057219.1	1363	1	0
NG_057218.1	1429	18	0
NG_057217.1	1397	73	0
NG_057216.1	1361	59	0
NG_057215.1	1420	54	0
NG_057214.1	1385	83	0
NG_057213.1	1426	69	0
NG_057212.1	1383	62	0
NG_057210.1	1421	1233	0
NG_057209.1	1386	63	0
NG_057208.1	1428	59	0
NG_057206.1	1422	64	0
NG_057205.1	1387	50	0
NG_057204.1	1385	53	0
NG_057203.1	1425	59	0
NG_057202.1	1385	66	0
NG_057201.1	1354	53	0
NG_057199.1	1425	14	0
NG_057198.1	1421	68	0
NG_057197.1	1433	41	0
NG_057195.1	1432	56	0
NG_057193.1	1442	3	0
NG_057191.1	1427	15	0
NG_057190.1	1430	22	0
NG_057189.1	1430	14	0
NG_057178.1	3253	337	0
NG_057177.1	3253	110	0
NG_057176.1	3254	49	0
NG_057175.1	3254	41	0
NG_057174.1	3258	157	0
NG_057173.1	3254	28	0
NG_057172.1	3250	41	0
NG_057171.1	3249	30	0
NG_057170.1	3251	88	0
NG_057169.1	3256	87	0
NG_057168.1	3253	85	0
NG_057167.1	3255	34	0
NG_057166.1	3259	103	0
NG_057165.1	3261	88	0
NG_057164.1	3255	83	0
NG_057163.1	3282	79	0
NG_057162.1	3299	322	0
NG_057161.1	3264	359	0
NG_057160.1	3267	77	0
NG_057159.1	3267	96	0
NG_057158.1	3273	77	0
NG_057145.1	715	4	0
NG_057140.1	1314	1	0
NG_057126.1	936	1	0
NG_057107.1	878	1	0
NG_057098.1	1344	30	0
NG_057082.1	1348	1	0
NG_057072.1	839	41	0
NG_057067.1	1349	1869	0
NG_057065.1	1388	30	0
NG_057062.1	1454	359	0
NG_057061.1	1442	588	0
NG_057060.1	1452	4	0
NG_057058.1	1382	2	0
NG_057053.1	808	2	0
NG_057049.1	590	1	0
NG_057043.1	1392	5	0
NG_057042.1	968	8	0
NG_057041.1	1388	3	0
NG_057038.1	864	1	0
NG_057033.1	794	1	0
NG_057032.1	858	12	0
NG_057020.1	1309	1076	0
NG_057015.1	1389	2	0
NG_057012.1	1247	2	0
NG_057000.1	873	2	0
NG_056999.1	988	1	0
NG_056968.1	3289	1049	0
NG_056960.1	587	1	0
NG_056290.1	1270	1	0
NG_056281.1	1071	3	0
NG_056278.1	3263	142	0
NG_056273.1	619	1	0
NG_056267.1	1283	1	0
NG_042761.1	1797	1	0
NG_042733.1	936	1	0
