NR_177911.1	1484	1	0
NR_177903.1	1461	2	0
NR_177885.1	1427	2	0
NR_177876.1	1455	3	0
NR_177870.1	1480	1	0
NR_177868.1	1160	16	0
NR_177867.1	1160	26	0
NR_177866.1	1162	7	0
NR_177863.1	1124	2	0
NR_177862.1	1462	1	0
NR_177851.1	1166	1	0
NR_177847.1	1462	4	0
NR_177835.1	1144	1	0
NR_177829.1	1144	1	0
NR_177826.1	1144	1	0
NR_177825.1	1163	2	0
NR_177822.1	1145	1	0
NR_177814.1	1145	1	0
NR_177810.1	1145	1	0
NR_177809.1	1145	1	0
NR_177803.1	1554	1	0
NR_177785.1	1143	1	0
NR_177784.1	1143	3	0
NR_177783.1	1143	3	0
NR_177782.1	1143	1	0
NR_177779.1	1143	1	0
NR_177778.1	1162	5	0
NR_177774.1	1164	1	0
NR_177758.1	1484	3	0
NR_177755.1	1465	1	0
NR_177748.1	1481	8	0
NR_177738.1	1446	2	0
NR_177734.1	1478	1	0
NR_177729.1	1485	1	0
NR_177714.1	1543	3	0
NR_177705.1	1393	5	0
NR_177701.1	1293	4	0
NR_177700.1	1461	2	0
NR_177699.1	1453	5	0
NR_177692.1	1415	2	0
NR_177691.1	1414	5	0
NR_177690.1	1414	3	0
NR_177688.1	1471	2	0
NR_177681.1	1146	71	0
NR_177674.1	1257	1	0
NR_177668.1	1442	1	0
NR_177665.1	1311	1	0
NR_177658.1	1036	1	0
NR_177040.1	1430	1	0
NR_177032.1	1455	4	0
NR_177000.1	1270	1	0
NR_176994.1	1443	15	0
NR_176992.1	1295	1	0
NR_176987.1	1485	2	0
NR_174292.1	1481	1	0
NR_170489.1	1465	1	0
NR_153674.1	1510	1	0
NR_113179.1	1461	2	0
NR_176804.1	1504	7	0
NR_176606.1	1200	2	0
NR_176589.1	1435	1	0
NR_176580.1	1001	6	0
NR_176579.1	746	3	0
NR_176578.1	1002	1	0
NR_176577.1	1002	1	0
NR_176576.1	1002	1	0
NR_176575.1	1350	1	0
NR_176558.1	1440	1	0
NR_176553.1	1500	5	0
NR_176552.1	1500	5	0
NR_176550.1	1478	1	0
NR_176539.1	1500	4	0
NR_176533.1	1560	1	0
NR_176526.1	1481	2	0
NR_176521.1	1480	13	0
NR_176517.1	1354	5	0
NR_176515.1	1477	3	0
NR_176514.1	1471	1	0
NR_176511.1	1500	1	0
NR_176510.1	1500	1	0
NR_176508.1	1398	1	0
NR_176504.1	1477	4	0
NR_176501.1	1471	9	0
NR_176498.1	1500	1	0
NR_176493.1	640	7	0
NR_176487.1	1509	2	0
NR_176486.1	1445	4	0
NR_176484.1	1353	7	0
NR_176475.1	1489	15	0
NR_172677.2	1490	3	0
NR_172660.2	1483	8	0
NR_173600.1	1540	1	0
NR_172618.1	1380	1	0
NR_175592.1	1491	1	0
NR_175591.1	1528	1	0
NR_175584.1	1536	1	0
NR_175583.1	1535	3	0
NR_175566.1	1500	2	0
NR_175564.1	1540	1	0
NR_175556.1	1503	1	0
NR_175555.1	1555	1	0
NR_175547.1	1528	4	0
NR_175546.1	1406	1	0
NR_175524.1	1503	1	0
NR_175511.1	1487	1	0
NR_175499.1	1516	1	0
NR_175486.1	1477	1	0
NR_175476.1	1515	2	0
NR_175471.1	1429	1	0
NR_175452.1	1527	1	0
NR_175451.1	1257	626	0
NR_175448.1	1440	2	0
NR_175435.1	1525	2	0
NR_175430.1	1457	1	0
NR_175422.1	1469	2	0
NR_171395.1	1543	3	0
NR_157983.1	1420	1	0
NR_157747.1	1487	1	0
NR_156041.1	1515	1	0
NR_152684.1	1421	1	0
NR_151979.1	1507	1	0
NR_151943.1	1424	1	0
NR_151912.1	1426	1	0
NR_134842.2	1498	8	0
NR_074999.2	1553	1	0
NR_146362.2	1485	2	0
NR_146667.2	1522	15	0
NR_149294.1	1476	1	0
NR_148597.1	1375	1	0
NR_148578.1	1408	55	0
NR_146371.1	1299	22	0
NR_136871.1	1341	1	0
NR_136830.1	1405	1	0
NR_133711.1	1437	1	0
NR_125691.1	1419	1	0
NR_125632.1	1420	1	0
NR_125600.1	1499	6	0
NR_122091.1	1542	1	0
NR_119370.1	1484	14	0
NR_118673.1	1479	1	0
NR_118636.1	1418	662	0
NR_117757.1	1331	1	0
NR_117407.1	1488	1	0
NR_116757.1	1387	8	0
NR_116717.1	1518	1	0
NR_116108.1	1432	2	0
NR_116043.1	1394	1	0
NR_115726.1	1425	1	0
NR_115269.1	1453	2	0
NR_114915.1	1401	1	0
NR_114731.1	1416	1	0
NR_114713.1	1500	10	0
NR_114660.1	1470	1	0
NR_113989.1	1475	1	0
NR_113653.1	1462	1	0
NR_112065.1	1511	1	0
NR_108191.1	1405	1	0
NR_044662.2	1472	2	0
NR_109724.1	1524	1	0
NR_108638.1	1486	1	0
NR_044715.2	1476	1	0
NR_044647.2	1486	1	0
NR_102936.1	1500	1	0
NR_102852.1	1519	11	0
NR_102482.1	1543	1	0
NR_074910.1	1544	677	0
NR_074799.1	1534	6	0
NR_074629.1	1521	1	0
NR_074617.1	1520	2	0
NR_074268.1	1480	1	0
NR_074246.1	1477	1	0
NR_044916.1	1549	1	0
NR_044829.1	1422	1	0
NR_044286.1	1481	1	0
NR_043999.1	1476	1	0
NR_043591.1	1474	1	0
NR_043370.1	1420	1	0
NR_041379.1	1476	1	0
NR_040991.1	1479	1	0
NR_043760.1	1435	1	0
NR_037130.1	1524	1	0
NR_037000.1	1492	2	0
NR_029238.1	1537	1	0
NR_028894.1	1505	24	0
NR_028884.1	1423	1	0
NR_028624.1	1530	1	0
NR_028613.1	1479	1	0
NR_027210.1	1508	1	0
NR_025576.1	1453	1	0
NR_025567.1	1498	1	0
NR_025184.1	1450	1	0
NR_025091.1	1499	1	0
NR_026255.1	1506	1	0
NR_026077.1	1475	2	0
NR_026076.1	1475	1	0
NR_025963.1	1435	1	0
NR_025765.1	1416	1	0
NR_174326.1	1484	1	0
NR_174322.1	1485	1	0
NR_174315.1	1378	1	0
NR_174300.1	1538	3	0
NR_174287.1	1366	1	0
NR_174266.1	1574	1	0
NR_174258.1	1528	10	0
NR_174256.1	1516	1	0
NR_174253.1	1501	2	0
NR_174227.1	1486	2	0
NR_174217.1	1354	1	0
NR_174202.1	1490	7	0
NR_174193.1	1524	2	0
NR_173686.1	1391	2	0
NR_173682.1	1389	4	0
NR_173681.1	1523	13	0
NR_173669.1	1455	1	0
NR_173665.1	1473	1	0
NR_173655.1	1403	1	0
NR_173654.1	1379	3	0
NR_173652.1	1405	1	0
NR_173648.1	1427	1	0
NR_173640.1	1506	1	0
NR_173639.1	1541	9	0
NR_173627.1	1535	2	0
NR_173610.1	1543	11	0
NR_173594.1	1461	1	0
NR_173587.1	1528	649	0
NR_173586.1	1523	622	0
NR_173585.1	1525	647	0
NR_173584.1	1533	652	0
NR_173583.1	1533	653	0
NR_173582.1	1533	622	0
NR_173581.1	1526	664	0
NR_173580.1	1529	650	0
NR_173579.1	1504	646	0
NR_173578.1	1523	643	0
NR_173577.1	1524	604	0
NR_173576.1	1523	635	0
NR_173575.1	1525	688	0
NR_173574.1	1515	660	0
NR_173573.1	1532	2	0
NR_173572.1	1546	626	0
NR_173571.1	1546	689	0
NR_173567.1	1532	618	0
NR_173566.1	1522	646	0
NR_173565.1	1518	665	0
NR_173564.1	1528	646	0
NR_173563.1	1528	627	0
NR_173562.1	1535	653	0
NR_173561.1	1507	651	0
NR_173559.1	1534	668	0
NR_173558.1	1542	676	0
NR_173557.1	1526	613	0
NR_173556.1	1517	1	0
NR_173555.1	1497	659	0
NR_173554.1	1520	639	0
NR_173552.1	1527	635	0
NR_173550.1	1333	1	0
NR_173536.1	1459	5	0
NR_173533.1	1470	1	0
NR_173525.1	1528	1	0
NR_173523.1	1428	1	0
NR_173486.1	1502	1	0
NR_026538.1	1497	1	0
NR_172707.1	1161	1	0
NR_172704.1	1162	2	0
NR_172703.1	1489	1	0
NR_172691.1	1162	1	0
NR_172683.1	1139	1	0
NR_172674.1	1161	6	0
NR_172661.1	1163	1	0
NR_172621.1	979	4	0
NR_172613.1	1068	9	0
NR_172606.1	1463	7	0
NR_172605.1	1477	4	0
NR_172604.1	1478	3	0
NR_172603.1	1477	34	0
NR_172599.1	1310	1	0
NR_172597.1	1286	10	0
NR_172567.1	1480	1	0
NR_171532.1	1475	1	0
NR_171525.1	1492	1	0
NR_171515.1	1463	2	0
NR_171503.1	1524	1	0
NR_171482.1	1492	1	0
NR_171449.1	1464	2	0
NR_171445.1	1441	1	0
NR_171428.1	1395	14	0
NR_171427.1	1480	1	0
NR_171417.1	1078	20	0
NR_170527.1	1485	1	0
NR_170526.1	1485	1	0
NR_170494.1	1576	2	0
NR_170468.1	1480	1	0
NR_170465.1	1412	44	0
NR_170426.1	1462	14	0
NR_170420.1	1490	1	0
NR_170416.1	1526	1	0
NR_170414.1	1361	9	0
NR_170402.1	1477	1	0
NR_170401.1	1523	3	0
NR_170502.1	1571	1	0
NR_170495.1	1534	1	0
NR_169492.1	1457	2	0
NR_169476.1	1536	178	0
NR_169468.1	1495	114	0
NR_169448.1	1465	2	0
NR_169429.1	1526	1	0
NR_169411.1	1525	1	0
NR_169374.1	1480	1	0
NR_169366.1	1460	1	0
NR_169362.1	1533	4	0
NR_169355.1	1450	10	0
NR_169333.1	1500	647	0
NR_169332.1	1532	688	0
NR_169331.1	1532	675	0
NR_169330.1	1532	675	0
NR_169329.1	1540	631	0
NR_169328.1	1536	660	0
NR_169320.1	1521	662	0
NR_169317.1	1409	1	0
NR_169458.1	1477	1	0
NR_169446.1	1533	1	0
NR_169402.1	1530	1	0
NR_169336.1	1418	3	0
NR_169327.1	1535	635	0
NR_169326.1	1534	672	0
NR_169319.1	1506	5	0
NR_165790.1	1495	2	0
NR_165776.1	1493	1	0
NR_165760.1	1366	1	0
NR_165748.1	1538	1	0
NR_165738.1	1454	1	0
NR_165737.1	1471	1	0
NR_165712.1	1564	3	0
NR_165706.1	1533	1	0
NR_165676.1	1562	2	0
NR_165665.1	1565	2	0
NR_165664.1	1566	1	0
NR_165024.1	1424	2	0
NR_165007.1	1443	2	0
NR_164981.1	1518	1	0
NR_164971.1	1390	3	0
NR_164916.1	1329	2	0
NR_164907.1	1482	1	0
NR_164901.1	1483	1	0
NR_164867.1	1454	3	0
NR_163658.1	1455	1	0
NR_163651.1	1449	1	0
NR_163645.1	1496	1	0
NR_163610.1	1388	1	0
NR_163609.1	1457	1	0
NR_159327.1	1463	1	0
NR_163611.1	1441	1	0
NR_159926.1	1530	7	0
NR_159925.1	1530	20	0
NR_159921.1	1456	1	0
NR_159908.1	1537	1	0
NR_159886.1	1428	1	0
NR_159352.1	1395	1	0
NR_159322.1	1508	1	0
NR_159320.1	1432	1	0
NR_159317.1	1454	20	0
NR_159303.1	1404	1	0
NR_159275.1	1514	1	0
NR_159255.1	1542	9	0
NR_159239.1	1444	2	0
NR_159238.1	1451	1	0
NR_159235.1	1503	102	0
NR_159232.1	1455	681	0
NR_159221.1	1420	3	0
NR_159192.1	1484	1	0
NR_159163.1	1409	4	0
NR_159144.1	1518	1	0
NR_159098.1	1394	677	0
NR_159086.1	1534	12	0
NR_159085.1	1542	92	0
NR_159084.1	1542	16	0
NR_159083.1	1542	18	0
NR_158140.1	1413	1	0
NR_158082.1	1440	4	0
NR_158058.1	1450	1	0
NR_158052.1	1395	1	0
NR_158050.1	1420	630	0
NR_158043.1	1431	2	0
NR_158037.1	1352	1	0
NR_157993.1	1443	4	0
NR_157778.1	1537	2	0
NR_157777.1	1531	1	0
NR_157773.1	1432	1	0
NR_157762.1	1525	2	0
NR_157757.1	1435	1	0
NR_157722.1	1440	1	0
NR_157698.1	1509	1	0
NR_157695.1	1484	1	0
NR_157690.1	1493	1	0
NR_157665.1	1418	1	0
NR_157658.1	1535	73	0
NR_157657.1	1432	1	0
NR_157615.1	1509	1	0
NR_157018.1	1420	1	0
NR_157004.1	1473	2	0
NR_157001.1	1529	1	0
NR_156992.1	1450	2	0
NR_156982.1	1517	3	0
NR_156967.1	1448	1	0
NR_156932.1	1288	5	0
NR_156924.1	1526	1	0
NR_156918.1	1506	4	0
NR_156914.1	1439	651	0
NR_156877.1	1510	2	0
NR_156869.1	1478	2	0
NR_156866.1	1399	1	0
NR_156860.1	1480	1	0
NR_156838.1	1538	5	0
NR_156816.1	1416	1	0
NR_156159.1	1408	1	0
NR_156148.1	1439	1	0
NR_156134.1	1433	1	0
NR_156098.1	1469	3	0
NR_156097.1	1423	2	0
NR_156087.1	1447	1	0
NR_156082.1	1467	1	0
NR_156061.1	1523	1	0
NR_156043.1	1434	1	0
NR_153752.1	1543	33	0
NR_153746.1	1428	2	0
NR_153719.1	1258	2	0
NR_153712.1	1362	2	0
NR_153675.1	1510	2	0
NR_153670.1	1494	3	0
NR_153664.1	1532	2	0
NR_152719.1	1451	1	0
NR_152709.1	1432	1	0
NR_152692.1	1540	2	0
NR_152687.1	1473	2	0
NR_152658.1	1400	1	0
NR_152650.1	1504	1	0
NR_152631.1	1547	1	0
NR_152630.1	1547	2	0
NR_152629.1	1547	2	0
NR_152628.1	1547	3	0
NR_152092.1	1485	2	0
NR_152088.1	1493	1	0
NR_152070.1	1491	1	0
NR_152059.1	1363	1	0
NR_152032.1	1437	6	0
NR_152021.1	1481	1	0
NR_152020.1	1517	1	0
NR_152002.1	1455	3	0
NR_151988.1	1528	2	0
NR_151987.1	1528	5	0
NR_151986.1	1521	1	0
NR_151916.1	1489	1	0
NR_151914.1	1426	4	0
NR_151905.1	1515	9	0
NR_151862.1	1485	1	0
NR_074484.2	1498	1	0
NR_074473.2	1498	2	0
NR_115938.2	1554	2	0
NR_126313.2	1531	1	0
NR_136501.2	1537	2	0
NR_029282.2	1540	1	0
NR_074335.2	1488	2	0
NR_118149.2	1551	1	0
NR_109025.2	1479	1	0
NR_136863.2	1523	1	0
NR_149805.1	1469	2	0
NR_149802.1	1424	2	0
NR_149796.1	1436	1	0
NR_149789.1	1454	2	0
NR_149782.1	1521	1	0
NR_149302.1	1542	7	0
NR_149297.1	1485	1	0
NR_149296.1	1449	1	0
NR_149293.1	1451	1	0
NR_149290.1	1317	2	0
NR_149231.1	1518	1	0
NR_149216.1	1463	1	0
NR_149176.1	1454	1	0
NR_108597.1	1457	2	0
NR_148849.1	1463	4	0
NR_148820.1	1348	40	0
NR_148803.1	1457	1	0
NR_148795.1	1400	2	0
NR_148761.1	1475	1	0
NR_148663.1	1414	1	0
NR_148650.1	1454	12	0
NR_148649.1	1444	9	0
NR_148634.1	1525	5	0
NR_148602.1	1455	2	0
NR_148601.1	1456	5	0
NR_148598.1	1490	593	0
NR_148582.1	1491	2	0
NR_148579.1	1205	1	0
NR_148577.1	1513	1	0
NR_148576.1	1489	3	0
NR_148569.1	1065	1	0
NR_148566.1	1418	1	0
NR_148321.1	1450	1	0
NR_148251.1	1443	1	0
NR_147774.1	1528	13	0
NR_147771.1	1454	4	0
NR_147769.1	1405	1	0
NR_147767.1	1428	2	0
NR_147758.1	1444	1	0
NR_147752.1	1516	1	0
NR_147748.1	1461	1	0
NR_147746.1	1469	1	0
NR_147737.1	1461	1	0
NR_147733.1	1462	2	0
NR_147716.1	1298	1	0
NR_147393.1	1464	12	0
NR_146847.1	1345	1	0
NR_146845.1	1345	2	0
NR_146844.1	1444	1	0
NR_146840.1	1503	1	0
NR_146817.1	1413	1	0
NR_146815.1	1476	2	0
NR_146707.1	1518	2	0
NR_146702.1	1461	2	0
NR_146690.1	1430	1	0
NR_146677.1	1452	638	0
NR_146676.1	1449	684	0
NR_146673.1	1513	2	0
NR_146376.1	1495	1	0
NR_146375.1	1340	2	0
NR_146374.1	1335	1	0
NR_146372.1	1365	1	0
NR_146359.1	1476	1	0
NR_146023.1	1484	1	0
NR_146019.1	1444	1	0
NR_146014.1	1507	1	0
NR_145925.1	1339	1	0
NR_145924.1	1442	2	0
NR_145878.1	1540	1	0
NR_145650.1	1418	1	0
NR_145647.1	1422	9	0
NR_145634.1	1465	1	0
NR_145593.1	1491	1	0
NR_145569.1	1390	1	0
NR_145555.1	1357	1	0
NR_145530.1	1508	1	0
NR_144751.1	1472	1	0
NR_144692.1	1464	1	0
NR_144604.1	1450	1	0
NR_144574.1	1464	2	0
NR_137415.1	1494	25	0
NR_137413.1	1452	12	0
NR_137380.1	1502	23	0
NR_137344.1	1290	1	0
NR_137333.1	1495	30	0
NR_137264.1	1490	1	0
NR_137252.1	1453	1	0
NR_137243.1	1469	1	0
NR_137235.1	1459	3	0
NR_137234.1	1459	2	0
NR_136850.1	1435	1	0
NR_136833.1	1437	2	0
NR_136806.1	1514	1	0
NR_136770.1	1525	5	0
NR_136767.1	1461	1	0
NR_136472.1	1504	4	0
NR_136469.1	1479	1	0
NR_136429.1	1508	11	0
NR_135902.1	1525	3	0
NR_135885.1	1437	259	0
NR_135876.1	1451	3	0
NR_135875.1	1455	4	0
NR_135871.1	1463	2	0
NR_135861.1	1487	2	0
NR_135699.1	1474	3	0
NR_109492.1	1350	1	0
NR_135211.1	1462	3	0
NR_135209.1	1383	1	0
NR_134830.1	1432	1	0
NR_134829.1	1484	2	0
NR_134826.1	1483	594	0
NR_134825.1	1445	652	0
NR_134794.1	1441	1	0
NR_134761.1	1552	1	0
NR_134760.1	1499	1	0
NR_134756.1	1410	1	0
NR_134741.1	1441	3	0
NR_134733.1	1440	2	0
NR_134694.1	1465	1	0
NR_134229.1	1396	1	0
NR_134218.1	1275	1	0
NR_134194.1	1467	1	0
NR_134190.1	1423	1	0
NR_134176.1	1387	1	0
NR_134090.1	1550	1	0
NR_134084.1	1479	1	0
NR_134063.1	1462	12	0
NR_134062.1	1462	8	0
NR_134061.1	1484	1	0
NR_134020.1	1409	2	0
NR_133991.1	1498	19	0
NR_133988.1	1420	1	0
NR_133987.1	1301	1	0
NR_133986.1	1353	1	0
NR_133985.1	1358	1	0
NR_133959.1	1465	1	0
NR_133878.1	1418	4	0
NR_133876.1	1429	1	0
NR_133874.1	1538	1	0
NR_133872.1	1468	1	0
NR_133862.1	1436	1	0
NR_133861.1	1428	1	0
NR_133848.1	1414	1	0
NR_133836.1	1465	2	0
NR_133815.1	1366	1	0
NR_133813.1	1432	1	0
NR_133803.1	1492	1	0
NR_133801.1	1466	1	0
NR_133797.1	1485	1	0
NR_133791.1	1483	1	0
NR_133740.1	1424	1	0
NR_133709.1	1409	1	0
NR_133708.1	1413	1	0
NR_133707.1	1413	1	0
NR_133698.1	1484	1	0
NR_117900.2	1422	1	0
NR_133020.1	1460	1	0
NR_132713.1	1474	1	0
NR_132688.1	1411	1	0
NR_132675.1	1381	4	0
NR_132596.1	1456	16	0
NR_132396.1	1407	1	0
NR_132331.1	1458	1	0
NR_132293.1	1435	2	0
NR_132289.1	1439	1	0
NG_041959.1	1692	1	0
NR_044847.4	1497	1	0
NR_108510.2	1366	1	0
NR_117712.2	1159	4	0
NR_126288.1	1445	1	0
NR_126284.1	1462	9	0
NR_126260.1	1239	4	0
NR_126244.1	1465	1	0
NR_126224.1	1433	1	0
NR_126223.1	1456	667	0
NR_126199.1	1496	699	0
NR_126181.1	1479	1	0
NR_126180.1	1453	2	0
NR_115546.2	1543	1	0
NR_125699.1	1344	1	0
NR_125698.1	1344	10	0
NR_125690.1	1459	9	0
NR_125673.1	1415	2	0
NR_125638.1	1490	1	0
NR_125623.1	1488	1	0
NR_125602.1	1489	1	0
NR_125587.1	1397	1	0
NR_125586.1	1404	4	0
NR_125517.1	1430	2	0
NR_125461.1	1452	16	0
NR_125455.1	1443	1	0
NR_122085.1	1475	2	0
NR_122081.1	1480	666	0
NR_121793.1	1543	7	0
NR_121726.1	1500	1	0
NR_119223.1	1335	1855	0
NR_119006.1	1552	1	0
NR_118984.1	1434	1	0
NR_118983.1	1534	1	0
NR_118911.1	1491	3	0
NR_118902.1	1484	2	0
NR_118895.1	1399	1	0
NR_118872.1	1526	1	0
NR_118641.1	1529	1	0
NR_118629.1	1459	1	0
NR_118585.1	1259	5	0
NR_118572.1	1517	1	0
NR_118559.1	1336	1	0
NR_118534.1	1482	1	0
NR_118433.1	1538	2	0
NR_118432.1	1418	1	0
NR_118426.1	1452	2	0
NR_118420.1	1498	1	0
NR_118391.1	1506	1	0
NR_118383.1	1463	1	0
NR_118379.1	1311	1	0
NR_118348.1	1503	26	0
NR_118340.1	1483	1	0
NR_118335.1	1395	12	0
NR_118333.1	1500	4	0
NR_118276.1	1476	1	0
NR_118268.1	1492	1	0
NR_118216.1	1503	1	0
NR_118140.1	1342	1	0
NR_118138.1	1544	60	0
NR_118132.1	1396	1	0
NR_118109.1	1437	2	0
NR_118013.1	1487	1	0
NR_117921.1	1424	2	0
NR_117903.1	1354	2	0
NR_117881.1	1449	4	0
NR_117880.1	1446	1	0
NR_117865.1	1459	3	0
NR_117848.1	1402	2	0
NR_117838.1	1459	1	0
NR_117794.1	1424	4	0
NR_117756.1	1441	1	0
NR_117697.1	1516	11	0
NR_117576.1	1436	1	0
NR_117551.1	1504	1	0
NR_117547.1	1535	22	0
NR_117532.1	1423	1	0
NR_117518.1	1448	1	0
NR_117517.1	1525	5	0
NR_117463.1	1524	1	0
NR_117446.1	1406	36	0
NR_117437.1	1507	9	0
NR_117427.1	1523	1	0
NR_117414.1	1274	1	0
NR_117396.1	1439	1	0
NR_117369.1	1451	1	0
NR_117304.1	1495	69	0
NR_117302.1	1305	1	0
NR_117284.1	1515	1	0
NR_117186.1	1472	1	0
NR_117179.1	1509	2	0
NR_117003.1	1516	6	0
NR_116999.1	1413	13	0
NR_116969.1	1431	670	0
NR_116965.1	1425	2	0
NR_116963.1	1426	2	0
NR_116902.1	1458	50	0
NR_116893.1	1463	1	0
NR_116889.1	1437	1	0
NR_116885.1	1482	2	0
NR_116842.1	1444	1	0
NR_116840.1	1419	1	0
NR_116782.1	1484	3	0
NR_116660.1	1468	2	0
NR_116648.1	1523	2	0
NR_116619.1	1401	1	0
NR_116605.1	1455	1	0
NR_116604.1	1422	2	0
NR_116560.1	1494	2	0
NR_116535.1	1401	1	0
NR_116512.1	1379	1	0
NR_116470.1	1478	1	0
NR_116464.1	1389	2	0
NR_116445.1	1406	2	0
NR_116444.1	1401	1	0
NR_116405.1	1391	1	0
NR_116403.1	1426	1	0
NR_116394.1	1492	1	0
NR_116344.1	1451	1	0
NR_116314.1	1468	1	0
NR_116313.1	1444	1	0
NR_116297.1	1416	2	0
NR_116290.1	1469	1	0
NR_116280.1	1424	1	0
NR_116079.1	1368	2	0
NR_116075.1	1478	1	0
NR_116074.1	1496	1	0
NR_116059.1	1490	1	0
NR_116033.1	1481	2	0
NR_116024.1	1396	1	0
NR_116008.1	1410	11	0
NR_116005.1	1445	3	0
NR_116004.1	1481	1	0
NR_115943.1	1425	9	0
NR_115922.1	1438	1	0
NR_115817.1	1467	3	0
NR_115813.1	1438	1	0
NR_115759.1	1513	2	0
NR_115755.1	1522	1	0
NR_115696.1	1479	1	0
NR_115336.1	1515	2	0
NR_115262.1	1476	1	0
NR_115261.1	1445	1	0
NR_115258.1	1533	202	0
NR_115225.1	1360	16	0
NR_115224.1	1363	8	0
NR_115219.1	1476	1	0
NR_115074.1	1406	2	0
NR_115070.1	1455	2	0
NR_115065.1	1411	2	0
NR_115009.1	1377	1	0
NR_114900.1	1468	3	0
NR_114868.1	1354	2	0
NR_114633.1	1333	1	0
NR_114620.1	1478	1	0
NR_114615.1	1485	1	0
NR_114608.1	1534	1	0
NR_114596.1	1547	1	0
NR_114544.1	1501	1	0
NR_114501.1	1365	1	0
NR_114421.1	1492	1	0
NR_114349.1	1503	1	0
NR_114336.1	1443	1	0
NR_114329.1	1444	1	0
NR_114312.1	1474	1	0
NR_113569.1	1478	3	0
NR_113331.1	1441	5	0
NR_113282.1	1454	1	0
NR_113277.1	1367	1	0
NR_113269.1	1494	1	0
NR_113264.1	1474	3	0
NR_113183.1	1402	3	0
NR_113181.1	1512	2	0
NR_113180.1	1510	1	0
NR_113178.1	1526	2	0
NR_113061.1	1467	79	0
NR_113050.1	1463	1	0
NR_113009.1	1438	3	0
NR_113008.1	1433	1	0
NR_112990.1	1461	1	0
NR_112972.1	1483	18	0
NR_112915.1	1415	2	0
NR_112907.1	1393	4	0
NR_112887.1	1455	2	0
NR_112886.1	1455	2	0
NR_112876.1	1476	1	0
NR_112808.1	1490	2	0
NR_112776.1	1488	1	0
NR_112713.1	1443	2	0
NR_112642.1	1589	1	0
NR_112560.1	1393	1	0
NR_112114.1	1398	1	0
NR_108592.1	1426	1	0
NR_044682.2	1486	1	0
NR_104937.1	1527	40	0
NR_104901.1	1515	8	0
NR_104890.1	1469	4	0
NR_104828.1	1508	161	0
NR_104814.1	1462	1	0
NR_104528.1	1449	7	0
NR_103954.1	1532	2	0
NR_102964.1	1529	1	0
NR_102957.1	1525	2	0
NR_102890.1	1527	2	0
NR_102806.1	1539	7	0
NR_102475.1	1507	1	0
NR_102462.1	1479	2	0
NR_074325.2	1535	3	0
NR_075055.1	1586	1	0
NR_075034.1	1568	4	0
NR_075006.1	1555	1	0
NR_074971.1	1550	1	0
NR_074951.1	1548	4	0
NR_074932.1	1546	1	0
NR_074890.1	1542	4	0
NR_074869.1	1539	92	0
NR_074687.1	1526	1	0
NR_074576.1	1516	1	0
NR_074502.1	1509	3	0
NR_074399.1	1500	1	0
NR_074394.1	1499	1	0
NR_074389.1	1498	3	0
NR_074386.1	1498	2	0
NR_074324.1	1490	2	0
NR_074322.1	1490	2	0
NR_074296.1	1488	4	0
NR_074294.1	1488	1	0
NR_044952.1	1420	1	0
NR_044894.1	1477	1	0
NR_044861.1	1441	1	0
NR_044566.1	1384	2	0
NR_044439.1	1458	2	0
NR_044438.1	1474	1	0
NR_044408.1	1467	1	0
NR_044343.1	1409	1	0
NR_044287.1	1447	3	0
NR_044278.1	1401	1	0
NR_044269.1	1441	4	0
NR_044251.1	1441	1	0
NR_044231.1	1398	1	0
NR_044228.1	1437	1	0
NR_044188.1	1442	1	0
NR_044187.1	1447	1	0
NR_044130.1	1332	1	0
NR_044068.1	1492	1	0
NR_044061.1	1423	7	0
NR_044047.1	1483	1	0
NR_044038.1	1480	1	0
NR_044013.1	1442	1	0
NR_043973.1	1325	1	0
NR_043934.1	1490	1	0
NR_043925.1	1387	1	0
NR_043890.1	1523	2	0
NR_043866.1	1426	1	0
NR_043787.1	1440	2	0
NR_043770.1	1403	1	0
NR_043750.1	1356	4	0
NR_043672.1	1468	1	0
NR_043566.1	1491	1	0
NR_043552.1	1499	1	0
NR_043546.1	1465	1	0
NR_043545.1	1441	1	0
NR_043536.1	1489	1	0
NR_043364.1	1423	1	0
NR_043322.1	1494	1	0
NR_043309.1	1471	1	0
NR_043280.1	1473	1	0
NR_043276.1	1509	1	0
NR_043264.1	1415	1	0
NR_043246.1	1447	1	0
NR_043244.1	1425	1	0
NR_043215.1	1476	5	0
NR_043198.1	1382	1	0
NR_043181.1	1500	1	0
NR_043115.1	1529	1	0
NR_043068.1	1474	1	0
NR_043061.1	1416	1	0
NR_043055.1	1412	1	0
NR_043008.1	1543	1	0
NR_042990.1	1470	1	0
NR_042963.1	1540	1	0
NR_042931.1	1488	1	0
NR_042636.1	1505	1	0
NR_042562.1	1476	1	0
NR_042397.1	1476	1	0
NR_042050.1	1532	1	0
NR_041718.1	1513	1	0
NR_041697.1	1527	21	0
NR_041673.1	1462	1	0
NR_041546.1	1463	1	0
NR_041545.1	1465	1	0
NR_041518.1	1457	1	0
NR_041501.1	1479	2	0
NR_041486.1	1521	1	0
NR_041479.1	1383	1	0
NR_041440.1	1433	1	0
NR_041392.1	1336	1	0
NR_041372.1	1451	1	0
NR_041369.1	1473	1	0
NR_041365.1	1495	1	0
NR_041355.1	1422	1	0
NR_041299.1	1426	1	0
NR_041000.1	1571	1	0
NR_040987.1	1524	1	0
NR_040970.1	1428	1	0
NR_040967.1	1444	1	0
NR_040938.1	1498	1	0
NR_044580.1	1483	1	0
NR_044565.1	1431	1	0
NR_044528.1	1463	5	0
NR_044429.1	1555	2	0
NR_044324.1	1403	1	0
NR_044284.1	1536	4	0
NR_044205.1	1441	1	0
NR_043974.1	1483	1	0
NR_043968.1	1436	1	0
NR_043887.1	1343	1	0
NR_043875.1	1297	1	0
NR_043860.1	1450	7	0
NR_043788.1	1530	1	0
NR_043653.1	1436	3	0
NR_043648.1	1486	2	0
NR_043647.1	1486	1	0
NR_043617.1	1462	1	0
NR_043570.1	1523	1	0
NR_043295.1	1462	1	0
NR_043171.1	1421	2	0
NR_043169.1	1485	2	0
NR_043167.1	1439	1	0
NR_043104.1	1416	1	0
NR_042850.1	1422	2	0
NR_042719.1	1465	1	0
NR_041885.1	1450	1	0
NR_041798.1	1466	5	0
NR_041797.1	1510	1	0
NR_037110.1	1502	7	0
NR_036932.1	1458	1	0
NR_036865.1	1481	1	0
NR_036863.1	1482	1	0
NR_036824.1	1400	1	0
NR_029179.1	1408	1	0
NR_028875.1	1532	7	0
NR_027569.1	1488	2	0
NR_024862.1	1521	14	0
NR_026357.1	1541	3	0
NR_026062.1	1491	1	0
NR_159305.1	1363	1	0
NR_159227.1	1493	1	0
NR_159226.1	1359	1	0
NR_159225.1	1369	1	0
NR_159195.1	1501	4	0
NR_159180.1	1456	1	0
NR_159179.1	1512	7	0
NR_159157.1	1531	23	0
NR_157734.1	1509	1	0
NR_157733.1	1509	2	0
NR_157732.1	1509	2	0
NR_157731.1	1509	1	0
NR_157729.1	1509	1	0
NR_157728.1	1509	1	0
NR_157709.1	1469	3	0
NR_156996.1	1480	1	0
NR_156059.1	1510	3	0
NR_156052.1	1336	16	0
NR_114600.3	1477	1	0
NR_153750.1	1461	1	0
NR_152632.1	1483	1	0
NR_152029.1	1496	2	0
NR_152025.1	1493	4	0
NR_151933.1	1492	3	0
NR_151873.1	1452	1	0
NR_151867.1	1445	2	0
NR_074708.2	1523	1	0
NR_041730.2	1526	1	0
NR_102794.2	1543	65	0
NR_103934.2	1537	1	0
NR_109621.2	1538	1	0
NR_025867.2	1527	1	0
NR_025870.2	1527	1	0
NR_029161.2	1533	1	0
NR_044678.2	1525	1	0
NR_044719.2	1469	1	0
NR_044826.2	1532	1	0
NR_074354.2	1490	1	0
NR_074476.2	1503	1	0
NR_074770.2	1530	3	0
NR_102493.2	1540	36	0
NR_102959.2	1522	2	0
NR_119093.2	1519	2	0
NR_121713.2	1484	1	0
NR_137391.2	1514	1	0
NR_145947.2	1517	1	0
NR_148886.1	1555	1	0
NR_148855.1	1489	4	0
NR_148767.1	1502	7	0
NR_148763.1	1525	1	0
NR_148747.1	1521	643	0
NR_148666.1	1500	1	0
NR_148575.1	1390	681	0
NR_148572.1	1503	659	0
NR_146846.1	1475	1	0
NR_146658.1	1524	1	0
NR_146349.1	1558	3	0
NR_145606.1	1306	1	0
NR_145605.1	1484	1	0
NR_145604.1	1484	1	0
NR_145601.1	1486	1	0
NR_145598.1	1484	2	0
NR_145596.1	1484	1	0
NR_145595.1	1486	2	0
NR_145594.1	1484	2	0
NR_145562.1	1512	1	0
NR_137378.1	1524	1	0
NR_137370.1	1446	1	0
NR_136858.1	1496	1	0
NR_136829.1	1405	3	0
NR_136496.1	1443	1	0
NR_136495.1	1485	1	0
NR_136448.1	1456	671	0
NR_136437.1	1528	1	0
NR_136431.1	1404	14	0
NR_135894.1	1347	76	0
NR_135879.1	1478	1	0
NR_135877.1	1335	1	0
NR_134807.1	1451	56	0
NR_134158.1	1399	1	0
NR_134100.1	1521	1	0
NR_133904.1	1551	3	0
NR_133903.1	1552	3	0
NR_133858.1	1432	3	0
NR_133766.1	1422	3	0
NR_133710.1	1484	1	0
NR_132718.1	1503	3	0
NR_132692.1	1459	641	0
NR_132332.1	1440	1	0
NR_037064.2	1356	3	0
NR_126319.1	1531	11	0
NR_126318.1	1531	11	0
NR_126317.1	1532	12	0
NR_126305.1	1501	54	0
NR_126304.1	1501	50	0
NR_126303.1	1501	61	0
NR_126291.1	1344	8	0
NR_126263.1	1452	1	0
NR_126208.1	1429	23	0
NR_117738.2	1528	6	0
NR_117737.2	1528	7	0
NR_125711.1	1460	3	0
NR_125682.1	1162	2	0
NR_125649.1	985	1	0
NR_125611.1	1462	1	0
NR_125599.1	460	8	0
NR_125564.1	1463	1	0
NR_125539.1	1428	10	0
NR_125521.1	1458	2	0
NR_125447.1	1467	1	0
NR_122067.1	1661	2	0
NR_122066.1	1560	2	0
NR_122063.1	1562	3	0
NR_122057.1	1544	12	0
NR_122052.1	1516	3	0
NR_121745.1	1485	3	0
NR_121742.1	1542	13	0
NR_121727.1	1538	2	0
NR_121718.1	1529	3	0
NR_121704.1	1524	3	0
NR_121703.1	1542	4	0
NR_121691.1	1541	3	0
NR_121684.1	1416	1	0
NR_119372.1	1484	11	0
NR_119371.1	1471	1	0
NR_119369.1	1485	1	0
NR_119368.1	1497	4	0
NR_119367.1	1497	9	0
NR_119366.1	1481	28	0
NR_119365.1	1498	18	0
NR_119364.1	1496	54	0
NR_119363.1	1484	35	0
NR_119362.1	1495	156	0
NR_119361.1	1497	148	0
NR_119355.1	1468	1	0
NR_119346.1	1476	1	0
NR_119311.1	1406	1	0
NR_119308.1	1432	1	0
NR_119279.1	1452	11	0
NR_119278.1	1452	7	0
NR_119277.1	1452	8	0
NR_119276.1	1452	158	0
NR_119256.1	1499	21	0
NR_119255.1	1239	11	0
NR_119214.1	1401	10	0
NR_119191.1	1482	1	0
NR_119186.1	1092	673	0
NR_119178.1	1511	1	0
NR_119150.1	1497	1	0
NR_119131.1	1200	659	0
NR_119130.1	1475	625	0
NR_119109.1	1443	2	0
NR_119108.1	1539	10	0
NR_119103.1	1396	1	0
NR_119064.1	1486	1	0
NR_119053.1	1457	1	0
NR_119050.1	1467	1	0
NR_119049.1	1468	1	0
NR_119048.1	1457	10	0
NR_119045.1	1460	1	0
NR_119043.1	1460	2	0
NR_119039.1	1460	1	0
NR_119005.1	1480	4	0
NR_119004.1	1538	1	0
NR_118985.1	1435	7	0
NR_118982.1	1443	1	0
NR_118969.1	1435	3	0
NR_118944.1	1503	1	0
NR_118931.1	1482	5	0
NR_118928.1	1481	8	0
NR_118927.1	1482	6	0
NR_118925.1	1472	9	0
NR_118900.1	1376	1	0
NR_118894.1	1452	4	0
NR_118893.1	1450	1	0
NR_118882.1	1474	1	0
NR_118881.1	1466	1	0
NR_118864.1	1467	4	0
NR_118859.1	1457	2	0
NR_118858.1	1458	26	0
NR_118857.1	1457	33	0
NR_118856.1	1458	10	0
NR_118855.1	1457	10	0
NR_118854.1	1456	48	0
NR_118853.1	1502	8	0
NR_118770.1	1443	1	0
NR_118757.1	1477	3	0
NR_118749.1	1486	1	0
NR_118739.1	1461	1	0
NR_118717.1	1474	5	0
NR_118704.1	1474	1	0
NR_118702.1	1466	2	0
NR_118691.1	1435	1	0
NR_118686.1	1457	1	0
NR_118675.1	1453	1	0
NR_118670.1	1481	1	0
NR_118652.1	1462	1	0
NR_118592.1	1412	1	0
NR_118588.1	1459	2	0
NR_118571.1	1450	1	0
NR_118569.1	1368	1	0
NR_118568.1	1369	17	0
NR_118556.1	1376	14	0
NR_118547.1	1287	1	0
NR_118531.1	1494	38	0
NR_118487.1	1294	3	0
NR_118449.1	1438	10	0
NR_118443.1	1291	5	0
NR_118431.1	1493	13	0
NR_118423.1	1446	1	0
NR_118394.1	1500	13	0
NR_118387.1	1439	5	0
NR_118353.1	1375	1	0
NR_118328.1	1422	23	0
NR_118325.1	1271	7	0
NR_118295.1	1531	5	0
NR_118294.1	1531	12	0
NR_118293.1	1531	10	0
NR_118292.1	1530	11	0
NR_118291.1	1530	6	0
NR_118273.1	1344	23	0
NR_118258.1	1458	2	0
NR_118256.1	1525	7	0
NR_118228.1	1530	16	0
NR_118227.1	1530	18	0
NR_118226.1	1530	14	0
NR_118225.1	1530	13	0
NR_118224.1	1530	10	0
NR_118153.1	1430	1	0
NR_118143.1	1364	2	0
NR_118134.1	1494	3	0
NR_118127.1	1345	1	0
NR_118126.1	1345	68	0
NR_118122.1	1344	324	0
NR_118121.1	1344	34	0
NR_118120.1	1344	32	0
NR_118106.1	1494	9	0
NR_118105.1	1494	13	0
NR_118099.1	1406	1	0
NR_118095.1	1471	1	0
NR_118093.1	1471	1	0
NR_118088.1	1443	8	0
NR_118087.1	1425	10	0
NR_118078.1	1124	1	0
NR_118075.1	1124	1	0
NR_118072.1	1126	1	0
NR_118063.1	1124	1	0
NR_118061.1	1124	1	0
NR_118056.1	1124	1	0
NR_118052.1	1124	18	0
NR_118042.1	1503	1	0
NR_118035.1	1400	1	0
NR_118011.1	1507	6	0
NR_117969.1	1500	49	0
NR_117944.1	1300	1	0
NR_117895.1	1471	1	0
NR_117887.1	1470	1	0
NR_117821.1	1442	1	0
NR_117811.1	1503	1	0
NR_117793.1	1471	3	0
NR_117789.1	1413	4	0
NR_117763.1	1348	9	0
NR_117753.1	1545	4	0
NR_117752.1	1427	9	0
NR_117751.1	1427	12	0
NR_117750.1	1427	13	0
NR_117744.1	1541	1	0
NR_117718.1	1521	3	0
NR_117704.1	1530	5	0
NR_117691.1	1415	1	0
NR_117686.1	1530	7	0
NR_117685.1	1530	5	0
NR_117684.1	1530	5	0
NR_117683.1	1530	5	0
NR_117682.1	1524	6	0
NR_117679.1	1529	7	0
NR_117678.1	1527	1	0
NR_117675.1	1525	1	0
NR_117648.1	1501	2	0
NR_117622.1	1530	1	0
NR_117599.1	1527	1	0
NR_117585.1	1500	1	0
NR_117575.1	1536	3	0
NR_117553.1	1475	2	0
NR_117526.1	1396	8	0
NR_117513.1	1356	1	0
NR_117498.1	1490	1	0
NR_117481.1	1478	2	0
NR_117424.1	1421	1	0
NR_117405.1	1506	34	0
NR_117353.1	1350	28	0
NR_117305.1	1494	68	0
NR_117303.1	1504	2	0
NR_117269.1	1527	9	0
NR_117227.1	1483	1	0
NR_117225.1	1495	1	0
NR_117182.1	1411	1	0
NR_117177.1	1527	1	0
NR_117117.1	1455	1	0
NR_117077.1	1408	3	0
NR_117000.1	1493	40	0
NR_116967.1	1613	1	0
NR_116924.1	1379	1	0
NR_116898.1	1495	4	0
NR_116808.1	1488	2	0
NR_116800.1	1502	67	0
NR_116799.1	1361	68	0
NR_116798.1	1505	136	0
NR_116797.1	1506	642	0
NR_116786.1	1484	2	0
NR_116785.1	1466	10	0
NR_116784.1	1460	1	0
NR_116783.1	1484	1	0
NR_116763.1	1459	1	0
NR_116758.1	1387	21	0
NR_116756.1	1387	11	0
NR_116755.1	1361	330	0
NR_116754.1	1387	85	0
NR_116753.1	1361	41	0
NR_116752.1	1362	314	0
NR_116751.1	1387	128	0
NR_116750.1	1387	116	0
NR_116749.1	1387	163	0
NR_116748.1	1376	253	0
NR_116674.1	1456	1	0
NR_116608.1	1435	1	0
NR_116602.1	1421	10	0
NR_116586.1	1503	1	0
NR_116584.1	1503	1	0
NR_116540.1	1387	1	0
NR_116478.1	1464	12	0
NR_116430.1	1285	10	0
NR_116341.1	1223	3	0
NR_116305.1	1501	1	0
NR_116283.1	1494	76	0
NR_116282.1	1492	48	0
NR_116247.1	1344	303	0
NR_116246.1	1344	492	0
NR_116245.1	1344	235	0
NR_116244.1	1344	436	0
NR_116177.1	1411	2	0
NR_116172.1	1469	1	0
NR_116168.1	1505	8	0
NR_116154.1	1313	1	0
NR_116153.1	1313	1	0
NR_116151.1	1313	2	0
NR_116126.1	1262	6	0
NR_116125.1	1438	3	0
NR_116124.1	1443	16	0
NR_116119.1	1456	1	0
NR_116115.1	1429	218	0
NR_116114.1	1443	133	0
NR_116113.1	1432	137	0
NR_116112.1	1348	111	0
NR_116111.1	1422	59	0
NR_116110.1	1494	10	0
NR_116109.1	1494	31	0
NR_116051.1	1541	2	0
NR_116047.1	1344	7	0
NR_116046.1	1343	10	0
NR_116045.1	1345	1	0
NR_116044.1	1344	5	0
NR_116026.1	1506	1	0
NR_115975.1	1461	4	0
NR_115974.1	1461	2	0
NR_115971.1	1461	2	0
NR_115970.1	1461	1	0
NR_115969.1	1461	5	0
NR_115968.1	1461	3	0
NR_115965.1	1544	1	0
NR_115942.1	1424	8	0
NR_115932.1	1251	65	0
NR_115881.1	1476	2	0
NR_115880.1	1485	7	0
NR_115879.1	1479	1	0
NR_115878.1	1478	1	0
NR_115873.1	1305	72	0
NR_115869.1	1440	3	0
NR_115779.1	1499	1	0
NR_115750.1	1356	1	0
NR_115723.1	1245	3	0
NR_115722.1	1266	4	0
NR_115610.1	1526	1	0
NR_115573.1	1479	1	0
NR_115395.1	1457	1	0
NR_115351.1	1510	2	0
NR_115288.1	1190	1	0
NR_115215.1	1362	9	0
NR_115209.1	1510	2	0
NR_115192.1	1499	1	0
NR_115173.1	1447	1	0
NR_115129.1	1715	1	0
NR_115106.1	1470	2	0
NR_115092.1	1478	1	0
NR_115041.1	1478	1	0
NR_115005.1	1466	10	0
NR_114995.1	1459	7	0
NR_114964.1	1478	10	0
NR_114923.1	1086	1	0
NR_114893.1	1457	1	0
NR_114883.1	1497	3	0
NR_114839.1	1405	1	0
NR_114812.1	1493	3	0
NR_114799.1	1500	1	0
NR_114794.1	1371	1	0
NR_114791.1	1451	1	0
NR_114750.1	1362	4	0
NR_114737.1	1511	13	0
NR_114736.1	1516	15	0
NR_114735.1	1512	151	0
NR_114716.1	1509	12	0
NR_114715.1	1492	8	0
NR_114711.1	1477	639	0
NR_114706.1	1531	105	0
NR_114668.1	1447	1	0
NR_114631.1	1514	1	0
NR_114630.1	1514	1	0
NR_114619.1	1498	1	0
NR_114610.1	1042	1	0
NR_114589.1	1437	18	0
NR_114582.1	1482	3	0
NR_114581.1	1482	1	0
NR_114579.1	1464	2	0
NR_114578.1	1464	8	0
NR_114577.1	1457	4	0
NR_114576.1	1461	1	0
NR_114575.1	1464	4	0
NR_114558.1	1461	2	0
NR_114536.1	1486	1	0
NR_114520.1	1480	63	0
NR_114507.1	1436	5	0
NR_114506.1	1436	5	0
NR_114505.1	1271	113	0
NR_114503.1	1436	18	0
NR_114502.1	1436	18	0
NR_114491.1	1462	1	0
NR_114478.1	1440	1	0
NR_114470.1	1418	4	0
NR_114467.1	1078	1	0
NR_114455.1	1426	2	0
NR_114429.1	1485	1	0
NR_114428.1	1481	2	0
NR_114345.1	1324	16	0
NR_114289.1	1458	1	0
NR_114286.1	1467	8	0
NR_114235.1	1467	7	0
NR_114234.1	1406	1	0
NR_114232.1	1467	5	0
NR_114226.1	1462	1	0
NR_114224.1	1462	1	0
NR_114218.1	1478	2	0
NR_114215.1	1462	1	0
NR_114199.1	1414	1	0
NR_114198.1	1414	1	0
NR_114195.1	1462	1	0
NR_114192.1	1462	1	0
NR_114159.1	1466	19	0
NR_114158.1	1467	11	0
NR_114157.1	1467	8	0
NR_114156.1	1466	3	0
NR_114155.1	1467	16	0
NR_114154.1	1465	24	0
NR_114153.1	1465	26	0
NR_114152.1	1465	7	0
NR_114131.1	1458	1	0
NR_114111.1	1466	267	0
NR_114108.1	1465	38	0
NR_114107.1	1465	18	0
NR_114080.1	1465	50	0
NR_114079.1	1467	9	0
NR_114078.1	1469	33	0
NR_114077.1	1467	8	0
NR_114044.1	1478	2	0
NR_114043.1	1467	64	0
NR_114042.1	1467	8	0
NR_114041.1	1463	8	0
NR_114037.1	1412	1	0
NR_113990.1	1477	1	0
NR_113985.1	1463	1	0
NR_113983.1	1480	1	0
NR_113935.1	1484	1	0
NR_113913.1	1489	1	0
NR_113891.1	1410	1	0
NR_113889.1	1410	1	0
NR_113868.1	1412	1	0
NR_113860.1	1437	1	0
NR_113791.1	1479	1	0
NR_113761.1	1412	1	0
NR_113746.1	1465	1	0
NR_113741.1	1409	1	0
NR_113724.1	1451	1	0
NR_113718.1	1456	1	0
NR_113703.1	1467	15	0
NR_113702.1	1465	6	0
NR_113701.1	1465	14	0
NR_113634.1	1414	1	0
NR_113629.1	1458	2	0
NR_113619.1	1459	1	0
NR_113617.1	1462	3	0
NR_113616.1	1468	5	0
NR_113615.1	1465	7	0
NR_113614.1	1465	18	0
NR_113610.1	1478	1	0
NR_113608.1	1410	1	0
NR_113599.1	1461	1	0
NR_113598.1	1465	45	0
NR_113596.1	1467	13	0
NR_113580.1	1468	1	0
NR_113385.1	1347	1	0
NR_113347.1	1464	4	0
NR_113345.1	1473	1	0
NR_113341.1	1462	11	0
NR_113340.1	1464	18	0
NR_113322.1	1462	1	0
NR_113321.1	1468	15	0
NR_113266.1	1474	1	0
NR_113258.1	1499	5	0
NR_113240.1	1462	8	0
NR_113239.1	1458	1	0
NR_113236.1	1464	44	0
NR_113028.1	1486	2	0
NR_113025.1	1456	4	0
NR_113024.1	1456	1	0
NR_112999.1	1492	1	0
NR_112986.1	1434	12	0
NR_112985.1	1473	5	0
NR_112969.1	1487	1	0
NR_112962.1	1454	1	0
NR_112957.1	1495	2	0
NR_112949.1	1400	2	0
NR_112914.1	1506	1	0
NR_112838.1	1415	2	0
NR_112837.1	1414	3	0
NR_112784.1	1407	1	0
NR_112780.1	1477	1	0
NR_112730.1	1449	1	0
NR_112701.1	1470	1	0
NR_112698.1	1477	1	0
NR_112672.1	1446	1	0
NR_112671.1	1413	1	0
NR_112666.1	1470	3	0
NR_112634.1	1480	1	0
NR_112623.1	1505	1	0
NR_112602.1	1482	1	0
NR_112570.1	1225	1	0
NR_112558.1	1110	8	0
NR_112557.1	1110	33	0
NR_112556.1	1110	8	0
NR_112555.1	1110	31	0
NR_112554.1	1110	31	0
NR_112387.1	1415	1	0
NR_112349.1	1463	1	0
NR_112327.1	1474	1	0
NR_112315.1	1468	1	0
NR_112240.1	1409	1	0
NR_112235.1	1433	3	0
NR_112232.1	1433	1	0
NR_112220.1	1433	1	0
NR_112191.1	1436	2	0
NR_112175.1	1145	3	0
NR_112156.1	1390	1	0
NR_112139.1	1438	1	0
NR_112123.1	1361	4	0
NR_112118.1	1472	1	0
NR_112108.1	1443	1	0
NR_112104.1	1471	1	0
NR_112087.1	1454	1	0
NR_112073.1	1503	1	0
NR_112062.1	1507	1	0
NR_112033.1	1385	1	0
NR_112011.1	1451	3	0
NR_112010.1	1441	11	0
NR_112009.1	1449	8	0
NR_112007.1	1438	21	0
NR_112006.1	1449	7	0
NR_112005.1	1449	19	0
NR_111998.1	1449	7	0
NR_109391.1	1651	1	0
NR_044699.2	1516	1	0
NR_044712.2	1475	2	0
NR_044825.2	1482	5	0
NR_044837.2	1462	1	0
NR_044659.2	1526	1	0
NR_044752.2	1476	1	0
NR_109747.1	1517	1	0
NR_109740.1	1435	1	0
NR_109731.1	1462	1	0
NR_109681.1	1464	1	0
NR_109674.1	1429	4	0
NR_109614.1	1531	2	0
NR_109586.1	1484	3	0
NR_109515.1	1516	1	0
NR_109490.1	1407	1	0
NR_109420.1	1422	1	0
NR_109306.1	1392	1	0
NR_109101.1	1457	1	0
NR_109064.1	1448	2	0
NR_108991.1	1405	1	0
NR_108899.1	1500	1	0
NR_108873.1	1463	2	0
NR_108872.1	1322	1	0
NR_108869.1	1443	1	0
NR_108848.1	1494	14	0
NR_108829.1	1516	4	0
NR_108633.1	1448	1	0
NR_108632.1	1437	1	0
NR_108574.1	1498	1	0
NR_108532.1	1437	1	0
NR_108516.1	1439	1	0
NR_108484.1	1529	1	0
NR_108482.1	1393	1	0
NR_108461.1	1502	1	0
NR_108436.1	1461	1	0
NR_108435.1	1477	1	0
NR_108388.1	1401	1	0
NR_108295.1	1395	1	0
NR_108221.1	1455	3	0
NR_108192.1	1489	2	0
NR_108141.1	1449	1	0
NR_108121.1	1535	7	0
NR_104980.1	1418	37	0
NR_104962.1	1432	152	0
NR_104960.1	1483	34	0
NR_104943.1	1440	472	0
NR_104940.1	1478	137	0
NR_104939.1	1532	2	0
NR_104935.1	1534	2	0
NR_104934.1	1527	17	0
NR_104933.1	1527	23	0
NR_104932.1	1529	27	0
NR_104930.1	1486	1	0
NR_104928.1	1524	274	0
NR_104925.1	1534	4	0
NR_104924.1	1494	41	0
NR_104915.1	1456	1	0
NR_104912.1	1482	1	0
NR_104907.1	1446	1	0
NR_104903.1	1480	3	0
NR_104860.1	1500	1	0
NR_104826.1	1530	15	0
NR_104823.1	1504	7	0
NR_104822.1	1491	24	0
NR_104802.1	1541	1	0
NR_104789.1	1518	1	0
NR_104783.1	1529	1	0
NR_104767.1	1510	3	0
NR_104760.1	1532	9	0
NR_104747.1	1474	1	0
NR_104724.1	1461	47	0
NR_104716.1	1475	2	0
NR_104709.1	1467	2	0
NR_104569.1	1494	76	0
NR_104538.1	1401	1	0
NR_104525.1	1461	1	0
NR_044729.2	1488	26	0
NR_044713.2	1478	15	0
NR_044645.2	1479	1	0
NR_102893.1	1537	1	0
NR_102854.1	1526	1	0
NR_102814.1	1537	1	0
NR_102802.1	1543	18	0
NR_102469.1	1488	1	0
NR_102465.1	1480	3	0
NR_102464.1	1480	2	0
NR_102443.1	1474	1	0
NR_102439.1	1507	607	0
NR_074189.1	1469	3	0
NR_074188.1	1469	1	0
NR_074312.2	1529	1	0
NR_074299.2	1528	1	0
NR_037065.2	1475	1	0
NR_075022.1	1563	1	0
NR_075008.1	1555	2	0
NR_074957.1	1549	1	0
NR_074952.1	1548	1	0
NR_074917.1	1544	1	0
NR_074908.1	1544	681	0
NR_074902.1	1542	25	0
NR_074901.1	1542	1	0
NR_074888.1	1542	114	0
NR_074853.1	1538	1	0
NR_074846.1	1537	1	0
NR_074841.1	1537	1	0
NR_074830.1	1536	3	0
NR_074809.1	1535	1	0
NR_074796.1	1534	1	0
NR_074782.1	1533	1	0
NR_074723.1	1528	3	0
NR_074670.1	1524	647	0
NR_074653.1	1523	2	0
NR_074566.1	1514	1	0
NR_074534.1	1512	607	0
NR_074530.1	1511	1	0
NR_074521.1	1510	629	0
NR_074501.1	1509	1	0
NR_074457.1	1507	3	0
NR_074446.1	1506	1	0
NR_074440.1	1505	3	0
NR_074436.1	1505	2	0
NR_074414.1	1503	1	0
NR_074391.1	1499	1	0
NR_074390.1	1498	3	0
NR_074383.1	1498	1	0
NR_074379.1	1497	2	0
NR_074347.1	1493	2	0
NR_074314.1	1489	16	0
NR_074297.1	1488	659	0
NR_074282.1	1485	2	0
NR_074261.1	1479	1	0
NR_074244.1	1476	7	0
NR_074226.1	1474	2	0
NR_042469.2	1520	1	0
NR_044980.1	1485	4	0
NR_044978.1	1495	9	0
NR_044977.1	1495	42	0
NR_044976.1	1498	15	0
NR_044947.1	1410	2	0
NR_044943.1	1505	1	0
NR_044924.1	1536	6	0
NR_044903.1	1449	1	0
NR_044874.1	1448	1	0
NR_044844.1	1478	1	0
NR_044838.1	1454	5	0
NR_044827.1	1499	4	0
NR_044824.1	1480	1	0
NR_044800.1	1456	180	0
NR_044799.1	1502	10	0
NR_044775.1	1494	1	0
NR_044749.1	1479	3	0
NR_044742.1	1425	4	0
NR_044646.1	1469	7	0
NR_044613.1	1485	2	0
NR_044612.1	1490	1	0
NR_044385.1	1500	62	0
NR_044378.1	1313	3	0
NR_044373.1	1368	3	0
NR_044372.1	1448	2	0
NR_044371.1	1437	11	0
NR_044370.1	1414	1	0
NR_044261.1	1442	1	0
NR_044152.1	1461	3	0
NR_044141.1	1474	1	0
NR_044101.1	1400	70	0
NR_044062.1	1361	5	0
NR_044060.1	1417	11	0
NR_044059.1	1425	6	0
NR_044058.1	1417	3	0
NR_044057.1	1380	8	0
NR_043998.1	1383	2	0
NR_043997.1	1503	2	0
NR_043980.1	1351	81	0
NR_043831.1	1501	1	0
NR_043811.1	1478	1	0
NR_043776.1	1422	1	0
NR_043751.1	1356	2	0
NR_043679.1	1325	9	0
NR_043663.1	1500	5	0
NR_043662.1	1500	9	0
NR_043539.1	1497	2	0
NR_043515.1	1386	3	0
NR_043424.1	1527	1	0
NR_043423.1	1526	6	0
NR_043386.1	1424	1	0
NR_043384.1	1515	653	0
NR_043007.1	1477	1	0
NR_042881.1	1362	1	0
NR_042878.1	1362	8	0
NR_042873.1	1362	2	0
NR_042864.1	1362	1	0
NR_042822.1	1497	5	0
NR_042820.1	1497	2	0
NR_042813.1	1461	1	0
NR_042748.1	1436	71	0
NR_042681.1	1481	1	0
NR_042665.1	1471	1	0
NR_042662.1	1425	672	0
NR_042635.1	1498	1	0
NR_042558.1	1481	1	0
NR_042547.1	1398	1	0
NR_042546.1	1415	2	0
NR_042543.1	1459	1	0
NR_042527.1	1479	1	0
NR_042518.1	1350	2	0
NR_042493.1	1410	1	0
NR_042486.1	1464	1	0
NR_042485.1	1488	1	0
NR_042474.1	1456	2	0
NR_042466.1	1446	623	0
NR_042465.1	1426	586	0
NR_042435.1	1523	1	0
NR_042431.1	1390	1	0
NR_042422.1	1502	89	0
NR_042415.1	1517	11	0
NR_042413.1	1497	12	0
NR_042412.1	1518	7	0
NR_042411.1	1516	2	0
NR_042371.1	1453	1	0
NR_042369.1	1459	1	0
NR_042364.1	1444	1	0
NR_042356.1	1479	21	0
NR_042349.1	1513	12	0
NR_042328.1	1524	4	0
NR_042325.1	1529	3	0
NR_042280.1	1397	2	0
NR_042265.1	1497	1	0
NR_042251.1	1476	1	0
NR_042238.1	1419	1	0
NR_042223.1	1506	1	0
NR_042191.1	1459	10	0
NR_042155.1	1498	1	0
NR_042137.1	1503	1	0
NR_042135.1	1499	1	0
NR_042104.1	1458	1	0
NR_042074.1	1296	2	0
NR_042063.1	1528	1	0
NR_042062.1	1428	5	0
NR_042045.1	1559	1	0
NR_042039.1	1488	1	0
NR_042030.1	1509	1	0
NR_041999.1	1515	1	0
NR_041979.1	1495	13	0
NR_041978.1	1473	184	0
NR_041977.1	1491	8	0
NR_041976.1	1497	16	0
NR_041975.1	1509	108	0
NR_041974.1	1504	122	0
NR_041973.1	1495	27	0
NR_041972.1	1496	4	0
NR_041971.1	1497	12	0
NR_041970.1	1497	84	0
NR_041924.1	1434	1	0
NR_041923.1	1422	1	0
NR_041922.1	1427	6	0
NR_041921.1	1413	6	0
NR_041851.1	1523	1	0
NR_041838.1	1514	1	0
NR_041833.1	1461	3	0
NR_041832.1	1461	4	0
NR_041831.1	1461	1	0
NR_041750.1	1436	150	0
NR_041749.1	1436	9	0
NR_041725.1	1488	1	0
NR_041696.1	1491	4	0
NR_041651.1	1454	1	0
NR_041647.1	1471	1	0
NR_041634.1	1474	2	0
NR_041551.1	1470	1	0
NR_041527.1	1490	9	0
NR_041259.1	1460	2	0
NR_041104.1	1471	1	0
NR_041044.1	1464	1	0
NR_040930.1	1399	6	0
NR_040909.1	1481	1	0
NR_040898.1	1498	1	0
NR_040863.1	1459	2	0
NR_040847.1	1486	1	0
NR_040843.1	1357	1	0
NR_040830.1	1388	1	0
NR_040829.1	1467	1	0
NR_040816.1	1477	5	0
NR_040812.1	1480	1	0
NR_040802.1	1503	1	0
NR_040791.1	1433	1	0
NR_044516.1	1512	2	0
NR_044318.1	1431	1	0
NR_044304.1	1438	2	0
NR_044248.1	1359	1	0
NR_044076.1	1493	14	0
NR_043883.1	1347	103	0
NR_043642.1	1487	3	0
NR_043638.1	1542	2	0
NR_043549.1	1399	1	0
NR_043548.1	1356	1	0
NR_043314.1	1524	1	0
NR_043242.1	1434	1	0
NR_043165.1	1436	1	0
NR_043129.1	1525	1	0
NR_042893.1	1441	8	0
NR_042811.1	1511	1	0
NR_041927.1	1468	40	0
NR_041816.1	1517	1	0
NR_036911.2	1503	1	0
NR_037126.1	1368	1	0
NR_037112.1	1508	3	0
NR_037111.1	1502	7	0
NR_037102.1	1529	3	0
NR_037085.1	1454	16	0
NR_037010.1	1491	5	0
NR_036956.1	1544	4	0
NR_036924.1	1529	12	0
NR_036919.1	1497	36	0
NR_036886.1	1532	111	0
NR_036883.1	1429	1	0
NR_036880.1	1513	1	0
NR_036871.1	1461	1	0
NR_036825.1	1519	1	0
NR_036794.1	1534	16	0
NR_036790.1	1537	1	0
NR_036779.1	1448	1	0
NR_036771.1	1464	1	0
NR_029324.1	1505	1	0
NR_029302.1	1460	1	0
NR_029259.1	1457	1	0
NR_029246.1	1500	1	0
NR_029240.1	1462	1	0
NR_029218.1	1458	1	0
NR_029208.1	1517	1	0
NR_029205.1	1521	2	0
NR_029171.1	1484	3	0
NR_029162.1	1498	5	0
NR_029150.1	1534	2	0
NR_029144.1	1553	1	0
NR_029125.1	1407	2	0
NR_029117.1	1422	1	0
NR_029111.1	1462	1	0
NR_029095.1	1516	1	0
NR_029048.1	1481	1	0
NR_029046.1	1418	2	0
NR_029041.1	1497	1	0
NR_029008.1	1494	1	0
NR_029001.1	1525	2	0
NR_028993.1	1451	11	0
NR_028986.1	1492	1	0
NR_028975.1	1512	1	0
NR_028959.1	1370	3	0
NR_028946.1	1542	2	0
NR_028915.1	1456	1	0
NR_028912.1	1511	11	0
NR_028907.1	1469	1	0
NR_028897.1	1519	2	0
NR_028893.1	1507	41	0
NR_028879.1	1517	1	0
NR_028863.1	1424	1	0
NR_028847.1	1493	1	0
NR_028803.1	1459	34	0
NR_028802.1	1453	30	0
NR_028787.1	1482	1	0
NR_028786.1	1503	2	0
NR_028756.1	1496	1	0
NR_028749.1	1485	1	0
NR_028744.1	1436	1	0
NR_028715.1	1512	1	0
NR_028702.1	1400	1	0
NR_028688.1	1530	25	0
NR_028687.1	1530	17	0
NR_028686.1	1522	5	0
NR_028685.1	1496	2	0
NR_028683.1	1468	1	0
NR_028679.1	1464	1	0
NR_028009.1	1475	1	0
NR_027207.1	1497	1	0
NR_027194.1	1481	2	0
NR_025600.1	1455	1	0
NR_025593.1	1506	1	0
NR_025588.1	1512	1	0
NR_025585.1	1452	1	0
NR_025570.1	1489	4	0
NR_025566.1	1362	16	0
NR_025543.1	1460	3	0
NR_025492.1	1448	1	0
NR_025491.1	1468	1	0
NR_025479.1	1494	1	0
NR_025444.1	1420	1	0
NR_025441.1	1500	1	0
NR_025367.1	1512	1	0
NR_025341.1	1502	1	0
NR_025340.1	1495	2	0
NR_025339.1	1490	1	0
NR_025338.1	1516	16	0
NR_025335.1	1485	13	0
NR_025334.1	1490	1	0
NR_025331.1	1498	54	0
NR_025330.1	1495	26	0
NR_025329.1	1504	37	0
NR_025328.1	1505	24	0
NR_025327.1	1504	656	0
NR_025317.1	1407	1	0
NR_025316.1	1488	9	0
NR_025315.1	1391	1	0
NR_025296.1	1517	1	0
NR_025282.1	1554	1	0
NR_025280.1	1484	1	0
NR_025247.1	1507	2	0
NR_025242.1	1436	1	0
NR_025228.1	1455	1	0
NR_025220.1	1476	2	0
NR_025161.1	1461	1	0
NR_025160.1	1461	4	0
NR_025159.1	1461	1	0
NR_025120.1	1443	1	0
NR_025107.1	1464	1	0
NR_025088.1	1472	1	0
NR_025049.1	1508	1	0
NR_025046.1	1492	1	0
NR_025037.1	1529	3	0
NR_025012.1	1462	1	0
NR_024961.1	1464	1	0
NR_024951.1	1430	1	0
NR_024925.1	1453	1	0
NR_024899.1	1504	11	0
NR_024883.1	1414	163	0
NR_024861.1	1511	5	0
NR_024848.1	1494	4	0
NR_024834.1	1452	2	0
NR_024821.1	1472	1	0
NR_024768.1	1466	3	0
NR_024759.1	1462	1	0
NR_024738.1	1411	1	0
NR_024721.1	1461	1	0
NR_024703.1	1450	1	0
NR_024685.1	1306	1	0
NR_024680.1	1494	3	0
NR_024662.1	1498	2	0
NR_024646.1	1466	7	0
NR_024644.1	1442	28	0
NR_024643.1	1438	12	0
NR_024642.1	1449	24	0
NR_024640.1	1422	21	0
NR_024632.1	1428	1	0
NR_026537.1	1468	1	0
NR_026525.1	1472	1	0
NR_026498.1	1466	3	0
NR_026463.1	1433	1	0
NR_026462.1	1432	1	0
NR_026448.1	1423	1	0
NR_026412.1	1479	1	0
NR_026373.1	1442	1	0
NR_026332.1	1487	4	0
NR_026331.1	1488	5	0
NR_026283.1	1416	1	0
NR_026261.1	1447	1	0
NR_026214.1	1326	1	0
NR_026187.1	1464	1	0
NR_026151.1	1473	1	0
NR_026130.1	1530	1	0
NR_026110.1	1460	1	0
NR_026049.1	1456	36	0
NR_026048.1	1456	7	0
NR_026046.1	1458	8	0
NR_026045.1	1455	141	0
NR_026030.1	1466	1	0
NR_025991.1	1440	1	0
NR_025983.1	1519	1	0
NR_025947.1	1529	1	0
NR_025930.1	1380	1	0
NR_025881.1	1527	1	0
NR_025862.1	1406	1	0
NR_025861.1	1368	2	0
NR_025807.1	1506	1	0
NR_025787.1	1507	2	0
NR_025764.1	1482	5	0
NR_025763.1	1482	7	0
NR_025695.1	1506	1	0
NR_025693.1	1398	1	0
NR_025638.1	1551	1	0
NR_025635.1	1412	13	0
NR_029226.2	1501	8	0
NR_042154.1	1365	13	0
NR_042053.1	1507	1	0
NR_041980.1	1505	50	0
NR_041968.1	1504	18	0
NR_041848.1	1525	1	0
NR_041837.1	1362	1	0
NR_041640.1	1540	4	0
NR_041620.1	1480	2	0
NR_041602.1	1487	2	0
NR_041591.1	1489	1	0
NR_041547.1	1450	7	0
NR_041320.1	1455	1	0
NR_041254.1	1528	3	0
NR_041135.1	1471	1	0
NR_040992.1	1498	2	0
NR_040846.1	1512	1	0
NR_037066.1	1515	1	0
NR_036978.1	1423	1	0
NR_036891.1	1501	1	0
NR_029355.1	1435	1	0
NR_029283.1	1511	3	0
NR_029274.1	1514	1	0
NR_029225.1	1528	640	0
NR_029211.1	1510	1	0
NR_029067.1	1442	1	0
NR_028979.1	1470	4	0
NR_028938.1	1502	14	0
NR_028892.1	1470	609	0
NR_028891.1	1447	624	0
NR_028830.1	1523	2	0
NR_028799.1	1451	1	0
NR_028758.1	1510	1	0
NR_028682.1	1538	1	0
NR_028677.1	1459	16	0
NR_028639.1	1493	1	0
NR_027604.1	1468	1	0
NR_027597.1	1401	1	0
NR_027585.1	1533	1	0
NR_027578.1	1462	1	0
NR_027561.1	1409	1	0
NR_027553.1	1294	2	0
NR_027549.1	1473	12	0
NR_027547.1	1549	3	0
NR_027546.1	1461	2	0
NR_027545.1	1461	2	0
NR_027544.1	1461	2	0
NR_027543.1	1461	2	0
NR_027540.1	1484	1	0
NR_025569.1	1494	6	0
NR_025560.1	1481	1	0
NR_025353.1	1466	1	0
NR_025348.1	1527	1	0
NR_025342.1	1480	54	0
NR_025333.1	1482	5	0
NR_025332.1	1481	2	0
NR_025284.1	1484	1	0
NR_025262.1	1456	1	0
NR_025243.1	1403	8	0
NR_025144.1	1465	1	0
NR_025115.1	1497	1	0
NR_024996.1	1436	23	0
NR_024890.1	1495	2	0
NR_024820.1	1270	1	0
NR_024795.1	1484	7	0
NR_024770.1	1399	4	0
NR_024769.1	1466	1	0
NR_024727.1	1472	51	0
NR_024706.1	1522	22	0
NR_024641.1	1450	5	0
NR_026366.1	1446	1	0
NR_026050.1	1455	146	0
NR_026047.1	1458	2	0
NR_025855.1	1390	1	0
NR_025811.1	1407	1	0
NR_025758.1	1531	1	0
NR_025703.1	1378	1	0
NR_024570.1	1450	1	0
NR_037084.1	1452	7	0
NR_042922.1	1485	1	0
NR_042919.1	1482	2	0
NR_040859.1	1484	1	0
