NR_178170.1	621	3	0
NR_178165.1	716	7	0
NR_178159.1	660	1	0
NR_178158.1	737	2	0
NR_178153.1	683	10	0
NR_178151.1	630	6	0
NR_178141.1	628	8	0
NR_178118.1	696	2	0
NR_178117.1	693	1	0
NR_178091.1	674	1	0
NR_177617.1	998	1	0
NR_177586.1	543	1546	0
NR_177575.1	673	3	0
NR_177573.1	661	2	0
NR_177536.1	607	606	0
NR_177535.1	608	588	0
NR_177534.1	604	557	0
NR_177533.1	652	201	0
NR_177513.1	677	1487	0
NR_177510.1	634	1467	0
NR_177501.1	644	3	0
NR_177500.1	630	571	0
NR_177499.1	759	3	0
NR_177491.1	621	1	0
NR_177487.1	621	171	0
NR_177470.1	698	1	0
NR_177469.1	660	3	0
NR_177463.1	612	586	0
NR_177462.1	662	1	0
NR_177458.1	784	89	0
NR_153187.1	681	1	0
NR_177181.1	963	108	0
NR_177180.1	896	14	0
NR_177173.1	846	3	0
NR_177137.1	548	3	0
NR_177134.1	654	2	0
NR_176780.1	609	1	0
NR_176762.1	703	1	0
NR_176761.1	691	2	0
NR_176758.1	680	2	0
NR_176701.1	659	4	0
NR_176697.1	709	2178	0
NR_176696.1	652	2	0
NR_176684.1	678	3	0
NR_158481.1	760	1	0
NR_153989.1	654	1	0
NR_175249.1	677	1	0
NR_173883.1	605	569	0
NR_176184.1	790	30	0
NR_176183.1	737	1	0
NR_176168.1	771	1	0
NR_176149.1	628	1	0
NR_176137.1	673	1142	0
NR_176132.1	680	7	0
NR_176114.1	747	1	0
NR_176113.1	694	2	0
NR_176108.1	665	2	0
NR_176100.1	630	2	0
NR_176096.1	505	1	0
NR_172751.1	686	1	0
NR_175027.1	728	13	0
NR_172553.1	716	1	0
NR_172300.1	727	4	0
NR_171285.1	660	11	0
NR_166546.1	555	1	0
NR_164235.1	522	1	0
NR_157970.1	702	2	0
NR_157962.1	703	4	0
NR_157961.1	719	2	0
NR_157959.1	705	1	0
NR_157955.1	678	2	0
NR_157953.1	696	1	0
NR_157949.1	695	1	0
NR_157947.1	692	1	0
NR_157938.1	718	6	0
NR_157937.1	693	2	0
NR_157936.1	697	2	0
NR_157933.1	674	5	0
NR_157932.1	717	6	0
NR_157921.1	701	3	0
NR_157875.1	597	1	0
NR_157874.1	680	1	0
NR_153050.1	726	3	0
NR_153023.1	696	9	0
NR_153018.1	725	1	0
NR_130313.1	724	7	0
NR_130301.1	703	2	0
NR_130291.1	706	2	0
NR_130288.1	684	8	0
NR_130286.1	724	5	0
NR_130284.1	697	9	0
NR_130282.1	695	1	0
NR_130274.1	708	6	0
NR_130272.1	723	5	0
NR_130267.1	661	1	0
NR_130264.1	690	3	0
NR_130257.1	706	7	0
NR_130256.1	675	6	0
NR_130255.1	701	2	0
NR_130252.1	699	1	0
NR_130245.1	712	3	0
NR_130240.1	675	10	0
NR_130239.1	729	7	0
NR_130235.1	703	1	0
NR_130231.1	787	1	0
NR_130230.1	722	7	0
NR_130227.1	720	7	0
NR_130220.1	716	5	0
NR_130210.1	700	4	0
NR_130206.1	728	4	0
NR_130203.1	722	8	0
NR_130201.1	727	8	0
NR_130189.1	694	1	0
NR_130187.1	695	3	0
NR_130183.1	726	11	0
NR_120301.1	557	9	0
NR_120049.1	527	1	0
NR_119805.1	714	5	0
NR_119804.1	736	5	0
NR_119798.1	712	1	0
NR_119796.1	727	7	0
NR_119795.1	728	4	0
NR_119791.1	730	8	0
NR_175760.1	600	1	0
NR_175751.1	694	1	0
NR_175734.1	651	1	0
NR_175696.1	711	9	0
NR_175660.1	652	3	0
NR_175651.1	642	1	0
NR_175633.1	747	36	0
NR_175625.1	636	1	0
NR_175613.1	568	1	0
NR_175610.1	584	1	0
NR_175602.1	769	8	0
NR_175251.1	706	4	0
NR_175250.1	681	4	0
NR_173069.1	688	1	0
NR_172147.1	663	1	0
NR_157966.1	704	11	0
NR_157879.1	583	1	0
NR_153051.1	692	2	0
NR_153025.1	682	2	0
NR_153016.1	701	7	0
NR_153015.1	705	4	0
NR_153010.1	707	4	0
NR_153002.1	685	1	0
NR_137120.1	705	2	0
NR_131811.1	710	1	0
NR_131810.1	569	2	0
NR_131803.1	706	2	0
NR_130300.1	695	4	0
NR_130261.1	662	3	0
NR_130253.1	685	2	0
NR_130238.1	706	5	0
NR_130229.1	704	2	0
NR_130217.1	688	1	0
NR_130207.1	714	7	0
NR_130195.1	709	7	0
NR_130190.1	699	3	0
NR_130188.1	701	11	0
NR_119809.1	690	8	0
NR_119806.1	738	8	0
NR_119801.1	725	10	0
NR_119799.1	619	8	0
NR_175186.1	571	118	0
NR_175183.1	653	5	0
NR_175178.1	587	2	0
NR_175166.1	710	1	0
NR_175163.1	709	2	0
NR_175150.1	532	566	0
NR_175140.1	661	2	0
NR_175127.1	706	9	0
NR_175105.1	750	1	0
NR_175095.1	778	10	0
NR_175050.1	775	2	0
NR_175046.1	697	1	0
NR_175042.1	693	1	0
NR_175035.1	682	2	0
NR_121486.1	663	27	0
NR_174928.1	719	5	0
NR_174909.1	622	3	0
NR_174908.1	778	1	0
NR_174894.1	818	2	0
NR_174826.1	589	4	0
NR_174821.1	644	1	0
NR_174819.1	628	11	0
NR_174818.1	620	10	0
NR_174798.1	753	3	0
NR_174797.1	776	2	0
NR_174796.1	778	1	0
NR_174795.1	779	1	0
NR_174794.1	780	4	0
NR_174792.1	780	3	0
NR_174791.1	736	3	0
NR_174790.1	813	1	0
NR_174786.1	716	1	0
NR_174779.1	703	2	0
NR_174778.1	713	1	0
NR_174774.1	723	1	0
NR_174771.1	743	2	0
NR_174767.1	769	1	0
NR_174763.1	813	2	0
NR_174762.1	748	1926	0
NR_174761.1	732	1354	0
NR_174760.1	735	1393	0
NR_174759.1	732	197	0
NR_174758.1	674	2	0
NR_174757.1	632	2	0
NR_174756.1	610	5	0
NR_174752.1	564	1	0
NR_174751.1	585	1	0
NR_174742.1	620	100	0
NR_174741.1	620	112	0
NR_174740.1	635	3	0
NR_174737.1	632	2	0
NR_174734.1	710	1	0
NR_174733.1	677	84	0
NR_174732.1	667	87	0
NR_174731.1	671	8	0
NR_174730.1	594	76	0
NR_174729.1	649	1	0
NR_174728.1	655	123	0
NR_174724.1	651	4	0
NR_174722.1	575	1419	0
NR_171710.1	722	1	0
NR_174659.1	715	5	0
NR_174658.1	702	1	0
NR_174656.1	722	13	0
NR_174653.1	692	1	0
NR_174644.1	646	1	0
NR_153452.1	544	1525	0
NR_174068.1	677	16	0
NR_174061.1	599	1	0
NR_174057.1	667	1	0
NR_174056.1	633	1	0
NR_174052.1	661	12	0
NR_174051.1	660	7	0
NR_174034.1	793	5	0
NR_164277.1	756	14255	0
NR_119887.1	608	9	0
NR_173979.1	695	100	0
NR_173976.1	657	1	0
NR_173972.1	721	5	0
NR_173967.1	732	4	0
NR_173955.1	749	1	0
NR_173954.1	618	1	0
NR_173939.1	689	6151	0
NR_173938.1	780	1	0
NR_173904.1	692	24	0
NR_173898.1	692	2	0
NR_173892.1	804	1	0
NR_173880.1	656	1	0
NR_173878.1	628	121	0
NR_173877.1	697	1	0
NR_173874.1	735	14	0
NR_173834.1	723	3	0
NR_173826.1	731	2	0
NR_173822.1	500	1	0
NR_173787.1	723	2	0
NR_173771.1	528	1	0
NR_173762.1	751	3	0
NR_173737.1	780	1	0
NR_173726.1	695	796	0
NR_173460.1	705	1	0
NR_173458.1	698	1	0
NR_173429.1	683	8	0
NR_173428.1	634	13	0
NR_173427.1	637	6	0
NR_173415.1	699	2	0
NR_173403.1	678	1	0
NR_170845.1	678	12	0
NR_119473.1	642	346	0
NR_173360.1	760	1	0
NR_137743.1	463	36	0
NR_137742.1	488	33	0
NR_173324.1	578	1501	0
NR_173322.1	658	1	0
NR_173316.1	479	49	0
NR_173315.1	625	8	0
NR_173313.1	531	6	0
NR_173308.1	572	438	0
NR_173283.1	602	1	0
NR_173234.1	786	7	0
NR_173233.1	772	1	0
NR_173229.1	571	1	0
NR_173226.1	702	7	0
NR_173225.1	768	1	0
NR_173224.1	769	9	0
NR_173219.1	607	1	0
NR_173192.1	670	1	0
NR_173190.1	658	1	0
NR_173189.1	791	14	0
NR_173188.1	1016	8	0
NR_173167.1	733	4	0
NR_173155.1	669	1	0
NR_173076.1	709	3	0
NR_173073.1	715	1	0
NR_173072.1	703	6	0
NR_173071.1	618	11	0
NR_173070.1	622	4	0
NR_173027.1	569	1	0
NR_173002.1	658	1	0
NR_173001.1	664	2	0
NR_172996.1	667	1	0
NR_172992.1	714	2	0
NR_172991.1	714	2	0
NR_172990.1	712	4	0
NR_172989.1	713	1	0
NR_172986.1	680	6	0
NR_172985.1	692	12	0
NR_172981.1	612	1	0
NR_172980.1	661	1	0
NR_172976.1	576	2	0
NR_172974.1	518	6355	0
NR_148091.1	508	1	0
NR_148079.1	503	1	0
NR_137553.1	627	1	0
NR_172855.1	665	1	0
NR_172836.1	544	1	0
NR_172804.1	685	5	0
NR_172792.1	707	6	0
NR_172782.1	806	140	0
NR_172766.1	649	1514	0
NR_172755.1	528	1	0
NR_172735.1	543	1	0
NR_172734.1	533	2	0
NR_172726.1	485	1	0
NR_172442.1	543	1	0
NR_172427.1	806	3	0
NR_172417.1	700	4	0
NR_153597.1	609	574	0
NR_172362.1	679	1	0
NR_172350.1	670	2	0
NR_172347.1	623	1	0
NR_172344.1	665	1	0
NR_172343.1	618	5	0
NR_172330.1	639	7	0
NR_172328.1	716	1	0
NR_172325.1	593	8	0
NR_172324.1	605	6	0
NR_172296.1	629	5	0
NR_172258.1	572	7	0
NR_172245.1	756	3	0
NR_172218.1	652	2	0
NR_172217.1	765	4	0
NR_172319.1	641	2	0
NR_172295.1	633	13	0
NR_172192.1	595	2	0
NR_172191.1	636	3	0
NR_172174.1	570	1	0
NR_172163.1	609	1	0
NR_159628.1	548	9	0
NR_163282.1	567	1	0
NR_120312.1	602	15	0
NR_171948.1	588	1	0
NR_171926.1	757	1	0
NR_164580.1	617	1	0
NR_158949.1	696	1	0
NR_171869.1	618	13	0
NR_171841.1	683	9	0
NR_171839.1	644	83	0
NR_171827.1	677	1	0
NR_171799.1	567	2	0
NR_171785.1	554	2	0
NR_171769.1	541	2	0
NR_171754.1	706	2	0
NR_171752.1	711	1	0
NR_171751.1	708	2	0
NR_171265.1	671	2	0
NR_171374.1	622	1	0
NR_171372.1	623	4	0
NR_171369.1	618	1	0
NR_171368.1	634	8	0
NR_171365.1	623	6	0
NR_171362.1	620	5	0
NR_171361.1	623	3	0
NR_171360.1	625	3	0
NR_171359.1	623	1	0
NR_171357.1	633	6	0
NR_171356.1	623	1	0
NR_171352.1	616	5	0
NR_171350.1	612	1	0
NR_171347.1	623	1	0
NR_171345.1	647	2	0
NR_171344.1	625	1	0
NR_171341.1	634	2	0
NR_171340.1	625	3	0
NR_171339.1	635	7	0
NR_171334.1	612	2	0
NR_171331.1	623	2	0
NR_171330.1	593	3	0
NR_171327.1	621	1	0
NR_171326.1	631	5	0
NR_171325.1	669	1	0
NR_171322.1	629	5	0
NR_171321.1	583	5	0
NR_171320.1	628	7	0
NR_171318.1	634	9	0
NR_171315.1	639	9	0
NR_171314.1	593	5	0
NR_171313.1	599	2	0
NR_171312.1	611	2	0
NR_171308.1	623	5	0
NR_171305.1	591	3	0
NR_171292.1	727	1	0
NR_171267.1	976	7	0
NR_171262.1	563	1	0
NR_171211.1	584	1	0
NR_171162.1	613	2	0
NR_171156.1	612	1	0
NR_171155.1	614	3	0
NR_171153.1	621	1	0
NR_171151.1	624	2	0
NR_171148.1	604	5	0
NR_171146.1	586	2	0
NR_171144.1	608	4	0
NR_171142.1	611	2	0
NR_171141.1	614	1	0
NR_171140.1	617	5	0
NR_171139.1	622	1	0
NR_171137.1	614	1	0
NR_171135.1	584	4	0
NR_171133.1	625	1	0
NR_171132.1	622	4	0
NR_171131.1	612	2	0
NR_171130.1	608	3	0
NR_171128.1	608	4	0
NR_171126.1	619	7	0
NR_171125.1	623	4	0
NR_171124.1	563	3	0
NR_171123.1	619	6	0
NR_171121.1	617	1	0
NR_171120.1	551	2	0
NR_171117.1	611	2	0
NR_171116.1	622	4	0
NR_171114.1	618	3	0
NR_145301.1	603	1	0
NR_170856.1	596	3	0
NR_170855.1	595	7	0
NR_170854.1	619	8	0
NR_170853.1	626	5	0
NR_170852.1	637	11	0
NR_170851.1	637	11	0
NR_170850.1	629	8	0
NR_170849.1	628	5	0
NR_170846.1	618	4	0
NR_170844.1	638	8	0
NR_170843.1	599	3	0
NR_170842.1	533	1	0
NR_170840.1	631	12	0
NR_170816.1	560	1	0
NR_170772.1	705	1	0
NR_170749.1	538	4	0
NR_170738.1	815	27	0
NR_170723.1	675	11	0
NR_156500.1	728	1	0
NR_170029.1	618	2	0
NR_170026.1	632	2	0
NR_169997.1	766	1	0
NR_169943.1	675	4	0
NR_169921.1	704	1	0
NR_169894.1	643	3	0
NR_169890.1	526	4	0
NR_169706.1	559	1	0
NR_169697.1	729	3	0
NR_169687.1	481	1	0
NR_169685.1	719	2	0
NR_169668.1	795	4	0
NR_168751.1	703	7	0
NR_168750.1	699	13	0
NR_158374.1	667	234	0
NR_168426.1	687	1	0
NR_168425.1	687	2	0
NR_168410.1	606	1	0
NR_168250.1	653	1	0
NR_168167.1	585	2	0
NR_168142.1	715	1	0
NR_166037.1	662	5	0
NR_167960.1	706	1	0
NR_166794.1	641	1	0
NR_166381.1	661	2	0
NR_166377.1	611	1	0
NR_166308.1	603	1	0
NR_166302.1	780	5	0
NR_166281.1	607	1	0
NR_166278.1	704	795	0
NR_166237.1	641	4980	0
NR_166232.1	700	1470	0
NR_166223.1	659	2	0
NR_166388.1	702	1	0
NR_165983.1	901	3	0
NR_165965.1	624	1	0
NR_164070.1	665	1	0
NR_160610.1	697	6160	0
NR_160608.1	669	6	0
NR_153172.1	679	1	0
NR_153168.1	655	1	0
NR_153149.1	632	5	0
NR_121487.1	728	803	0
NR_165950.1	759	2	0
NR_165941.1	581	1	0
NR_165884.1	741	3	0
NR_121520.1	692	1	0
NR_120266.2	605	23	0
NR_119780.1	673	6	0
NR_119778.1	681	1	0
NR_119777.1	711	11	0
NR_119776.1	675	2	0
NR_119775.1	711	2	0
NR_119557.1	580	50	0
NR_119524.1	722	3	0
NR_119773.1	728	5	0
NR_164613.1	833	8	0
NR_164612.1	639	20	0
NR_164539.1	666	2	0
NR_164537.1	724	2	0
NR_164522.1	436	82	0
NR_164604.1	508	1	0
NR_164489.1	768	1	0
NR_164487.1	710	1	0
NR_164382.1	430	1	0
NR_164370.1	703	1	0
NR_164293.1	582	1	0
NR_164259.1	556	1	0
NR_164292.1	705	11	0
NR_164278.1	690	5	0
NR_164269.1	640	3	0
NR_164211.1	919	1	0
NR_164069.1	722	2	0
NR_164048.1	643	1	0
NR_164031.1	652	4	0
NR_164057.1	750	1	0
NR_111375.1	552	4	0
NR_163770.1	734	1	0
NR_163677.1	579	1	0
NR_155988.1	507	1	0
NR_155961.1	493	1	0
NR_154704.1	668	4	0
NR_154391.1	832	1	0
NR_153872.1	632	1	0
NR_153863.1	801	24	0
NR_153607.1	651	3	0
NR_153538.1	693	2	0
NR_152977.1	741	1	0
NR_145293.1	805	1	0
NR_120090.2	646	1	0
NR_138380.1	678	2	0
NR_132908.1	564	1	0
NR_132841.1	647	5451	0
NR_132075.1	494	1	0
NR_132054.1	1092	3	0
NR_132001.1	508	1	0
NR_121476.1	669	1	0
NR_121448.1	646	118	0
NR_121447.1	641	112	0
NR_121446.1	637	110	0
NR_121445.1	645	6	0
NR_121444.1	642	104	0
NR_121432.1	645	5	0
NR_121413.1	654	1	0
NR_121408.1	665	1	0
NR_121401.1	672	1	0
NR_121400.1	692	64	0
NR_121398.1	691	61	0
NR_121395.1	691	80	0
NR_121394.1	689	63	0
NR_121393.1	689	62	0
NR_121391.1	690	53	0
NR_121390.1	694	67	0
NR_121388.1	694	47	0
NR_121387.1	691	67	0
NR_121385.1	664	124	0
NR_121384.1	664	141	0
NR_121382.1	672	2	0
NR_121380.1	674	1	0
NR_121377.1	672	2	0
NR_121376.1	672	1	0
NR_121373.1	672	3	0
NR_121372.1	673	1	0
NR_121371.1	672	1	0
NR_121369.1	623	1778	0
NR_121368.1	621	1	0
NR_121367.1	612	1	0
NR_121339.1	804	11	0
NR_120089.1	694	1	0
NR_120007.1	665	1	0
NR_119652.1	668	4	0
NR_119650.1	681	6	0
NR_119644.1	713	7	0
NR_119625.1	648	3	0
NR_119590.1	749	6	0
NR_119555.1	747	1	0
NR_119554.1	824	75	0
NR_119543.1	814	1	0
NR_119539.1	578	1	0
NR_111664.1	598	5	0
NR_111586.1	601	1	0
NR_077169.1	664	1	0
NR_073317.1	600	1	0
NR_136945.1	533	1	0
NR_163315.1	693	2	0
NR_163314.1	655	2	0
NR_163299.1	592	4	0
NR_163298.1	698	1	0
NR_163297.1	689	5	0
NR_163274.1	631	1	0
NR_151796.1	484	2	0
NR_161072.1	786	1	0
NR_161037.1	777	2	0
NR_161005.1	468	8	0
NR_161041.1	718	1	0
NR_160573.1	628	1	0
NR_160568.1	638	1	0
NR_160490.1	646	1	0
NR_160459.1	834	6	0
NR_160453.1	642	1	0
NR_160451.1	658	1	0
NR_160448.1	701	1	0
NR_160440.1	662	5	0
NR_160330.1	684	13	0
NR_160058.1	552	1	0
NR_160261.1	782	4	0
NR_160239.1	807	2	0
NR_160167.1	475	2	0
NR_160139.1	692	3	0
NR_160102.1	718	1	0
NR_160089.1	480	2	0
NR_159832.1	686	799	0
NR_159831.1	704	865	0
NR_159823.1	725	5	0
NR_159781.1	639	9	0
NR_119415.2	697	608	0
NR_119394.2	655	2	0
NR_121550.1	672	1	0
NR_121542.1	712	4	0
NR_121535.1	703	1	0
NR_121532.1	682	105	0
NR_121505.1	625	1	0
NR_121465.1	627	2	0
NR_121458.1	797	1406	0
NR_121347.1	685	3	0
NR_121330.1	680	1	0
NR_121307.1	592	9	0
NR_121306.1	593	11	0
NR_121303.1	620	4	0
NR_121301.1	589	18	0
NR_121294.1	607	2	0
NR_121274.1	796	1	0
NR_120304.1	582	1	0
NR_120163.1	644	8	0
NR_120157.1	674	1	0
NR_120146.1	614	1	0
NR_120048.1	572	2	0
NR_120047.1	584	1	0
NR_120038.1	692	1	0
NR_120035.1	609	690	0
NR_120026.1	1171	3	0
NR_120025.1	850	200	0
NR_119993.1	572	1	0
NR_119981.1	684	1	0
NR_119977.1	603	1	0
NR_119968.1	687	4	0
NR_119949.1	691	1	0
NR_119946.1	702	1	0
NR_119930.1	633	5	0
NR_119897.1	600	1	0
NR_119895.1	560	2	0
NR_119876.1	685	1	0
NR_119826.1	672	2	0
NR_119810.1	723	2	0
NR_119803.1	724	6	0
NR_119802.1	742	5	0
NR_119800.1	724	5	0
NR_119797.1	712	2	0
NR_119793.1	699	8	0
NR_119792.1	720	3	0
NR_119790.1	725	5	0
NR_119789.1	721	8	0
NR_119788.1	717	8	0
NR_119787.1	723	8	0
NR_119786.1	672	5	0
NR_119785.1	669	7	0
NR_119783.1	726	5	0
NR_119781.1	749	10	0
NR_119774.1	728	7	0
NR_119772.1	671	8	0
NR_119766.1	658	12	0
NR_119764.1	732	1	0
NR_119743.1	556	2	0
NR_119695.1	698	3	0
NR_119692.1	707	1	0
NR_119601.1	597	1	0
NR_119586.1	685	1	0
NR_119585.1	685	1	0
NR_119581.1	617	2	0
NR_119566.1	476	2	0
NR_119559.1	755	2	0
NR_119504.1	598	1	0
NR_119498.1	497	1	0
NR_119448.1	615	1	0
NR_119439.1	697	2	0
NR_119416.1	506	583	0
NR_119390.1	770	4	0
NR_111475.1	674	1	0
NR_111048.1	638	2	0
NR_111008.1	595	2	0
NR_103612.1	631	5	0
NR_077168.1	529	1	0
NR_073320.1	613	1	0
NR_073287.1	626	1	0
NR_073284.1	597	1	0
NR_073250.1	691	1	0
NR_073236.1	741	1	0
NR_073233.1	688	2	0
NR_073228.1	642	1	0
NR_073225.1	647	1	0
NR_138434.1	593	1	0
NR_159623.1	572	2	0
NR_159622.1	592	1	0
NR_159611.1	556	1	0
NR_159596.1	563	1	0
NR_159588.1	548	1	0
NR_159586.1	662	1	0
NR_159581.1	553	1	0
NR_159567.1	612	2	0
NR_159061.1	684	25	0
NR_159015.1	606	1	0
NR_155318.1	638	2	0
NR_153137.1	774	1	0
NR_152367.1	602	1	0
NR_152366.1	691	1	0
NR_137923.1	547	3	0
NR_158945.1	549	594	0
NR_158944.1	616	583	0
NR_158943.1	580	613	0
NR_158926.1	707	3166	0
NR_158925.1	530	1	0
NR_158924.1	505	1552	0
NR_158922.1	509	7	0
NR_158906.1	752	3	0
NR_158877.1	758	1	0
NR_158836.1	612	4	0
NR_158817.1	601	1	0
NR_158794.1	578	2	0
NR_158525.1	500	1	0
NR_158485.1	766	1	0
NR_158471.1	637	1	0
NR_158461.1	862	5	0
NR_158460.1	695	7756	0
NR_158442.1	715	4	0
NR_158432.1	626	1	0
NR_158407.1	636	4	0
NR_158400.1	716	1	0
NR_158347.1	613	9	0
NR_158341.1	567	1	0
NR_158299.1	762	6	0
NR_157977.1	721	8	0
NR_157967.1	701	1	0
NR_157965.1	698	2	0
NR_157960.1	699	1	0
NR_157958.1	694	3	0
NR_157957.1	699	1	0
NR_157948.1	700	1	0
NR_157943.1	700	3	0
NR_157929.1	695	2	0
NR_157920.1	728	4	0
NR_157919.1	648	2	0
NR_157915.1	645	758	0
NR_157914.1	682	1	0
NR_157909.1	695	1	0
NR_157907.1	675	1	0
NR_157899.1	670	3	0
NR_157895.1	677	1	0
NR_157887.1	699	1	0
NR_157870.1	727	6	0
NR_157868.1	749	1	0
NR_157859.1	679	1	0
NR_157547.1	498	1	0
NR_157486.1	769	2	0
NR_157461.1	537	1	0
NR_157436.1	469	1	0
NR_156553.1	1045	1	0
NR_156560.1	573	1	0
NR_156359.1	653	1	0
NR_156358.1	652	1	0
NR_156300.1	761	13	0
NR_156245.1	621	12	0
NR_153094.1	602	1	0
NR_153091.1	624	1	0
NR_153066.1	614	1	0
NR_153027.1	677	1	0
NR_148121.1	712	1	0
NR_148120.1	632	1	0
NR_131808.1	721	2	0
NR_156661.1	595	8	0
NR_156635.1	682	1	0
NR_156607.1	604	2	0
NR_156569.1	653	1	0
NR_156554.1	702	1	0
NR_156539.1	668	1	0
NR_156527.1	728	2	0
NR_156191.1	485	2	0
NR_155984.1	670	6	0
NR_155933.1	575	8560	0
NR_155922.1	806	2	0
NR_155916.1	560	1	0
NR_155910.1	661	785	0
NR_155848.1	508	1	0
NR_155847.1	501	123	0
NR_155846.1	625	4	0
NR_155844.1	683	34	0
NR_155808.1	565	2	0
NR_155789.1	760	1	0
NR_155729.1	675	2	0
NR_155719.1	687	492	0
NR_155707.1	609	3	0
NR_155695.1	500	12	0
NR_155616.1	541	1	0
NR_155582.1	787	1	0
NR_155564.1	500	1	0
NR_155406.1	804	1	0
NR_155402.1	394	1	0
NR_155366.1	725	2	0
NR_155334.1	588	118	0
NR_155322.1	649	1	0
NR_155312.1	634	1	0
NR_155182.1	633	3	0
NR_155147.1	440	1	0
NR_155098.1	635	2	0
NR_155092.1	745	1	0
NR_155064.1	615	2	0
NR_155020.1	595	3	0
NR_155007.1	544	3	0
NR_154872.1	666	1	0
NR_154835.1	630	1	0
NR_154833.1	649	1	0
NR_154826.1	801	1	0
NR_154823.1	558	1	0
NR_154802.1	754	1	0
NR_154793.1	659	1	0
NR_154767.1	667	8	0
NR_154700.1	498	2	0
NR_154669.1	892	385	0
NR_154649.1	699	1	0
NR_154645.1	658	1	0
NR_154536.1	766	13	0
NR_154534.1	579	3	0
NR_154533.1	577	4	0
NR_154506.1	588	1	0
NR_154494.1	701	2	0
NR_154493.1	645	1	0
NR_154477.1	581	1	0
NR_154470.1	699	13	0
NR_154396.1	833	8	0
NR_154357.1	505	9	0
NR_154354.1	600	214	0
NR_154330.1	734	4	0
NR_154299.1	706	2	0
NR_154251.1	605	1	0
NR_154250.1	596	1	0
NR_154200.1	596	4	0
NR_154152.1	792	12	0
NR_154149.1	609	2	0
NR_154136.1	658	8	0
NR_154135.1	616	625	0
NR_154132.1	727	1	0
NR_154119.1	675	13	0
NR_154114.1	710	1	0
NR_154081.1	671	1441	0
NR_154032.1	684	1	0
NR_154021.1	723	3	0
NR_154000.1	684	110	0
NR_153991.1	762	7	0
NR_153913.1	717	3	0
NR_153875.1	764	1	0
NR_153639.1	559	2	0
NR_153636.1	556	2	0
NR_153562.1	524	1	0
NR_153555.1	525	1	0
NR_153525.1	717	1029	0
NR_153482.1	543	794	0
NR_153466.1	724	2	0
NR_153456.1	631	2	0
NR_153449.1	677	723	0
NR_153080.1	703	11	0
NR_153079.1	651	1	0
NR_153077.1	753	2	0
NR_153056.1	624	1	0
NR_153040.1	690	737	0
NR_153039.1	682	901	0
NR_153036.1	728	8	0
NR_153030.1	612	1	0
NR_152990.1	638	1	0
NR_152898.1	654	2	0
NR_152487.1	720	1	0
NR_144998.1	689	1	0
NR_137919.1	668	1	0
NR_137550.1	626	1	0
NR_135954.1	633	1	0
NR_132869.1	584	1	0
NR_132060.1	623	1	0
NR_131857.1	697	6	0
NR_131846.1	619	2	0
NR_130212.1	669	782	0
NR_153078.1	665	3	0
NR_153069.1	691	8	0
NR_153061.1	611	2	0
NR_153058.1	614	1	0
NR_153054.1	618	3	0
NR_153032.1	584	7	0
NR_153029.1	613	802	0
NR_153013.1	664	3	0
NR_153008.1	697	1	0
NR_152996.1	664	1	0
NR_152920.1	824	1	0
NR_152891.1	693	1	0
NR_152489.1	559	3	0
NR_152324.1	705	1	0
NR_151842.1	866	5846	0
NR_151806.1	583	1	0
NR_151797.1	628	3	0
NR_151766.1	656	1	0
NR_151759.1	665	2	0
NR_149345.1	654	2	0
NR_148110.1	772	2	0
NR_148109.1	667	3	0
NR_148108.1	706	1	0
NR_148069.1	669	3	0
NR_147657.1	682	1	0
NR_147573.1	585	2	0
NR_147528.1	744	415	0
NR_147342.1	649	1	0
NR_146256.1	715	1	0
NR_145382.1	875	100	0
NR_145335.1	719	1398	0
NR_145305.1	764	1	0
NR_145001.1	716	1	0
NR_144901.1	637	336	0
NR_144842.1	699	4	0
NR_126138.2	491	66	0
NR_138411.1	617	5	0
NR_138395.1	692	1	0
NR_138387.1	684	3595	0
NR_138383.1	657	1	0
NR_138306.1	728	1	0
NR_138234.1	641	10	0
NR_138220.1	469	32	0
NR_138012.1	646	1	0
NR_137884.1	626	1	0
NR_137864.1	744	1	0
NR_137829.1	788	2	0
NR_137773.1	645	1	0
NR_137731.1	627	1	0
NR_137126.1	635	1	0
NR_132936.1	500	1	0
NR_132932.1	561	1	0
NR_132906.1	608	1	0
NR_132860.1	683	3	0
NR_132858.1	652	1	0
NR_132851.1	636	1	0
NR_132836.1	641	3	0
NR_132830.1	768	1	0
NR_132808.1	660	1	0
NR_131885.1	619	1	0
NR_131881.1	618	1	0
NR_131879.1	602	2	0
NR_131878.1	588	1	0
NR_131877.1	664	1	0
NR_131872.1	665	4	0
NR_131862.1	715	2	0
NR_131856.1	677	1	0
NR_130677.1	340	2	0
NR_130298.1	707	8	0
NR_130287.1	726	7	0
NR_130218.1	727	5	0
NR_126151.1	803	110	0
NR_126147.1	705	1	0
NR_144889.1	710	1	0
NR_151753.1	733	9	0
NR_148070.1	769	1	0
NR_137795.1	787	2	0
NR_131884.1	613	1	0
NR_131869.1	696	1	0
NR_131858.1	708	1	0
NR_131855.1	708	3	0
NR_131840.1	622	1	0
NR_131837.1	628	6	0
NR_131833.1	649	1	0
NR_131832.1	625	9	0
NR_131831.1	611	1	0
NR_131807.1	612	1453	0
NR_131798.1	705	807	0
NR_131796.1	679	1	0
NR_153250.1	794	1	0
NR_153234.1	586	1	0
NR_153177.1	611	2	0
NR_153173.1	676	10	0
NR_153162.1	716	1	0
NR_153153.1	723	1	0
NR_153148.1	574	7	0
NR_153143.1	617	1	0
NR_153132.1	706	1	0
NR_153084.1	602	11	0
NR_148101.1	604	2	0
NR_147540.1	632	3	0
NR_147537.1	659	1	0
NR_147535.1	633	1	0
NR_147305.1	616	4	0
NR_145056.1	724	2	0
NR_144920.1	549	1	0
NR_144770.1	686	1	0
NR_137869.1	619	1	0
NR_137817.1	513	2	0
NR_137812.1	578	1	0
NR_137730.1	473	1	0
NR_137710.1	803	1385	0
NR_137704.1	724	1	0
NR_137703.1	630	2	0
NR_137682.1	428	2	0
NR_137597.1	720	1	0
NR_137596.1	729	1	0
NR_137595.1	723	1	0
NR_137545.1	569	3	0
NR_137151.1	673	1	0
NR_137106.1	641	1	0
NR_137105.1	637	2	0
NR_137104.1	628	2	0
NR_137103.1	636	1	0
NR_137088.1	721	2	0
NR_137021.1	682	2	0
NR_136956.1	625	12	0
NR_152347.1	748	2	0
NR_152328.1	695	2	0
NR_152327.1	721	1	0
NR_138392.1	710	1	0
