NR_177920.1	1465	1	0
NR_177911.1	1484	12	0
NR_177906.1	1504	1	0
NR_177904.1	1464	12	0
NR_177903.1	1461	5	0
NR_177902.1	1464	10	0
NR_177891.1	1479	10	0
NR_177889.1	1460	1	0
NR_177886.1	1464	1	0
NR_177885.1	1427	25	0
NR_177882.1	1465	4	0
NR_177881.1	1465	2	0
NR_177880.1	1463	6	0
NR_177876.1	1455	17	0
NR_177871.1	1163	11	0
NR_177868.1	1160	114	0
NR_177867.1	1160	93	0
NR_177866.1	1162	86	0
NR_177863.1	1124	3	0
NR_177862.1	1462	27	0
NR_177858.1	1382	1	0
NR_177849.1	1166	2	0
NR_177848.1	1121	2	0
NR_177847.1	1462	16	0
NR_177846.1	1468	1	0
NR_177841.1	1144	10	0
NR_177840.1	1144	3	0
NR_177839.1	1144	3	0
NR_177838.1	1144	1	0
NR_177837.1	1144	33	0
NR_177836.1	1144	1	0
NR_177835.1	1144	5	0
NR_177834.1	1144	1	0
NR_177832.1	1144	2	0
NR_177831.1	1145	4	0
NR_177830.1	1144	1	0
NR_177829.1	1144	2	0
NR_177828.1	1144	2	0
NR_177827.1	1144	4	0
NR_177825.1	1163	4	0
NR_177822.1	1145	1	0
NR_177816.1	1145	2	0
NR_177815.1	1145	4	0
NR_177814.1	1145	4	0
NR_177813.1	1145	2	0
NR_177812.1	1145	2	0
NR_177811.1	1145	1	0
NR_177804.1	1389	2	0
NR_177803.1	1554	1	0
NR_177802.1	1554	2	0
NR_177801.1	1554	2	0
NR_177799.1	1163	4	0
NR_177786.1	1143	2	0
NR_177785.1	1143	8	0
NR_177784.1	1143	4	0
NR_177783.1	1143	3	0
NR_177782.1	1143	4	0
NR_177780.1	1144	4	0
NR_177779.1	1143	6	0
NR_177778.1	1162	3	0
NR_177777.1	1481	7	0
NR_177776.1	1447	1	0
NR_177775.1	1164	1	0
NR_177774.1	1164	1	0
NR_177767.1	1438	5	0
NR_177758.1	1484	5	0
NR_177748.1	1481	61	0
NR_177737.1	1485	2	0
NR_177735.1	1450	2	0
NR_177734.1	1478	8	0
NR_177732.1	1485	1	0
NR_177729.1	1485	1	0
NR_177724.1	1464	1	0
NR_177714.1	1543	34	0
NR_177705.1	1393	3	0
NR_177701.1	1293	29	0
NR_177700.1	1461	29	0
NR_177699.1	1453	34	0
NR_177692.1	1415	16	0
NR_177691.1	1414	14	0
NR_177690.1	1414	11	0
NR_177689.1	1392	1	0
NR_177688.1	1471	43	0
NR_177684.1	1410	4	0
NR_177681.1	1146	429	0
NR_177679.1	1482	1	0
NR_177676.1	1485	4	0
NR_177675.1	1285	2	0
NR_177671.1	1462	19	0
NR_177669.1	1430	9	0
NR_177668.1	1442	9	0
NR_177665.1	1311	6	0
NR_177664.1	1292	16	0
NR_177659.1	1477	1	0
NR_177047.1	1481	1	0
NR_177044.1	1067	3	0
NR_177040.1	1430	10	0
NR_177032.1	1455	9	0
NR_177031.1	1449	1	0
NR_177025.1	1162	1	0
NR_177022.1	1163	1	0
NR_177019.1	1464	3	0
NR_177016.1	1164	2	0
NR_177015.1	1164	3	0
NR_177007.1	1478	1	0
NR_176994.1	1443	51	0
NR_176992.1	1295	1	0
NR_176989.1	1042	1	0
NR_176987.1	1485	11	0
NR_118672.1	1490	3	0
NR_115816.1	1408	10	0
NR_116306.1	1448	1	0
NR_176804.1	1504	22	0
NR_176606.1	1200	20	0
NR_176604.1	1320	6	0
NR_176602.1	1234	1	0
NR_176597.1	1279	1	0
NR_176595.1	1500	9	0
NR_176593.1	1144	1	0
NR_176589.1	1435	45	0
NR_176586.1	1444	3	0
NR_176580.1	1001	21	0
NR_176579.1	746	11	0
NR_176578.1	1002	1	0
NR_176576.1	1002	7	0
NR_176575.1	1350	13	0
NR_176573.1	1500	1	0
NR_176565.1	1143	1	0
NR_176561.1	1143	1	0
NR_176553.1	1500	40	0
NR_176552.1	1500	42	0
NR_176551.1	1519	3	0
NR_176550.1	1478	1	0
NR_176542.1	1487	1	0
NR_176539.1	1500	22	0
NR_176526.1	1481	6	0
NR_176521.1	1480	2	0
NR_176519.1	1407	7	0
NR_176517.1	1354	15	0
NR_176515.1	1477	9	0
NR_176514.1	1471	15	0
NR_176511.1	1500	18	0
NR_176510.1	1500	11	0
NR_176504.1	1477	12	0
NR_176501.1	1471	14	0
NR_176498.1	1500	4	0
NR_176497.1	1500	4	0
NR_176494.1	1500	8	0
NR_176493.1	640	17	0
NR_176487.1	1509	1	0
NR_176486.1	1445	19	0
NR_176484.1	1353	31	0
NR_176481.1	1395	4	0
NR_176477.1	1370	6	0
NR_176475.1	1489	96	0
NR_172677.2	1490	35	0
NR_172660.2	1483	35	0
NR_172708.1	1484	1	0
NR_172619.1	1368	1	0
NR_172618.1	1380	1	0
NR_176791.1	1464	1	0
NR_176790.1	1462	1	0
NR_175592.1	1491	1	0
NR_175585.1	1493	1	0
NR_175584.1	1536	2	0
NR_175582.1	1534	1	0
NR_175565.1	1470	1	0
NR_175559.1	1540	1	0
NR_175547.1	1528	4	0
NR_175546.1	1406	1	0
NR_175535.1	1353	1	0
NR_175500.1	1359	6	0
NR_175479.1	1451	1	0
NR_175451.1	1257	139	0
NR_175446.1	1452	1	0
NR_175430.1	1457	3	0
NR_171396.1	1544	2	0
NR_171395.1	1543	1	0
NR_169444.1	1487	3	0
NR_169364.1	1418	1	0
NR_165768.1	1462	2	0
NR_165728.1	1451	1	0
NR_159904.1	1447	1	0
NR_158146.1	1391	4	0
NR_157983.1	1420	1	0
NR_157784.1	1449	5	0
NR_156853.1	1451	15	0
NR_134842.2	1498	32	0
NR_074469.2	1498	4	0
NR_146362.2	1485	18	0
NR_146667.2	1522	1469	0
NR_148578.1	1408	334	0
NR_146661.1	1450	2	0
NR_146371.1	1299	2	0
NR_145895.1	1461	2	0
NR_144578.1	1506	1	0
NR_137210.1	1498	1	0
NR_136872.1	1342	1	0
NR_136871.1	1341	1	0
NR_136830.1	1405	1	0
NR_136464.1	1510	1	0
NR_135732.1	1409	3	0
NR_134140.1	1419	1	0
NR_134139.1	1500	15	0
NR_134028.1	1409	3	0
NR_133978.1	1455	2	0
NR_132669.1	1448	1	0
NR_125691.1	1419	11	0
NR_125600.1	1499	14	0
NR_125557.1	1419	1	0
NR_122091.1	1542	1	0
NR_121715.1	1543	1	0
NR_119370.1	1484	61	0
NR_118973.1	1359	1	0
NR_118636.1	1418	136	0
NR_118533.1	1515	2	0
NR_118471.1	1529	5	0
NR_118442.1	1291	2	0
NR_118437.1	1466	1	0
NR_118382.1	1499	3	0
NR_118177.1	1352	1	0
NR_118101.1	1436	1	0
NR_117650.1	1414	11	0
NR_117577.1	1504	1	0
NR_117473.1	1495	7	0
NR_117262.1	1431	1	0
NR_117053.1	1386	1	0
NR_116873.1	1394	3	0
NR_116757.1	1387	54	0
NR_116552.1	1412	1	0
NR_116443.1	1541	2	0
NR_116036.1	1507	1	0
NR_115953.1	1533	12	0
NR_115659.1	1405	1	0
NR_115603.1	1433	2	0
NR_115044.1	1387	3	0
NR_115043.1	1429	1	0
NR_114713.1	1500	39	0
NR_114151.1	1412	1	0
NR_114149.1	1407	4	0
NR_114148.1	1408	1	0
NR_114094.1	1475	1	0
NR_114085.1	1411	1	0
NR_113989.1	1475	20	0
NR_113969.1	1496	3	0
NR_113820.1	1501	1	0
NR_113811.1	1408	1	0
NR_113800.1	1478	6	0
NR_113777.1	1475	1	0
NR_113776.1	1477	2	0
NR_113674.1	1414	4	0
NR_113338.1	1492	1	0
NR_113334.1	1491	1	0
NR_113290.1	1562	1	0
NR_113194.1	1541	1	0
NR_113001.1	1566	2	0
NR_112636.1	1477	6	0
NR_112065.1	1511	1	0
NR_109150.1	1418	2	0
NR_109135.1	1466	1	0
NR_109061.1	1389	1	0
NR_108906.1	1519	1	0
NR_104926.1	1500	1	0
NR_044647.2	1486	3	0
NR_102936.1	1500	1	0
NR_102852.1	1519	130	0
NR_074142.1	1451	1	0
NR_074958.1	1549	1	0
NR_074910.1	1544	2862	0
NR_074799.1	1534	32	0
NR_074617.1	1520	4	0
NR_074517.1	1510	4	0
NR_074246.1	1477	1	0
NR_074243.1	1476	1	0
NR_044450.1	1408	1	0
NR_044415.1	1403	1	0
NR_043999.1	1476	1	0
NR_043533.1	1498	1	0
NR_043401.1	1486	1	0
NR_043184.1	1476	4	0
NR_043014.1	1446	1	0
NR_042974.1	1493	1	0
NR_042600.1	1387	2	0
NR_042599.1	1387	4	0
NR_042589.1	1387	3	0
NR_042417.1	1477	1	0
NR_042114.1	1440	1	0
NR_041770.1	1469	7	0
NR_041378.1	1499	1	0
NR_041263.1	1507	3	0
NR_040957.1	1482	1	0
NR_044533.1	1371	1	0
NR_043268.1	1437	1	0
NR_043146.1	1478	1	0
NR_043112.1	1442	1	0
NR_043092.1	1472	1	0
NR_037000.1	1492	5	0
NR_029133.1	1519	1	0
NR_028901.1	1472	3	0
NR_028894.1	1505	12	0
NR_028852.1	1325	2	0
NR_028699.1	1522	1	0
NR_027575.1	1540	3	0
NR_025090.1	1513	2	0
NR_024817.1	1504	1	0
NR_024691.1	1529	6	0
NR_026531.1	1446	4	0
NR_026133.1	1481	5	0
NR_025954.1	1442	1	0
NR_174342.1	1485	1	0
NR_174339.1	1489	61	0
NR_174333.1	1486	1	0
NR_174322.1	1485	1	0
NR_174300.1	1538	12	0
NR_174287.1	1366	1	0
NR_174270.1	1445	25	0
NR_174260.1	1464	2	0
NR_174258.1	1528	35	0
NR_174202.1	1490	2	0
NR_174198.1	1352	12	0
NR_173698.1	1470	1	0
NR_173694.1	1467	2	0
NR_173684.1	1399	2	0
NR_173673.1	1447	30	0
NR_173665.1	1473	1	0
NR_173655.1	1403	22	0
NR_173654.1	1379	20	0
NR_173629.1	1413	2	0
NR_173628.1	1533	1	0
NR_173614.1	1451	1	0
NR_173610.1	1543	37	0
NR_173607.1	1497	12	0
NR_173598.1	1456	1	0
NR_173591.1	1432	1	0
NR_173587.1	1528	139	0
NR_173586.1	1523	142	0
NR_173585.1	1525	122	0
NR_173584.1	1533	141	0
NR_173583.1	1533	134	0
NR_173582.1	1533	146	0
NR_173581.1	1526	146	0
NR_173580.1	1529	140	0
NR_173579.1	1504	116	0
NR_173578.1	1523	132	0
NR_173577.1	1524	124	0
NR_173576.1	1523	119	0
NR_173575.1	1525	126	0
NR_173574.1	1515	124	0
NR_173573.1	1532	1	0
NR_173572.1	1546	151	0
NR_173571.1	1546	116	0
NR_173567.1	1532	130	0
NR_173566.1	1522	133	0
NR_173565.1	1518	124	0
NR_173564.1	1528	140	0
NR_173563.1	1528	127	0
NR_173562.1	1535	152	0
NR_173561.1	1507	127	0
NR_173559.1	1534	114	0
NR_173558.1	1542	125	0
NR_173557.1	1526	132	0
NR_173555.1	1497	133	0
NR_173554.1	1520	153	0
NR_173552.1	1527	124	0
NR_173551.1	1538	1	0
NR_173536.1	1459	7	0
NR_173519.1	1388	1	0
NR_026538.1	1497	3	0
NR_172706.1	1161	2	0
NR_172705.1	1161	2	0
NR_172704.1	1162	1	0
NR_172692.1	1162	5	0
NR_172691.1	1162	4	0
NR_172690.1	1162	6	0
NR_172689.1	1479	1	0
NR_172686.1	1139	1	0
NR_172683.1	1139	9	0
NR_172676.1	1161	1	0
NR_172675.1	1162	2	0
NR_172674.1	1161	78	0
NR_172673.1	1161	3	0
NR_172661.1	1163	3	0
NR_172659.1	1167	1	0
NR_172653.1	1459	1	0
NR_172621.1	979	14	0
NR_172613.1	1068	4	0
NR_172612.1	1161	1	0
NR_172606.1	1463	88	0
NR_172605.1	1477	60	0
NR_172604.1	1478	24	0
NR_172603.1	1477	211	0
NR_172599.1	1310	1	0
NR_172597.1	1286	53	0
NR_172592.1	1488	1	0
NR_172581.1	1471	1	0
NR_172579.1	1498	32	0
NR_172569.1	1412	1	0
NR_171532.1	1475	2	0
NR_171525.1	1492	1	0
NR_171524.1	1497	1	0
NR_171515.1	1463	8	0
NR_171514.1	1508	1	0
NR_171510.1	1500	3	0
NR_171508.1	1487	1	0
NR_171449.1	1464	1	0
NR_171440.1	1492	1	0
NR_171437.1	1317	1	0
NR_171417.1	1078	47	0
NR_171410.1	1525	1	0
NR_170530.1	1485	1	0
NR_170524.1	1485	1	0
NR_170519.1	1485	1	0
NR_170506.1	1499	1	0
NR_170503.1	1491	4	0
NR_170473.1	1446	1	0
NR_170465.1	1412	75	0
NR_170441.1	1360	2	0
NR_170426.1	1462	19	0
NR_170414.1	1361	2	0
NR_170401.1	1523	1	0
NR_170392.1	1532	1	0
NR_170502.1	1571	1	0
NR_169498.1	1540	3	0
NR_169495.1	1459	1	0
NR_169478.1	1499	9	0
NR_169476.1	1536	956	0
NR_169468.1	1495	8	0
NR_169448.1	1465	3	0
NR_169380.1	1452	1	0
NR_169374.1	1480	1	0
NR_169366.1	1460	1	0
NR_169362.1	1533	1	0
NR_169346.1	1554	1	0
NR_169343.1	1440	1	0
NR_169334.1	1500	6	0
NR_169333.1	1500	118	0
NR_169332.1	1532	131	0
NR_169331.1	1532	142	0
NR_169330.1	1532	132	0
NR_169329.1	1540	142	0
NR_169328.1	1536	140	0
NR_169320.1	1521	142	0
NR_169486.1	1429	2	0
NR_169481.1	1413	1	0
NR_169467.1	1481	1	0
NR_169463.1	1412	1	0
NR_169447.1	1533	2	0
NR_169425.1	1325	2	0
NR_169339.1	1400	3	0
NR_169336.1	1418	3	0
NR_169327.1	1535	122	0
NR_169326.1	1534	138	0
NR_169319.1	1506	5	0
NR_169318.1	1508	1	0
NR_165781.1	1515	1	0
NR_165776.1	1493	1	0
NR_165748.1	1538	10	0
NR_165730.1	1505	1	0
NR_165721.1	1413	1	0
NR_165712.1	1564	3	0
NR_165707.1	1458	2	0
NR_165706.1	1533	1	0
NR_165695.1	1475	1	0
NR_165691.1	1405	2	0
NR_165663.1	1565	1	0
NR_165024.1	1424	1	0
NR_164992.1	1453	1	0
NR_164974.1	1502	1	0
NR_164973.1	1422	11	0
NR_164972.1	1390	1	0
NR_164971.1	1390	2	0
NR_164945.1	1480	1	0
NR_164943.1	1524	1	0
NR_164942.1	1427	1	0
NR_164939.1	1386	1	0
NR_164937.1	1409	8	0
NR_164904.1	1433	3	0
NR_164901.1	1483	1	0
NR_164882.1	1438	3	0
NR_164869.1	1517	1	0
NR_164867.1	1454	1	0
NR_164619.1	1418	10	0
NR_163658.1	1455	1	0
NR_163651.1	1449	63	0
NR_117837.1	1502	2	0
NR_044680.2	1503	1	0
NR_159926.1	1530	3	0
NR_159925.1	1530	54	0
NR_159914.1	1499	2	0
NR_159908.1	1537	1	0
NR_159348.1	1541	1	0
NR_159340.1	1549	1	0
NR_159318.1	1456	2	0
NR_159317.1	1454	47	0
NR_159313.1	1497	1	0
NR_159311.1	1453	2	0
NR_159255.1	1542	57	0
NR_159241.1	1540	4	0
NR_159235.1	1503	60	0
NR_159232.1	1455	115	0
NR_159221.1	1420	1	0
NR_159178.1	1451	1	0
NR_159174.1	1436	2	0
NR_159166.1	1466	1	0
NR_159128.1	1459	1	0
NR_159115.1	1466	1	0
NR_159098.1	1394	146	0
NR_159086.1	1534	37	0
NR_159085.1	1542	257	0
NR_159084.1	1542	64	0
NR_159083.1	1542	56	0
NR_158106.1	1487	1	0
NR_158058.1	1450	3	0
NR_158050.1	1420	124	0
NR_158026.1	1488	3	0
NR_158006.1	1421	1	0
NR_157993.1	1443	2	0
NR_157795.1	1399	2	0
NR_157794.1	1413	1	0
NR_157778.1	1537	7	0
NR_157777.1	1531	6	0
NR_157775.1	1396	2	0
NR_157762.1	1525	1	0
NR_157752.1	1413	1	0
NR_157748.1	1383	1	0
NR_157743.1	1467	1	0
NR_157742.1	1553	1	0
NR_157722.1	1440	1	0
NR_157710.1	1457	1	0
NR_157683.1	1456	3	0
NR_157680.1	1452	2	0
NR_157658.1	1535	51	0
NR_157657.1	1432	1	0
NR_157637.1	1484	1	0
NR_157634.1	1405	4	0
NR_157602.1	1551	1	0
NR_157018.1	1420	1	0
NR_157016.1	1449	1	0
NR_156997.1	1463	1	0
NR_156995.1	1358	1	0
NR_156992.1	1450	2	0
NR_156989.1	1539	4	0
NR_156982.1	1517	8	0
NR_156932.1	1288	3	0
NR_156931.1	1281	4	0
NR_156930.1	1368	6	0
NR_156924.1	1526	1	0
NR_156914.1	1439	139	0
NR_156911.1	1491	2	0
NR_156901.1	1544	6	0
NR_156877.1	1510	1	0
NR_156869.1	1478	1	0
NR_156868.1	1460	1	0
NR_156857.1	1431	1	0
NR_156856.1	1431	1	0
NR_156855.1	1541	2	0
NR_156848.1	1455	1	0
NR_156846.1	1455	1	0
NR_156801.1	1544	1	0
NR_156154.1	1547	1	0
NR_156098.1	1469	10	0
NR_156094.1	1491	1	0
NR_156092.1	1419	3	0
NR_156087.1	1447	2	0
NR_156062.1	1488	2	0
NR_156049.1	1394	3	0
NR_153752.1	1543	41	0
NR_153736.1	1415	2	0
NR_153720.1	1409	2	0
NR_153719.1	1258	1	0
NR_153712.1	1362	1	0
NR_153664.1	1532	2	0
NR_152705.1	1492	3	0
NR_152631.1	1547	1	0
NR_152630.1	1547	2	0
NR_152629.1	1547	1	0
NR_152628.1	1547	4	0
NR_152089.1	1538	1	0
NR_152088.1	1493	2	0
NR_152074.1	1423	3	0
NR_152073.1	1443	3	0
NR_152072.1	1445	2	0
NR_152066.1	1430	1	0
NR_152002.1	1455	2	0
NR_151916.1	1489	1	0
NR_151914.1	1426	2	0
NR_151913.1	1448	1	0
NR_151905.1	1515	1	0
NR_109112.1	1484	1	0
NR_074480.2	1498	9	0
NR_074484.2	1498	13	0
NR_074459.2	1498	5	0
NR_074473.2	1498	6	0
NR_074499.2	1481	3	0
NR_042374.2	1560	1	0
NR_132700.2	1456	2	0
NR_136501.2	1537	5	0
NR_102476.2	1482	3	0
NR_074335.2	1488	55	0
NR_103935.2	1485	1	0
NR_116361.2	1486	1	0
NR_118693.2	1489	15	0
NR_109025.2	1479	1	0
NR_145956.2	1489	1	0
NR_149807.1	1389	1	0
NR_149803.1	1485	1	0
NR_149302.1	1542	10	0
NR_149220.1	1425	1	0
NR_149218.1	1435	3	0
NR_149201.1	1477	1	0
NR_108597.1	1457	2	0
NR_148849.1	1463	4	0
NR_148820.1	1348	44	0
NR_148753.1	1533	1	0
NR_148752.1	1533	1	0
NR_148663.1	1414	4	0
NR_148661.1	1450	1	0
NR_148650.1	1454	37	0
NR_148649.1	1444	29	0
NR_148634.1	1525	1	0
NR_148629.1	1467	1	0
NR_148603.1	1490	1	0
NR_148601.1	1456	1	0
NR_148598.1	1490	125	0
NR_148595.1	1512	1	0
NR_148573.1	1499	3	0
NR_148569.1	1065	5	0
NR_148327.1	1448	1	0
NR_148323.1	1372	1	0
NR_148246.1	1409	9	0
NR_147783.1	1478	1	0
NR_147782.1	1457	3	0
NR_147774.1	1528	104	0
NR_147771.1	1454	3	0
NR_147752.1	1516	1	0
NR_147733.1	1462	1	0
NR_147712.1	1478	1	0
NR_147393.1	1464	64	0
NR_146848.1	1345	3	0
NR_146847.1	1345	2	0
NR_146845.1	1345	1	0
NR_146830.1	1466	1	0
NR_146677.1	1452	117	0
NR_146676.1	1449	131	0
NR_146375.1	1340	2	0
NR_146352.1	1378	1	0
NR_146052.1	1414	25	0
NR_145923.1	1451	7	0
NR_145909.1	1424	1	0
NR_145904.1	1522	2	0
NR_145885.1	1442	7	0
NR_145878.1	1540	1	0
NR_145849.1	1404	3	0
NR_145647.1	1422	32	0
NR_145581.1	1444	1	0
NR_145570.1	1436	2	0
NR_145569.1	1390	1	0
NR_145563.1	1481	1	0
NR_145552.1	1416	11	0
NR_145542.1	1405	1	0
NR_145537.1	1453	3	0
NR_145530.1	1508	2	0
NR_145528.1	1489	610	0
NR_144703.1	1475	1	0
NR_144618.1	1423	1	0
NR_144604.1	1450	5	0
NR_144599.1	1390	1	0
NR_144582.1	1408	75	0
NR_144581.1	1359	95	0
NR_144574.1	1464	1	0
NR_137419.1	1493	2	0
NR_137415.1	1494	35	0
NR_137414.1	1436	1	0
NR_137380.1	1502	40	0
NR_137367.1	1472	1	0
NR_137366.1	1359	1	0
NR_137364.1	1474	1	0
NR_137344.1	1290	3	0
NR_137333.1	1495	153	0
NR_137244.1	1306	1	0
NR_137243.1	1469	1	0
NR_137235.1	1459	1	0
NR_137234.1	1459	3	0
NR_137209.1	1449	2	0
NR_136780.1	1464	8	0
NR_136767.1	1461	56	0
NR_136472.1	1504	22	0
NR_136445.1	1501	9	0
NR_136438.1	1463	1	0
NR_136429.1	1508	8	0
NR_135875.1	1455	1	0
NR_135871.1	1463	8	0
NR_135865.1	1396	2	0
NR_135736.1	1458	4	0
NR_135211.1	1462	26	0
NR_134830.1	1432	1	0
NR_134826.1	1483	132	0
NR_134825.1	1445	135	0
NR_134770.1	1466	3	0
NR_134764.1	1367	1	0
NR_134760.1	1499	2	0
NR_134746.1	1348	2	0
NR_134741.1	1441	2	0
NR_134705.1	1453	2	0
NR_134695.1	1411	1	0
NR_134684.1	1460	1	0
NR_134194.1	1467	1	0
NR_134183.1	1401	1	0
NR_134153.1	1435	1	0
NR_134079.1	1346	1	0
NR_134073.1	1430	2	0
NR_134063.1	1462	14	0
NR_134062.1	1462	11	0
NR_134039.1	1518	1	0
NR_134020.1	1409	1	0
NR_133991.1	1498	3	0
NR_133988.1	1420	1	0
NR_133986.1	1353	1	0
NR_133967.1	1505	15	0
NR_133964.1	1445	2	0
NR_133885.1	1473	1	0
NR_133881.1	1296	4	0
NR_133871.1	1479	1	0
NR_133866.1	1463	1	0
NR_133864.1	1426	2	0
NR_133848.1	1414	4	0
NR_133847.1	1409	2	0
NR_133840.1	1496	18	0
NR_133838.1	1412	3	0
NR_133836.1	1465	1	0
NR_133832.1	1466	2	0
NR_133818.1	1562	3	0
NR_133815.1	1366	1	0
NR_133808.1	1389	2	0
NR_133773.1	1468	1	0
NR_133716.1	1353	1	0
NR_133706.1	1363	1	0
NR_133040.1	1362	1	0
NR_133031.1	1411	1	0
NR_133023.1	1459	2	0
NR_133020.1	1460	1	0
NR_133019.1	1393	1	0
NR_132675.1	1381	3	0
NR_132672.1	1370	115	0
NR_132596.1	1456	14	0
NR_132396.1	1407	1	0
NR_132395.1	1492	12	0
NR_132328.1	1367	1	0
NG_041959.1	1692	5	0
NR_044847.4	1497	11	0
NR_117712.2	1159	6	0
NR_126314.1	1546	1	0
NR_126284.1	1462	4	0
NR_126282.1	1457	1	0
NR_126235.1	1465	3	0
NR_126223.1	1456	118	0
NR_126199.1	1496	123	0
NR_126182.1	1483	1	0
NR_126180.1	1453	2	0
NR_115546.2	1543	3	0
NR_125699.1	1344	12	0
NR_125698.1	1344	10	0
NR_125690.1	1459	11	0
NR_125615.1	1468	1	0
NR_125587.1	1397	32	0
NR_125586.1	1404	79	0
NR_125523.1	1529	1	0
NR_125517.1	1430	1	0
NR_125491.1	1507	1	0
NR_125461.1	1452	32	0
NR_125459.1	1407	10	0
NR_109637.1	1443	6	0
NR_122081.1	1480	124	0
NR_121793.1	1543	16	0
NR_044660.3	1390	4	0
NR_119223.1	1335	443	0
NR_118872.1	1526	4	0
NR_118848.1	1464	1	0
NR_118847.1	1464	1	0
NR_118845.1	1390	1	0
NR_118795.1	1466	2	0
NR_118785.1	1453	4	0
NR_118677.1	1458	3	0
NR_118637.1	1524	2	0
NR_118629.1	1459	1	0
NR_118585.1	1259	20	0
NR_118544.1	1491	2	0
NR_118490.1	1534	1	0
NR_118348.1	1503	5	0
NR_118339.1	1475	1	0
NR_118335.1	1395	50	0
NR_118333.1	1500	37	0
NR_118314.1	1405	1	0
NR_118308.1	1247	1	0
NR_118276.1	1476	2	0
NR_118271.1	1354	1	0
NR_118268.1	1492	4	0
NR_118264.1	1495	2	0
NR_118138.1	1544	3	0
NR_118102.1	1060	1	0
NR_118089.1	1479	10	0
NR_118084.1	1471	5	0
NR_118001.1	1506	3	0
NR_117978.1	1488	1	0
NR_117946.1	1448	1	0
NR_117921.1	1424	1	0
NR_117916.1	1433	1	0
NR_117903.1	1354	4	0
NR_117902.1	1490	1	0
NR_117881.1	1449	15	0
NR_117880.1	1446	5	0
NR_117838.1	1459	1	0
NR_117797.1	1400	2	0
NR_117794.1	1424	1	0
NR_117697.1	1516	11	0
NR_117554.1	1440	1	0
NR_117551.1	1504	1	0
NR_117547.1	1535	27	0
NR_117518.1	1448	15	0
NR_117485.1	1455	1	0
NR_117463.1	1524	1	0
NR_117458.1	1491	3	0
NR_117446.1	1406	247	0
NR_117437.1	1507	75	0
NR_117427.1	1523	1	0
NR_117369.1	1451	3	0
NR_117350.1	1417	2	0
NR_117304.1	1495	411	0
NR_117302.1	1305	1	0
NR_117270.1	1477	1	0
NR_117203.1	1371	1	0
NR_117186.1	1472	2	0
NR_117179.1	1509	21	0
NR_116999.1	1413	25	0
NR_116996.1	1409	1	0
NR_116989.1	1504	1	0
NR_116969.1	1431	127	0
NR_116966.1	1345	2	0
NR_116935.1	1338	1	0
NR_116902.1	1458	5	0
NR_116893.1	1463	10	0
NR_116889.1	1437	4	0
NR_116885.1	1482	1	0
NR_116840.1	1419	1	0
NR_116839.1	1290	3	0
NR_116833.1	1448	1	0
NR_116816.1	1409	2	0
NR_116782.1	1484	5	0
NR_116772.1	1490	2	0
NR_116771.1	1497	1	0
NR_116668.1	1519	1	0
NR_116604.1	1422	16	0
NR_116598.1	1484	1	0
NR_116597.1	1481	1	0
NR_116573.1	1432	2	0
NR_116500.1	1427	3	0
NR_116440.1	1514	1	0
NR_116437.1	1299	11	0
NR_116415.1	1477	3	0
NR_116403.1	1426	88	0
NR_116395.1	1449	1	0
NR_116378.1	1469	1	0
NR_116371.1	1438	2	0
NR_116368.1	1412	1	0
NR_116339.1	1422	6	0
NR_116319.1	1468	1	0
NR_116314.1	1468	4	0
NR_116308.1	1367	29	0
NR_116296.1	1477	1	0
NR_116280.1	1424	1	0
NR_116217.1	1342	1	0
NR_116171.1	1410	1	0
NR_116170.1	1454	1	0
NR_116120.1	1549	1	0
NR_116102.1	1453	9	0
NR_116079.1	1368	8	0
NR_116053.1	1408	1	0
NR_116042.1	1528	2	0
NR_116033.1	1481	55	0
NR_116008.1	1410	2	0
NR_116005.1	1445	5	0
NR_115943.1	1425	88	0
NR_115922.1	1438	2	0
NR_115874.1	1460	3	0
NR_115822.1	1428	2	0
NR_115812.1	1455	2	0
NR_115808.1	1501	6	0
NR_115768.1	1461	2	0
NR_115759.1	1513	6	0
NR_115689.1	1360	4	0
NR_115525.1	1445	1	0
NR_115520.1	1503	24	0
NR_115506.1	1377	1	0
NR_115261.1	1445	2	0
NR_115258.1	1533	1009	0
NR_115254.1	1443	6	0
NR_115250.1	1419	2	0
NR_115249.1	1450	1	0
NR_115224.1	1363	26	0
NR_115219.1	1476	1	0
NR_115203.1	1441	2	0
NR_115115.1	1501	1	0
NR_115112.1	1413	1	0
NR_115065.1	1411	6	0
NR_114929.1	1503	1	0
NR_114695.1	1463	1	0
NR_114684.1	1491	85	0
NR_114683.1	1482	1	0
NR_114544.1	1501	10	0
NR_114384.1	1416	9	0
NR_114383.1	1414	12	0
NR_114382.1	1414	7	0
NR_114349.1	1503	1	0
NR_114308.1	1406	1	0
NR_114306.1	1338	1	0
NR_113569.1	1478	2	0
NR_113364.1	1418	6	0
NR_113363.1	1418	11	0
NR_113331.1	1441	30	0
NR_113301.1	1444	1	0
NR_113287.1	1350	1	0
NR_113286.1	1348	2	0
NR_113269.1	1494	1	0
NR_113264.1	1474	2	0
NR_113233.1	1422	1	0
NR_113178.1	1526	3	0
NR_113127.1	1451	1	0
NR_113126.1	1444	1	0
NR_113061.1	1467	67	0
NR_113035.1	1430	1885	0
NR_113007.1	1411	69	0
NR_112990.1	1461	1	0
NR_112989.1	1479	1	0
NR_112972.1	1483	3	0
NR_112950.1	1378	3	0
NR_112886.1	1455	1	0
NR_112880.1	1417	157	0
NR_112879.1	1434	177	0
NR_112822.1	1409	109	0
NR_112808.1	1490	2	0
NR_112791.1	1349	3	0
NR_112790.1	1347	2	0
NR_112776.1	1488	4	0
NR_112716.1	1474	2	0
NR_112713.1	1443	1	0
NR_112682.1	1414	8	0
NR_112680.1	1391	1	0
NR_112624.1	1421	2	0
NR_112560.1	1393	10	0
NR_112534.1	1427	125	0
NR_112223.1	1430	1	0
NR_112091.1	1482	1	0
NR_044675.2	1435	1	0
NR_109069.1	1454	1	0
NR_104937.1	1527	86	0
NR_104910.1	1434	1	0
NR_104901.1	1515	34	0
NR_104897.1	1504	2	0
NR_104890.1	1469	125	0
NR_104831.1	1467	1	0
NR_104828.1	1508	345	0
NR_103954.1	1532	8	0
NR_103943.1	1556	1	0
NR_102957.1	1525	6	0
NR_102890.1	1527	1	0
NR_102511.1	1469	7	0
NR_102494.1	1475	63	0
NR_102462.1	1479	3	0
NR_102452.1	1476	1	0
NR_074101.1	1533	1	0
NR_074325.2	1535	3	0
NR_043583.2	1467	1	0
NR_029145.2	1517	1	0
NR_075055.1	1586	3	0
NR_075054.1	1585	6	0
NR_075034.1	1568	39	0
NR_075011.1	1556	1	0
NR_074951.1	1548	14	0
NR_074933.1	1546	1	0
NR_074914.1	1544	1	0
NR_074890.1	1542	7	0
NR_074869.1	1539	143	0
NR_074804.1	1534	4	0
NR_074790.1	1533	1	0
NR_074693.1	1526	1	0
NR_074668.1	1524	1	0
NR_074648.1	1523	1	0
NR_074502.1	1509	1	0
NR_074401.1	1500	1	0
NR_074394.1	1499	2	0
NR_074389.1	1498	2	0
NR_074371.1	1496	5	0
NR_074276.1	1482	8	0
NR_044957.1	1417	1	0
NR_044753.1	1473	2	0
NR_044412.1	1479	1	0
NR_044390.1	1404	1	0
NR_044269.1	1441	6	0
NR_044251.1	1441	9	0
NR_044235.1	1501	1	0
NR_044209.1	1419	6	0
NR_044188.1	1442	7	0
NR_044061.1	1423	37	0
NR_044046.1	1442	8	0
NR_043985.1	1474	4	0
NR_043964.1	1448	1	0
NR_043890.1	1523	2	0
NR_043858.1	1488	1	0
NR_043770.1	1403	5	0
NR_043750.1	1356	6	0
NR_043622.1	1492	1	0
NR_043545.1	1441	1	0
NR_043542.1	1546	1	0
NR_043536.1	1489	1	0
NR_043452.1	1512	4	0
NR_043316.1	1455	1	0
NR_043289.1	1531	2	0
NR_043252.1	1386	3	0
NR_043199.1	1510	1	0
NR_043174.1	1403	2	0
NR_043150.1	1473	1	0
NR_043115.1	1529	5	0
NR_043068.1	1474	1	0
NR_043055.1	1412	1	0
NR_043009.1	1466	1	0
NR_042963.1	1540	2	0
NR_042896.1	1471	4	0
NR_042867.1	1362	1	0
NR_042751.1	1331	1	0
NR_042749.1	1540	3	0
NR_042746.1	1461	1	0
NR_042633.1	1498	2	0
NR_042620.1	1415	2	0
NR_042615.1	1340	1	0
NR_042472.1	1386	1	0
NR_042387.1	1516	1	0
NR_042071.1	1384	1	0
NR_042050.1	1532	5	0
NR_041981.1	1498	1	0
NR_041958.1	1510	1	0
NR_041915.1	1548	1	0
NR_041747.1	1427	14	0
NR_041745.1	1465	1	0
NR_041718.1	1513	1	0
NR_041697.1	1527	117	0
NR_041557.1	1496	1	0
NR_041556.1	1499	1	0
NR_041442.1	1437	1	0
NR_041383.1	1472	2	0
NR_041365.1	1495	1	0
NR_041318.1	1461	1	0
NR_041288.1	1462	4	0
NR_041053.1	1472	4	0
NR_040971.1	1426	1	0
NR_040970.1	1428	1	0
NR_040955.1	1499	1	0
NR_040819.1	1419	5	0
NR_044580.1	1483	4	0
NR_044569.1	1449	2	0
NR_044544.1	1488	1	0
NR_044528.1	1463	1	0
NR_044460.1	1414	1	0
NR_044383.1	1473	1	0
NR_044284.1	1536	42	0
NR_044217.1	1540	1	0
NR_044215.1	1394	1	0
NR_043860.1	1450	14	0
NR_043806.1	1491	61	0
NR_043788.1	1530	2	0
NR_043736.1	1454	2	0
NR_043645.1	1480	3	0
NR_043637.1	1477	2	0
NR_043634.1	1478	1	0
NR_043617.1	1462	1	0
NR_043306.1	1523	1	0
NR_043231.1	1396	1	0
NR_043197.1	1491	12	0
NR_043172.1	1425	1	0
NR_043169.1	1485	3	0
NR_043083.1	1401	1	0
NR_043012.1	1435	1	0
NR_042952.1	1519	2	0
NR_042901.1	1485	3	0
NR_042862.1	1442	1	0
NR_042846.1	1539	1	0
NR_042809.1	1488	2	0
NR_042762.1	1446	1	0
NR_041934.1	1427	1	0
NR_041895.1	1440	1	0
NR_041884.1	1494	1	0
NR_037110.1	1502	5	0
NR_037099.1	1458	1	0
NR_036945.1	1406	2	0
NR_036811.1	1376	2	0
NR_036785.1	1474	1	0
NR_029352.1	1544	1	0
NR_029294.1	1549	2	0
NR_028875.1	1532	124	0
NR_028010.1	1482	1	0
NR_025399.1	1325	1	0
NR_024959.1	1447	10	0
NR_024862.1	1521	12	0
NR_026435.1	1481	2	0
NR_026321.1	1401	1	0
NR_026121.1	1480	1	0
NR_159305.1	1363	9	0
NR_159195.1	1501	1	0
NR_159179.1	1512	26	0
NR_159157.1	1531	27	0
NR_158122.1	1482	5	0
NR_157735.1	1509	1	0
NR_157732.1	1509	1	0
NR_157709.1	1469	1	0
NR_156922.1	1500	2	0
NR_156052.1	1336	34	0
NR_153750.1	1461	34	0
NR_152716.1	1483	11	0
NR_152637.1	1475	2	0
NR_152635.1	1484	5	0
NR_152626.1	1489	1	0
NR_151904.1	1483	3	0
NR_075015.2	1553	1	0
NR_074708.2	1523	2	0
NR_044656.2	1498	8	0
NR_102794.2	1543	163	0
NR_103934.2	1537	27	0
NR_074354.2	1490	16	0
NR_074476.2	1503	2	0
NR_074674.2	1521	5	0
NR_075014.2	1550	1	0
NR_102493.2	1540	54	0
NR_121713.2	1484	1	0
NR_148854.1	1453	2	0
NR_148767.1	1502	4	0
NR_148747.1	1521	122	0
NR_148666.1	1500	1	0
NR_148647.1	1434	2	0
NR_148575.1	1390	143	0
NR_148572.1	1503	149	0
NR_148331.1	1469	2	0
NR_148298.1	1499	1	0
NR_148297.1	1455	1	0
NR_146846.1	1475	4	0
NR_146709.1	1352	23	0
NR_145894.1	1262	1	0
NR_145861.1	1450	1	0
NR_145605.1	1484	1	0
NR_145604.1	1484	2	0
NR_145603.1	1483	1	0
NR_145602.1	1484	5	0
NR_145601.1	1486	1	0
NR_145600.1	1484	3	0
NR_145599.1	1483	1	0
NR_145598.1	1484	1	0
NR_145597.1	1484	2	0
NR_145596.1	1484	1	0
NR_145595.1	1486	1	0
NR_145562.1	1512	9	0
NR_144586.1	1556	1	0
NR_137372.1	1295	1	0
NR_137273.1	1461	4	0
NR_137272.1	1461	1	0
NR_136858.1	1496	3	0
NR_136837.1	1524	3	0
NR_136799.1	1502	1	0
NR_136490.1	1508	1	0
NR_136448.1	1456	128	0
NR_136431.1	1404	70	0
NR_135894.1	1347	88	0
NR_135878.1	1328	1	0
NR_135858.1	1476	2	0
NR_135725.1	1483	1	0
NR_134807.1	1451	413	0
NR_134793.1	1506	1	0
NR_134738.1	1389	3	0
NR_134195.1	1588	1	0
NR_134162.1	1442	1	0
NR_134161.1	1490	5	0
NR_134041.1	1389	2	0
NR_134001.1	1381	1	0
NR_133904.1	1551	20	0
NR_133903.1	1552	11	0
NR_133865.1	1402	2	0
NR_133858.1	1432	1	0
NR_133766.1	1422	18	0
NR_133710.1	1484	2	0
NR_117731.2	1547	1	0
NR_132718.1	1503	1	0
NR_132692.1	1459	122	0
NR_132662.1	1454	1	0
NR_037064.2	1356	3	0
NR_126319.1	1531	12	0
NR_126318.1	1531	19	0
NR_126317.1	1532	17	0
NR_126305.1	1501	39	0
NR_126304.1	1501	49	0
NR_126303.1	1501	28	0
NR_126291.1	1344	20	0
NR_126208.1	1429	25	0
NR_117738.2	1528	11	0
NR_117737.2	1528	8	0
NR_125711.1	1460	21	0
NR_125687.1	1163	1	0
NR_125682.1	1162	6	0
NR_125679.1	1443	1	0
NR_125649.1	985	7	0
NR_125626.1	1443	1	0
NR_125611.1	1462	1	0
NR_125599.1	460	26	0
NR_125559.1	1501	2	0
NR_125558.1	1511	1	0
NR_125539.1	1428	32	0
NR_125521.1	1458	5	0
NR_125508.1	1388	1	0
NR_125506.1	1388	1	0
NR_116992.1	1425	1	0
NR_122089.1	1407	132	0
NR_122062.1	1524	2	0
NR_122057.1	1544	18	0
NR_122052.1	1516	2	0
NR_122050.1	1541	1	0
NR_121745.1	1485	5	0
NR_121742.1	1542	12	0
NR_121738.1	1509	1	0
NR_121733.1	1525	7	0
NR_121718.1	1529	14	0
NR_121709.1	1541	1	0
NR_121703.1	1542	12	0
NR_119372.1	1484	61	0
NR_119371.1	1471	15	0
NR_119369.1	1485	2	0
NR_119368.1	1497	12	0
NR_119367.1	1497	20	0
NR_119366.1	1481	62	0
NR_119365.1	1498	45	0
NR_119364.1	1496	97	0
NR_119363.1	1484	116	0
NR_119362.1	1495	1338	0
NR_119361.1	1497	3868	0
NR_119296.1	1410	9	0
NR_119294.1	1337	3	0
NR_119279.1	1452	29	0
NR_119278.1	1452	11	0
NR_119277.1	1452	16	0
NR_119276.1	1452	93	0
NR_119256.1	1499	1836	0
NR_119255.1	1239	8	0
NR_119225.1	1492	1	0
NR_119214.1	1401	36	0
NR_119206.1	1438	1	0
NR_119191.1	1482	1	0
NR_119190.1	1538	1	0
NR_119186.1	1092	126	0
NR_119131.1	1200	138	0
NR_119130.1	1475	121	0
NR_119109.1	1443	22	0
NR_119108.1	1539	17	0
NR_119092.1	1460	4	0
NR_119064.1	1486	1	0
NR_119063.1	1485	1	0
NR_119062.1	1477	2	0
NR_119054.1	1488	2	0
NR_119053.1	1457	1	0
NR_119048.1	1457	29	0
NR_119045.1	1460	1	0
NR_119039.1	1460	1	0
NR_119005.1	1480	1	0
NR_118985.1	1435	1	0
NR_118945.1	1503	1	0
NR_118944.1	1503	1	0
NR_118931.1	1482	21	0
NR_118930.1	1472	1	0
NR_118928.1	1481	21	0
NR_118927.1	1482	22	0
NR_118925.1	1472	26	0
NR_118914.1	1458	1	0
NR_118894.1	1452	1	0
NR_118878.1	1390	2	0
NR_118859.1	1457	22	0
NR_118858.1	1458	49	0
NR_118857.1	1457	89	0
NR_118856.1	1458	7	0
NR_118855.1	1457	18	0
NR_118854.1	1456	82	0
NR_118853.1	1502	38	0
NR_118789.1	1406	1	0
NR_118773.1	1464	1	0
NR_118770.1	1443	1	0
NR_118762.1	1483	1	0
NR_118757.1	1477	2	0
NR_118755.1	1476	1	0
NR_118744.1	1479	1	0
NR_118717.1	1474	55	0
NR_118712.1	1474	1	0
NR_118704.1	1474	2	0
NR_118700.1	1467	1	0
NR_118697.1	1475	1	0
NR_118681.1	1472	1	0
NR_118659.1	1473	1	0
NR_118652.1	1462	3	0
NR_118651.1	1477	1	0
NR_118647.1	1462	1	0
NR_118638.1	1436	1534	0
NR_118624.1	1355	1	0
NR_118588.1	1459	111	0
NR_118571.1	1450	2	0
NR_118568.1	1369	21	0
NR_118556.1	1376	18	0
NR_118543.1	1489	1	0
NR_118531.1	1494	154	0
NR_118487.1	1294	8	0
NR_118449.1	1438	136	0
NR_118431.1	1493	26	0
NR_118424.1	1473	2	0
NR_118394.1	1500	44	0
NR_118387.1	1439	14	0
NR_118347.1	1535	1	0
NR_118342.1	1503	1	0
NR_118328.1	1422	8	0
NR_118325.1	1271	6	0
NR_118295.1	1531	3	0
NR_118294.1	1531	4	0
NR_118293.1	1531	8	0
NR_118292.1	1530	22	0
NR_118291.1	1530	31	0
NR_118288.1	1500	1	0
NR_118274.1	1475	1	0
NR_118273.1	1344	92	0
NR_118256.1	1525	104	0
NR_118230.1	1410	1	0
NR_118228.1	1530	30	0
NR_118227.1	1530	32	0
NR_118226.1	1530	29	0
NR_118225.1	1530	30	0
NR_118224.1	1530	19	0
NR_118214.1	1412	1	0
NR_118196.1	1355	253	0
NR_118195.1	1355	264	0
NR_118194.1	1347	249	0
NR_118193.1	1347	1384	0
NR_118192.1	1346	400	0
NR_118188.1	1364	14	0
NR_118186.1	1352	2	0
NR_118183.1	1354	15	0
NR_118182.1	1354	22	0
NR_118181.1	1358	12	0
NR_118179.1	1351	1	0
NR_118175.1	1356	5	0
NR_118174.1	1356	6	0
NR_118173.1	1357	17	0
NR_118172.1	1351	4	0
NR_118171.1	1351	5	0
NR_118170.1	1352	21	0
NR_118169.1	1351	3	0
NR_118166.1	1351	1	0
NR_118165.1	1350	2	0
NR_118163.1	1355	3	0
NR_118162.1	1358	3	0
NR_118160.1	1353	2	0
NR_118143.1	1364	2	0
NR_118142.1	1362	8	0
NR_118134.1	1494	5	0
NR_118127.1	1345	2	0
NR_118126.1	1345	12	0
NR_118122.1	1344	550	0
NR_118121.1	1344	203	0
NR_118120.1	1344	118	0
NR_118106.1	1494	54	0
NR_118105.1	1494	143	0
NR_118088.1	1443	37	0
NR_118087.1	1425	18	0
NR_118081.1	1126	2	0
NR_118078.1	1124	1	0
NR_118076.1	1124	1	0
NR_118073.1	1124	1	0
NR_118072.1	1126	1	0
NR_118063.1	1124	2	0
NR_118059.1	1124	1	0
NR_118057.1	1124	1	0
NR_118056.1	1124	3	0
NR_118055.1	1126	1	0
NR_118053.1	1124	1	0
NR_118052.1	1124	11	0
NR_118043.1	1503	1	0
NR_118037.1	1394	3	0
NR_118011.1	1507	40	0
NR_117969.1	1500	36	0
NR_117945.1	1348	1	0
NR_117895.1	1471	2	0
NR_117893.1	1471	1	0
NR_117887.1	1470	3	0
NR_117869.1	1412	1	0
NR_117799.1	1502	2	0
NR_117793.1	1471	3	0
NR_117791.1	1347	1	0
NR_117789.1	1413	68	0
NR_117769.1	1356	1	0
NR_117763.1	1348	29	0
NR_117753.1	1545	9	0
NR_117752.1	1427	21	0
NR_117751.1	1427	100	0
NR_117750.1	1427	18	0
NR_117735.1	1436	368	0
NR_117714.1	1442	4	0
NR_117704.1	1530	64	0
NR_117698.1	1499	19	0
NR_117686.1	1530	13	0
NR_117685.1	1530	6	0
NR_117684.1	1530	17	0
NR_117683.1	1530	20	0
NR_117682.1	1524	9	0
NR_117679.1	1529	44	0
NR_117676.1	1461	1	0
NR_117675.1	1525	1	0
NR_117648.1	1501	2	0
NR_117631.1	1526	1	0
NR_117622.1	1530	2	0
NR_117586.1	1499	1	0
NR_117575.1	1536	15	0
NR_117553.1	1475	1	0
NR_117540.1	1351	3	0
NR_117526.1	1396	30	0
NR_117478.1	1400	2	0
NR_117457.1	1462	3	0
NR_117456.1	1480	3	0
NR_117405.1	1506	96	0
NR_117379.1	1446	1	0
NR_117374.1	1442	2	0
NR_117353.1	1350	50	0
NR_117305.1	1494	397	0
NR_117303.1	1504	2	0
NR_117269.1	1527	83	0
NR_117258.1	1363	3	0
NR_117257.1	1336	4	0
NR_117117.1	1455	11	0
NR_117109.1	1549	1	0
NR_117060.1	1516	1	0
NR_117044.1	1424	1	0
NR_117021.1	1346	1	0
NR_117020.1	1353	1	0
NR_117016.1	1254	1	0
NR_117000.1	1493	91	0
NR_116995.1	1478	1	0
NR_116967.1	1613	1	0
NR_116959.1	1483	1	0
NR_116948.1	1451	1	0
NR_116947.1	1464	8	0
NR_116931.1	1348	13	0
NR_116926.1	1381	1	0
NR_116904.1	1521	1	0
NR_116898.1	1495	11	0
NR_116880.1	1503	2	0
NR_116819.1	1475	1	0
NR_116808.1	1488	6	0
NR_116800.1	1502	116	0
NR_116799.1	1361	79	0
NR_116798.1	1505	336	0
NR_116797.1	1506	799	0
NR_116786.1	1484	5	0
NR_116785.1	1466	9	0
NR_116784.1	1460	3	0
NR_116783.1	1484	3	0
NR_116770.1	1501	1	0
NR_116768.1	1408	1	0
NR_116758.1	1387	64	0
NR_116756.1	1387	19	0
NR_116755.1	1361	1004	0
NR_116754.1	1387	184	0
NR_116753.1	1361	73	0
NR_116752.1	1362	711	0
NR_116751.1	1387	250	0
NR_116750.1	1387	1244	0
NR_116749.1	1387	532	0
NR_116748.1	1376	1590	0
NR_116718.1	1451	1	0
NR_116678.1	1553	1	0
NR_116603.1	1436	4	0
NR_116602.1	1421	1044	0
NR_116584.1	1503	1	0
NR_116557.1	1453	1	0
NR_116510.1	1380	1	0
NR_116478.1	1464	991	0
NR_116430.1	1285	656	0
NR_116341.1	1223	22	0
NR_116302.1	1348	1	0
NR_116300.1	1491	1	0
NR_116283.1	1494	127	0
NR_116282.1	1492	217	0
NR_116247.1	1344	1880	0
NR_116246.1	1344	1446	0
NR_116245.1	1344	1646	0
NR_116244.1	1344	845	0
NR_116177.1	1411	49	0
NR_116175.1	1410	1	0
NR_116168.1	1505	28	0
NR_116167.1	1506	1	0
NR_116163.1	1344	1	0
NR_116162.1	1307	1	0
NR_116156.1	1313	1	0
NR_116155.1	1313	3	0
NR_116151.1	1313	4	0
NR_116148.1	1313	1	0
NR_116141.1	1315	3	0
NR_116140.1	1314	1	0
NR_116126.1	1262	22	0
NR_116125.1	1438	11	0
NR_116124.1	1443	67	0
NR_116115.1	1429	284	0
NR_116114.1	1443	1135	0
NR_116113.1	1432	501	0
NR_116112.1	1348	211	0
NR_116111.1	1422	93	0
NR_116110.1	1494	27	0
NR_116109.1	1494	74	0
NR_116064.1	1444	1	0
NR_116051.1	1541	1	0
NR_116048.1	1345	1	0
NR_116047.1	1344	30	0
NR_116046.1	1343	36	0
NR_116045.1	1345	3	0
NR_116044.1	1344	33	0
NR_116026.1	1506	1	0
NR_116025.1	1415	32	0
NR_115975.1	1461	8	0
NR_115974.1	1461	15	0
NR_115973.1	1461	2	0
NR_115972.1	1461	2	0
NR_115971.1	1461	1	0
NR_115970.1	1461	1	0
NR_115969.1	1461	3	0
NR_115968.1	1461	1	0
NR_115942.1	1424	46	0
NR_115932.1	1251	69	0
NR_115880.1	1485	31	0
NR_115879.1	1479	1	0
NR_115873.1	1305	89	0
NR_115869.1	1440	11	0
NR_115858.1	1171	1	0
NR_115750.1	1356	3	0
NR_115723.1	1245	49	0
NR_115722.1	1266	22	0
NR_115608.1	1453	1	0
NR_115578.1	1433	2	0
NR_115573.1	1479	1	0
NR_115565.1	1433	1	0
NR_115548.1	1411	17	0
NR_115519.1	1481	1	0
NR_115517.1	1468	1	0
NR_115516.1	1472	1	0
NR_115515.1	1379	1	0
NR_115491.1	1415	2	0
NR_115466.1	1464	4	0
NR_115351.1	1510	1	0
NR_115334.1	1065	1	0
NR_115304.1	1343	7	0
NR_115215.1	1362	31	0
NR_115214.1	1362	2	0
NR_115212.1	1364	1	0
NR_115186.1	1461	1	0
NR_115173.1	1447	30	0
NR_115160.1	1482	1	0
NR_115110.1	1481	1	0
NR_115035.1	1504	4	0
NR_115034.1	1472	2	0
NR_115005.1	1466	73	0
NR_114995.1	1459	16	0
NR_114987.1	1426	1	0
NR_114964.1	1478	28	0
NR_114958.1	1511	1	0
NR_114923.1	1086	9	0
NR_114920.1	1504	1	0
NR_114905.1	1397	1	0
NR_114883.1	1497	2	0
NR_114882.1	1408	2	0
NR_114870.1	1329	1	0
NR_114859.1	1483	1	0
NR_114845.1	1442	4	0
NR_114764.1	1466	2	0
NR_114750.1	1362	12	0
NR_114737.1	1511	17	0
NR_114736.1	1516	28	0
NR_114735.1	1512	299	0
NR_114716.1	1509	14	0
NR_114715.1	1492	20	0
NR_114714.1	1499	3	0
NR_114712.1	1446	2	0
NR_114711.1	1477	128	0
NR_114706.1	1531	9	0
NR_114705.1	1502	3	0
NR_114704.1	1498	1	0
NR_114701.1	1444	6	0
NR_114697.1	1437	1	0
NR_114680.1	1451	1	0
NR_114679.1	1424	1	0
NR_114672.1	1411	2	0
NR_114641.1	1547	1	0
NR_114628.1	1362	1	0
NR_114589.1	1437	29	0
NR_114588.1	1498	1	0
NR_114579.1	1464	2	0
NR_114577.1	1457	8	0
NR_114576.1	1461	4	0
NR_114575.1	1464	5	0
NR_114564.1	1404	6	0
NR_114520.1	1480	92	0
NR_114507.1	1436	7	0
NR_114506.1	1436	10	0
NR_114505.1	1271	310	0
NR_114503.1	1436	40	0
NR_114502.1	1436	37	0
NR_114491.1	1462	1	0
NR_114478.1	1440	3	0
NR_114477.1	1457	3	0
NR_114472.1	1459	1	0
NR_114470.1	1418	13	0
NR_114432.1	1540	1	0
NR_114430.1	1410	3	0
NR_114419.1	1497	1	0
NR_114393.1	1486	2	0
NR_114345.1	1324	15	0
NR_114292.1	1414	142	0
NR_114286.1	1467	26	0
NR_114285.1	1414	1	0
NR_114281.1	1468	1	0
NR_114275.1	1455	3	0
NR_114250.1	1409	120	0
NR_114245.1	1420	2	0
NR_114239.1	1414	11	0
NR_114235.1	1467	24	0
NR_114234.1	1406	2	0
NR_114232.1	1467	15	0
NR_114230.1	1450	12	0
NR_114218.1	1478	1	0
NR_114215.1	1462	5	0
NR_114213.1	1477	1	0
NR_114198.1	1414	1	0
NR_114196.1	1461	5	0
NR_114195.1	1462	4	0
NR_114192.1	1462	1	0
NR_114183.1	1464	1	0
NR_114167.1	1461	1	0
NR_114164.1	1462	1	0
NR_114162.1	1466	2	0
NR_114159.1	1466	26	0
NR_114158.1	1467	36	0
NR_114157.1	1467	5	0
NR_114156.1	1466	6	0
NR_114155.1	1467	26	0
NR_114154.1	1465	107	0
NR_114153.1	1465	46	0
NR_114152.1	1465	37	0
NR_114147.1	1477	1	0
NR_114144.1	1414	85	0
NR_114124.1	1410	1	0
NR_114118.1	1456	1	0
NR_114117.1	1460	4	0
NR_114111.1	1466	332	0
NR_114108.1	1465	42	0
NR_114107.1	1465	34	0
NR_114080.1	1465	181	0
NR_114079.1	1467	40	0
NR_114078.1	1469	85	0
NR_114077.1	1467	36	0
NR_114073.1	1465	29	0
NR_114044.1	1478	1	0
NR_114043.1	1467	7	0
NR_114042.1	1467	34	0
NR_114041.1	1463	80	0
NR_113975.1	1414	55	0
NR_113941.1	1412	1	0
NR_113920.1	1409	905	0
NR_113905.1	1484	1	0
NR_113889.1	1410	5	0
NR_113878.1	1414	129	0
NR_113874.1	1410	2	0
NR_113859.1	1461	1	0
NR_113858.1	1418	9	0
NR_113850.1	1415	1	0
NR_113849.1	1414	150	0
NR_113847.1	1415	4	0
NR_113845.1	1414	152	0
NR_113843.1	1412	1	0
NR_113838.1	1410	1	0
NR_113809.1	1412	1	0
NR_113791.1	1479	1	0
NR_113789.1	1478	1	0
NR_113755.1	1462	1	0
NR_113754.1	1465	1	0
NR_113741.1	1409	6	0
NR_113739.1	1406	6	0
NR_113738.1	1410	1	0
NR_113719.1	1487	1	0
NR_113703.1	1467	49	0
NR_113702.1	1465	12	0
NR_113701.1	1465	28	0
NR_113688.1	1446	1	0
NR_113673.1	1413	2	0
NR_113664.1	1409	2	0
NR_113649.1	1462	4	0
NR_113646.1	1462	1	0
NR_113645.1	1458	1	0
NR_113634.1	1414	7	0
NR_113633.1	1409	17	0
NR_113632.1	1415	2	0
NR_113617.1	1462	2	0
NR_113616.1	1468	5	0
NR_113615.1	1465	36	0
NR_113614.1	1465	13	0
NR_113612.1	1410	1	0
NR_113610.1	1478	1	0
NR_113607.1	1406	1	0
NR_113599.1	1461	1	0
NR_113598.1	1465	67	0
NR_113596.1	1467	14	0
NR_113590.1	1416	16	0
NR_113580.1	1468	3	0
NR_113556.1	1412	3	0
NR_113555.1	1412	5	0
NR_113554.1	1406	13	0
NR_113552.1	1412	1	0
NR_113551.1	1412	3	0
NR_113550.1	1412	5	0
NR_113549.1	1410	1	0
NR_113546.1	1412	4	0
NR_113545.1	1406	11	0
NR_113406.1	1413	15	0
NR_113404.1	1516	1	0
NR_113403.1	1516	2	0
NR_113399.1	1411	1	0
NR_113398.1	1411	1	0
NR_113392.1	1492	1	0
NR_113385.1	1347	1	0
NR_113377.1	1524	1	0
NR_113356.1	1528	1	0
NR_113347.1	1464	35	0
NR_113342.1	1467	1	0
NR_113341.1	1462	25	0
NR_113340.1	1464	12	0
NR_113322.1	1462	11	0
NR_113321.1	1468	39	0
NR_113258.1	1499	1	0
NR_113255.1	1472	1	0
NR_113251.1	1473	1	0
NR_113244.1	1474	2	0
NR_113240.1	1462	11	0
NR_113237.1	1459	1	0
NR_113236.1	1464	8	0
NR_113188.1	1473	2	0
NR_113137.1	1475	1	0
NR_113025.1	1456	1	0
NR_113019.1	1447	1	0
NR_112986.1	1434	27	0
NR_112985.1	1473	11	0
NR_112962.1	1454	1	0
NR_112959.1	1437	201	0
NR_112958.1	1437	194	0
NR_112953.1	1414	156	0
NR_112952.1	1409	629	0
NR_112949.1	1400	1	0
NR_112937.1	1486	1	0
NR_112837.1	1414	1	0
NR_112750.1	1477	2	0
NR_112723.1	1475	1	0
NR_112696.1	1445	1	0
NR_112671.1	1413	1	0
NR_112612.1	1434	1	0
NR_112558.1	1110	41	0
NR_112557.1	1110	94	0
NR_112556.1	1110	31	0
NR_112555.1	1110	76	0
NR_112554.1	1110	64	0
NR_112551.1	1488	1	0
NR_112240.1	1409	261	0
NR_112239.1	1409	1557	0
NR_112235.1	1433	3	0
NR_112232.1	1433	1	0
NR_112228.1	1386	1	0
NR_112219.1	1425	1	0
NR_112218.1	1446	2	0
NR_112209.1	1409	41	0
NR_112191.1	1436	4	0
NR_112179.1	1148	1	0
NR_112177.1	1147	1	0
NR_112175.1	1145	14	0
NR_112168.1	1452	3	0
NR_112156.1	1390	482	0
NR_112123.1	1361	39	0
NR_112110.1	1432	6	0
NR_112108.1	1443	17	0
NR_112072.1	1505	1	0
NR_112070.1	1505	2	0
NR_112067.1	1511	1	0
NR_112062.1	1507	3	0
NR_112017.1	1461	1	0
NR_112011.1	1451	108	0
NR_112010.1	1441	46	0
NR_112009.1	1449	12	0
NR_112007.1	1438	46	0
NR_112006.1	1449	47	0
NR_112005.1	1449	31	0
NR_111998.1	1449	29	0
NR_044733.2	1467	1	0
NR_044825.2	1482	22	0
NR_044673.2	1479	2	0
NR_044685.2	1450	1	0
NR_044869.2	1482	1	0
NR_044752.2	1476	2	0
NR_109731.1	1462	1	0
NR_109700.1	1379	2	0
NR_109693.1	1379	1	0
NR_109678.1	1426	2	0
NR_109674.1	1429	3	0
NR_109649.1	1417	1	0
NR_109624.1	1476	1	0
NR_109603.1	1393	3	0
NR_109585.1	1443	1	0
NR_109547.1	1503	1	0
NR_109517.1	1483	3	0
NR_109490.1	1407	42	0
NR_109470.1	1459	1	0
NR_109443.1	1528	1	0
NR_109420.1	1422	3	0
NR_109327.1	1471	1	0
NR_109312.1	1432	11	0
NR_109301.1	1442	2	0
NR_109179.1	1449	9	0
NR_109105.1	1536	1	0
NR_109072.1	1386	1	0
NR_109060.1	1471	1	0
NR_108991.1	1405	23	0
NR_108886.1	1416	1	0
NR_108872.1	1322	1	0
NR_108848.1	1494	28	0
NR_108709.1	1406	1	0
NR_108683.1	1421	2	0
NR_108621.1	1468	1	0
NR_108615.1	1469	1	0
NR_108580.1	1469	1	0
NR_108508.1	1385	2	0
NR_108504.1	1373	1	0
NR_108468.1	1424	1	0
NR_108453.1	1464	1	0
NR_108187.1	1405	3	0
NR_108179.1	1437	1	0
NR_108145.1	1429	4	0
NR_108136.1	1422	2	0
NR_108135.1	1481	5	0
NR_108121.1	1535	31	0
NR_104980.1	1418	116	0
NR_104978.1	1485	1	0
NR_104977.1	1491	1	0
NR_104975.1	1485	1	0
NR_104962.1	1432	1364	0
NR_104961.1	1437	1	0
NR_104960.1	1483	21	0
NR_104959.1	1437	6	0
NR_104943.1	1440	346	0
NR_104940.1	1478	193	0
NR_104938.1	1521	1	0
NR_104935.1	1534	1	0
NR_104934.1	1527	41	0
NR_104933.1	1527	120	0
NR_104932.1	1529	39	0
NR_104928.1	1524	12397	0
NR_104925.1	1534	13	0
NR_104924.1	1494	146	0
NR_104923.1	1476	12	0
NR_104903.1	1480	8	0
NR_104902.1	1461	3	0
NR_104884.1	1459	1	0
NR_104877.1	1489	1	0
NR_104839.1	1435	1	0
NR_104838.1	1460	4	0
NR_104826.1	1530	43	0
NR_104823.1	1504	54	0
NR_104822.1	1491	2	0
NR_104767.1	1510	1	0
NR_104760.1	1532	4	0
NR_104752.1	1516	1	0
NR_104742.1	1469	11	0
NR_104724.1	1461	98	0
NR_104721.1	1445	1	0
NR_104714.1	1467	2	0
NR_104709.1	1467	23	0
NR_104698.1	1468	5	0
NR_104680.1	1409	255	0
NR_104569.1	1494	397	0
NR_104539.1	1427	1	0
NR_104538.1	1401	2	0
NR_104525.1	1461	3	0
NR_104517.1	1486	1	0
NR_104492.1	1397	1	0
NR_044729.2	1488	1	0
NR_044648.2	1485	2	0
NR_104207.1	1473	7	0
NR_102893.1	1537	1	0
NR_102802.1	1543	47	0
NR_102513.1	1522	1	0
NR_102469.1	1488	6	0
NR_102468.1	1481	4	0
NR_102465.1	1480	2	0
NR_102464.1	1480	14	0
NR_102443.1	1474	1	0
NR_102439.1	1507	134	0
NR_074191.1	1470	1	0
NR_074121.1	1439	2	0
NR_074917.1	1544	1	0
NR_074908.1	1544	3422	0
NR_074906.1	1543	1	0
NR_074902.1	1542	155	0
NR_074888.1	1542	1624	0
NR_074853.1	1538	1	0
NR_074830.1	1536	1	0
NR_074823.1	1535	3	0
NR_074809.1	1535	1	0
NR_074805.1	1534	1	0
NR_074782.1	1533	2	0
NR_074734.1	1529	11	0
NR_074670.1	1524	160	0
NR_074534.1	1512	135	0
NR_074521.1	1510	137	0
NR_074466.1	1508	2	0
NR_074457.1	1507	3	0
NR_074426.1	1504	1	0
NR_074390.1	1498	1	0
NR_074379.1	1497	1	0
NR_074347.1	1493	1	0
NR_074345.1	1493	2	0
NR_074339.1	1493	1	0
NR_074338.1	1493	742	0
NR_074317.1	1489	2	0
NR_074314.1	1489	95	0
NR_074297.1	1488	135	0
NR_074292.1	1486	12	0
NR_074284.1	1485	11	0
NR_074282.1	1485	10	0
NR_074266.1	1480	1	0
NR_074261.1	1479	2	0
NR_074244.1	1476	1	0
NR_074208.1	1472	3	0
NR_074203.1	1472	10	0
NR_044980.1	1485	2	0
NR_044978.1	1495	44	0
NR_044977.1	1495	75	0
NR_044976.1	1498	90	0
NR_044947.1	1410	1	0
NR_044946.1	1408	1	0
NR_044924.1	1536	40	0
NR_044844.1	1478	1	0
NR_044838.1	1454	17	0
NR_044827.1	1499	27	0
NR_044816.1	1462	1	0
NR_044806.1	1321	1	0
NR_044800.1	1456	2924	0
NR_044799.1	1502	34	0
NR_044749.1	1479	16	0
NR_044748.1	1415	7	0
NR_044744.1	1425	1	0
NR_044743.1	1471	3	0
NR_044681.1	1474	2	0
NR_044646.1	1469	26	0
NR_044547.1	1451	1	0
NR_044463.1	1427	1	0
NR_044443.1	1520	1	0
NR_044414.1	1342	34	0
NR_044385.1	1500	7	0
NR_044373.1	1368	22	0
NR_044372.1	1448	23	0
NR_044371.1	1437	22	0
NR_044370.1	1414	12	0
NR_044195.1	1378	3	0
NR_044171.1	1419	1	0
NR_044165.1	1336	1	0
NR_044152.1	1461	1	0
NR_044101.1	1400	194	0
NR_044078.1	1496	1	0
NR_044062.1	1361	23	0
NR_044060.1	1417	41	0
NR_044059.1	1425	74	0
NR_044058.1	1417	39	0
NR_044057.1	1380	28	0
NR_044055.1	1493	1	0
NR_044053.1	1363	3	0
NR_043997.1	1503	2	0
NR_043990.1	1411	2	0
NR_043982.1	1508	1	0
NR_043980.1	1351	93	0
NR_043929.1	1355	1	0
NR_043928.1	1416	1	0
NR_043751.1	1356	4	0
NR_043700.1	1471	1	0
NR_043679.1	1325	70	0
NR_043663.1	1500	3	0
NR_043662.1	1500	8	0
NR_043443.1	1419	1	0
NR_043423.1	1526	36	0
NR_043397.1	1404	2	0
NR_043395.1	1371	1	0
NR_043388.1	1438	1	0
NR_043384.1	1515	124	0
NR_043238.1	1482	1	0
NR_043191.1	1401	1	0
NR_043190.1	1401	1	0
NR_043189.1	1401	2	0
NR_043076.1	1430	2	0
NR_043007.1	1477	1	0
NR_042938.1	1365	4	0
NR_042934.1	1374	1	0
NR_042879.1	1362	2	0
NR_042878.1	1362	37	0
NR_042868.1	1364	2	0
NR_042851.1	1421	3	0
NR_042822.1	1497	1	0
NR_042821.1	1496	1	0
NR_042820.1	1497	1	0
NR_042765.1	1446	2	0
NR_042748.1	1436	308	0
NR_042706.1	1430	2	0
NR_042705.1	1400	2	0
NR_042695.1	1531	1	0
NR_042690.1	1369	2	0
NR_042678.1	1442	5	0
NR_042662.1	1425	125	0
NR_042650.1	1418	3	0
NR_042646.1	1450	2	0
NR_042635.1	1498	1	0
NR_042619.1	1523	2	0
NR_042614.1	1390	2	0
NR_042593.1	1484	3	0
NR_042556.1	1508	2	0
NR_042519.1	1387	2	0
NR_042501.1	1387	2	0
NR_042494.1	1519	1	0
NR_042487.1	1476	14	0
NR_042485.1	1488	1	0
NR_042482.1	1426	1	0
NR_042474.1	1456	2	0
NR_042473.1	1401	4	0
NR_042466.1	1446	136	0
NR_042465.1	1426	144	0
NR_042463.1	1430	1	0
NR_042451.1	1497	2	0
NR_042450.1	1494	3	0
NR_042439.1	1554	2	0
NR_042435.1	1523	1	0
NR_042422.1	1502	80	0
NR_042415.1	1517	29	0
NR_042413.1	1497	26	0
NR_042412.1	1518	3	0
NR_042411.1	1516	2	0
NR_042396.1	1438	1	0
NR_042391.1	1479	1	0
NR_042362.1	1441	1	0
NR_042356.1	1479	8	0
NR_042352.1	1486	1	0
NR_042349.1	1513	55	0
NR_042339.1	1531	1	0
NR_042336.1	1531	1	0
NR_042328.1	1524	1	0
NR_042327.1	1524	1	0
NR_042325.1	1529	4	0
NR_042315.1	1509	4	0
NR_042258.1	1517	1	0
NR_042238.1	1419	4	0
NR_042220.1	1476	1	0
NR_042197.1	1474	1	0
NR_042191.1	1459	75	0
NR_042173.1	1486	9	0
NR_042127.1	1510	1	0
NR_042112.1	1440	2	0
NR_042065.1	1536	1	0
NR_042062.1	1428	6	0
NR_042039.1	1488	2	0
NR_042021.1	1523	1	0
NR_042005.1	1515	2	0
NR_041999.1	1515	1	0
NR_041997.1	1377	1	0
NR_041979.1	1495	41	0
NR_041978.1	1473	319	0
NR_041977.1	1491	65	0
NR_041976.1	1497	52	0
NR_041975.1	1509	55	0
NR_041974.1	1504	313	0
NR_041973.1	1495	42	0
NR_041972.1	1496	9	0
NR_041971.1	1497	29	0
NR_041970.1	1497	199	0
NR_041969.1	1496	2	0
NR_041964.1	1435	2	0
NR_041924.1	1434	1	0
NR_041923.1	1422	2	0
NR_041922.1	1427	10	0
NR_041921.1	1413	7	0
NR_041874.1	1492	2	0
NR_041851.1	1523	10	0
NR_041833.1	1461	2	0
NR_041832.1	1461	13	0
NR_041831.1	1461	2	0
NR_041810.1	1364	1	0
NR_041786.1	1509	50	0
NR_041750.1	1436	81	0
NR_041749.1	1436	32	0
NR_041742.1	1454	1	0
NR_041727.1	1505	1	0
NR_041725.1	1488	1	0
NR_041720.1	1494	3	0
NR_041696.1	1491	9	0
NR_041654.1	1476	1	0
NR_041653.1	1463	1	0
NR_041652.1	1465	1	0
NR_041650.1	1447	1	0
NR_041645.1	1438	6	0
NR_041613.1	1469	1	0
NR_041612.1	1470	1	0
NR_041592.1	1438	2	0
NR_041587.1	1516	1	0
NR_041568.1	1426	2	0
NR_041564.1	1411	113	0
NR_041527.1	1490	19	0
NR_041495.1	1406	1	0
NR_041466.1	1476	1	0
NR_041445.1	1406	1492	0
NR_041403.1	1484	17	0
NR_041396.1	1457	2	0
NR_041259.1	1460	2	0
NR_041048.1	1409	443	0
NR_041047.1	1409	257	0
NR_041026.1	1433	1	0
NR_041003.1	1481	1	0
NR_040954.1	1499	1	0
NR_040930.1	1399	2	0
NR_040928.1	1480	4	0
NR_040900.1	1475	1	0
NR_040868.1	1412	2	0
NR_040843.1	1357	1	0
NR_040832.1	1443	4	0
NR_040830.1	1388	1	0
NR_040798.1	1513	1	0
NR_044741.1	1498	4	0
NR_044600.1	1442	5	0
NR_044447.1	1448	1	0
NR_044396.1	1475	1	0
NR_044304.1	1438	2	0
NR_044110.1	1336	1	0
NR_044076.1	1493	40	0
NR_044063.1	1342	8	0
NR_043942.1	1491	1	0
NR_043885.1	1506	1	0
NR_043883.1	1347	636	0
NR_043652.1	1447	4	0
NR_043258.1	1486	1	0
NR_043165.1	1436	2	0
NR_042893.1	1441	18	0
NR_042811.1	1511	3	0
NR_041927.1	1468	170	0
NR_041904.1	1470	1	0
NR_037014.2	1503	2	0
NR_025945.2	1503	1	0
NR_037120.1	1465	1	0
NR_037112.1	1508	5	0
NR_037111.1	1502	22	0
NR_037085.1	1454	52	0
NR_037056.1	1466	1	0
NR_037016.1	1481	24	0
NR_037011.1	1502	1	0
NR_036991.1	1456	1	0
NR_036974.1	1462	1	0
NR_036944.1	1465	2	0
NR_036919.1	1497	201	0
NR_036916.1	1474	1	0
NR_036908.1	1527	1	0
NR_036886.1	1532	10	0
NR_036837.1	1419	5	0
NR_036836.1	1439	3	0
NR_036794.1	1534	27	0
NR_036790.1	1537	1	0
NR_036787.1	1481	4	0
NR_029371.1	1489	1	0
NR_029368.1	1399	1	0
NR_029367.1	1405	1	0
NR_029342.1	1519	143	0
NR_029329.1	1526	1	0
NR_029309.1	1544	5	0
NR_029259.1	1457	1	0
NR_029252.1	1460	2	0
NR_029212.1	1522	1	0
NR_029203.1	1431	1	0
NR_029199.1	1466	1	0
NR_029195.1	1370	9	0
NR_029180.1	1443	1	0
NR_029171.1	1484	3	0
NR_029162.1	1498	2	0
NR_029123.1	1417	1	0
NR_029068.1	1506	1	0
NR_029063.1	1531	1	0
NR_029062.1	1479	1	0
NR_029058.1	1504	1	0
NR_029046.1	1418	6	0
NR_029044.1	1497	2	0
NR_029041.1	1497	1	0
NR_029029.1	1472	1	0
NR_029008.1	1494	1	0
NR_028993.1	1451	28	0
NR_028986.1	1492	1	0
NR_028983.1	1486	1	0
NR_028959.1	1370	19	0
NR_028953.1	1450	3	0
NR_028946.1	1542	2	0
NR_028912.1	1511	46	0
NR_028909.1	1484	5	0
NR_028897.1	1519	34	0
NR_028893.1	1507	199	0
NR_028876.1	1467	1	0
NR_028857.1	1482	2	0
NR_028847.1	1493	8	0
NR_028841.1	1496	1	0
NR_028807.1	1474	2	0
NR_028803.1	1459	44	0
NR_028802.1	1453	39	0
NR_028801.1	1509	1	0
NR_028788.1	1437	3	0
NR_028783.1	1282	3	0
NR_028774.1	1484	1	0
NR_028767.1	1447	5	0
NR_028750.1	1485	1	0
NR_028749.1	1485	1	0
NR_028717.1	1513	1	0
NR_028715.1	1512	1	0
NR_028710.1	1460	3	0
NR_028688.1	1530	37	0
NR_028687.1	1530	26	0
NR_028686.1	1522	35	0
NR_028685.1	1496	15	0
NR_028683.1	1468	12	0
NR_028663.1	1357	1	0
NR_028635.1	1402	2	0
NR_028631.1	1400	1	0
NR_028625.1	1401	4	0
NR_028619.1	1528	1	0
NR_028615.1	1335	26	0
NR_028614.1	1443	1	0
NR_028009.1	1475	1	0
NR_025566.1	1362	201	0
NR_025565.1	1478	1	0
NR_025564.1	1449	1	0
NR_025543.1	1460	1	0
NR_025513.1	1442	1	0
NR_025497.1	1464	1	0
NR_025486.1	1493	1	0
NR_025467.1	1477	1	0
NR_025440.1	1282	1	0
NR_025409.1	1486	1	0
NR_025401.1	1416	2	0
NR_025384.1	1512	1	0
NR_025367.1	1512	1	0
NR_025359.1	1533	1	0
NR_025341.1	1502	1	0
NR_025340.1	1495	3	0
NR_025339.1	1490	2	0
NR_025338.1	1516	34	0
NR_025335.1	1485	37	0
NR_025334.1	1490	6	0
NR_025331.1	1498	190	0
NR_025330.1	1495	182	0
NR_025329.1	1504	156	0
NR_025328.1	1505	172	0
NR_025327.1	1504	126	0
NR_025323.1	1420	2	0
NR_025320.1	1439	3	0
NR_025316.1	1488	28	0
NR_025315.1	1391	16	0
NR_025314.1	1436	1	0
NR_025312.1	1409	1	0
NR_025302.1	1466	1	0
NR_025295.1	1505	1	0
NR_025217.1	1455	42	0
NR_025161.1	1461	1	0
NR_025159.1	1461	2	0
NR_025158.1	1461	2	0
NR_025102.1	1501	1	0
NR_025097.1	1523	1	0
NR_025057.1	1476	5	0
NR_025053.1	1483	1	0
NR_025051.1	1401	2	0
NR_025048.1	1447	1	0
NR_024983.1	1459	1	0
NR_024981.1	1462	3	0
NR_024978.1	1463	1	0
NR_024977.1	1461	1	0
NR_024966.1	1512	1	0
NR_024950.1	1473	1	0
NR_024925.1	1453	33	0
NR_024899.1	1504	19	0
NR_024883.1	1414	126	0
NR_024861.1	1511	56	0
NR_024848.1	1494	14	0
NR_024847.1	1475	1	0
NR_024843.1	1331	2	0
NR_024810.1	1411	140	0
NR_024781.1	1508	3	0
NR_024773.1	1415	5	0
NR_024768.1	1466	6	0
NR_024738.1	1411	138	0
NR_024734.1	1489	4	0
NR_024680.1	1494	2	0
NR_024644.1	1442	20	0
NR_024643.1	1438	16	0
NR_024642.1	1449	108	0
NR_024640.1	1422	35	0
NR_026534.1	1465	1	0
NR_026509.1	1421	1	0
NR_026476.1	1463	1	0
NR_026465.1	1395	1	0
NR_026462.1	1432	1	0
NR_026450.1	1539	1	0
NR_026439.1	1472	1	0
NR_026436.1	1499	1	0
NR_026332.1	1487	18	0
NR_026331.1	1488	32	0
NR_026224.1	1476	2038	0
NR_026215.1	1401	1	0
NR_026186.1	1481	1	0
NR_026156.1	1472	3	0
NR_026132.1	1483	15	0
NR_026128.1	1465	1	0
NR_026125.1	1436	1	0
NR_026118.1	1476	964	0
NR_026108.1	1500	2	0
NR_026096.1	1437	1	0
NR_026090.1	1432	1	0
NR_026078.1	1537	1	0
NR_026049.1	1456	80	0
NR_026048.1	1456	61	0
NR_026046.1	1458	16	0
NR_026045.1	1455	1255	0
NR_026030.1	1466	2	0
NR_025983.1	1519	8	0
NR_025967.1	1491	8	0
NR_025947.1	1529	1	0
NR_025937.1	1481	1	0
NR_025934.1	1470	1	0
NR_025889.1	1466	1	0
NR_025861.1	1368	9	0
NR_025854.1	1413	5	0
NR_025850.1	1413	4	0
NR_025825.1	1420	1	0
NR_025794.1	1499	1	0
NR_025787.1	1507	1	0
NR_025764.1	1482	1	0
NR_025763.1	1482	1	0
NR_025742.1	1514	1	0
NR_025732.1	1459	1	0
NR_025693.1	1398	2	0
NR_025690.1	1536	1	0
NR_025641.1	1422	1	0
NR_025635.1	1412	14	0
NR_029226.2	1501	1	0
NR_146849.1	1254	5	0
NR_134226.1	1343	1	0
NR_134152.1	1422	4	0
NR_028903.2	1510	1	0
NR_029213.2	1483	5	0
NR_042154.1	1365	16	0
NR_042118.1	1500	1	0
NR_042110.1	1479	1	0
NR_042056.1	1440	1	0
NR_041980.1	1505	1	0
NR_041968.1	1504	104	0
NR_041829.1	1498	1	0
NR_041765.1	1509	5	0
NR_041715.1	1458	1	0
NR_041702.1	1528	2	0
NR_041601.1	1414	33	0
NR_041591.1	1489	1	0
NR_041547.1	1450	65	0
NR_041050.1	1409	270	0
NR_041049.1	1409	232	0
NR_040998.1	1441	1276	0
NR_040858.1	1369	1	0
NR_040846.1	1512	1	0
NR_040817.1	1449	1	0
NR_036773.1	1415	1	0
NR_029362.1	1521	2	0
NR_029358.1	1479	1	0
NR_029306.1	1463	1	0
NR_029225.1	1528	150	0
NR_029222.1	1484	2	0
NR_029153.1	1432	1	0
NR_029067.1	1442	8	0
NR_028979.1	1470	1	0
NR_028972.1	1366	1	0
NR_028938.1	1502	34	0
NR_028892.1	1470	155	0
NR_028891.1	1447	129	0
NR_028830.1	1523	4	0
NR_028692.1	1471	1	0
NR_028677.1	1459	19	0
NR_028639.1	1493	1	0
NR_028014.1	1465	1	0
NR_027604.1	1468	2	0
NR_027591.1	1485	10	0
NR_027587.1	1488	1	0
NR_027556.1	1500	1	0
NR_027554.1	1480	3	0
NR_027553.1	1294	1	0
NR_027549.1	1473	35	0
NR_027546.1	1461	2	0
NR_027544.1	1461	1	0
NR_027543.1	1461	3	0
NR_027540.1	1484	5	0
NR_027530.1	1482	1	0
NR_025569.1	1494	35	0
NR_025562.1	1464	1	0
NR_025342.1	1480	62	0
NR_025337.1	1473	2	0
NR_025333.1	1482	1	0
NR_025332.1	1481	4	0
NR_025243.1	1403	11	0
NR_025125.1	1514	1	0
NR_025121.1	1405	1	0
NR_024996.1	1436	32	0
NR_024888.1	1477	1	0
NR_024820.1	1270	6	0
NR_024795.1	1484	60	0
NR_024770.1	1399	12	0
NR_024769.1	1466	7	0
NR_024728.1	1411	151	0
NR_024706.1	1522	144	0
NR_024641.1	1450	36	0
NR_026513.1	1482	1	0
NR_026124.1	1466	1	0
NR_026107.1	1479	5	0
NR_026056.1	1475	1	0
NR_026050.1	1455	45	0
NR_026047.1	1458	1	0
NR_025860.1	1459	3	0
NR_025703.1	1378	103	0
NR_025661.1	1420	1	0
NR_024570.1	1450	39	0
NR_037084.1	1452	7	0
NR_043237.1	1482	1	0
NR_042040.1	1489	2	0
