NG_087910.1	1026	711	0
NG_087909.1	1029	775	0
NG_087906.1	1013	1	0
NG_087891.1	1084	24	0
NG_087890.1	1084	37	0
NG_087889.1	1084	32	0
NG_087888.1	1084	30	0
NG_087887.1	1084	34	0
NG_087886.1	1071	42	0
NG_087885.1	1084	149	0
NG_087884.1	1084	162	0
NG_087875.1	1678	1	0
NG_087871.1	1009	114	0
NG_087870.1	1009	143	0
NG_087869.1	1009	164	0
NG_087868.1	1006	194	0
NG_062606.1	1685	1	0
NG_063068.1	1662	2	0
NG_063049.1	1651	1	0
NG_061019.1	1738	5	0
NG_081434.1	1696	1	0
NG_081431.1	1136	299	0
NG_081430.1	1135	241	0
NG_081429.1	1127	334	0
NG_081428.1	1130	203	0
NG_081427.1	1128	219	0
NG_081424.1	1013	2027	0
NG_081423.1	749	558	0
NG_081420.1	1028	74	0
NG_081419.1	1029	59	0
NG_081418.1	1018	68	0
NG_081417.1	1029	84	0
NG_081416.1	1027	55	0
NG_081412.1	1098	234	0
NG_081411.1	1071	216	0
NG_081410.1	1093	204	0
NG_081409.1	1134	218	0
NG_081403.1	1023	1	0
NG_081398.1	1028	6	0
NG_081397.1	1325	1	0
NG_081396.1	1664	1	0
NG_081390.1	1012	1	0
NG_081380.1	1645	1460	0
NG_081377.1	1653	5	0
NG_081366.1	1736	3330	0
NG_081364.1	1737	5332	0
NG_081360.1	1741	2	0
NG_065067.1	1010	1053	0
NG_065066.1	1009	205	0
NG_070909.1	1026	1	0
NG_067668.1	1106	61	0
NG_067667.1	1106	75	0
NG_078770.1	1106	900	0
NG_078757.1	1647	4	0
NG_078756.1	1595	30	0
NG_078755.1	1607	3	0
NG_078753.1	578	6	0
NG_078752.1	1032	1	0
NG_078750.1	1648	1	0
NG_078741.1	1765	1683	0
NG_078738.1	1008	1452	0
NG_078737.1	1007	249	0
NG_078736.1	894	61	0
NG_078735.1	1008	61	0
NG_078734.1	1008	73	0
NG_078733.1	1008	60	0
NG_078732.1	1008	83	0
NG_078730.1	1727	1	0
NG_078727.1	1690	3	0
NG_078724.1	1782	1981	0
NG_078723.1	1782	27	0
NG_077396.1	1775	2	0
NG_064823.1	1723	2	0
NG_062617.1	1723	1	0
NG_065099.1	1008	76	0
NG_077448.1	1128	237	0
NG_077447.1	1100	103	0
NG_077445.1	1001	3	0
NG_077444.1	1008	4	0
NG_077443.1	1000	1	0
NG_077442.1	985	20	0
NG_077440.1	996	2	0
NG_077431.1	1177	12	0
NG_077406.1	1594	40	0
NG_077405.1	1552	3	0
NG_077404.1	1718	1	0
NG_077401.1	1617	1	0
NG_077400.1	1577	1	0
NG_070848.1	1732	2	0
NG_063512.1	1750	1	0
NG_063443.1	1763	16	0
NG_063441.1	1763	12	0
NG_065501.1	1787	709	0
NG_063416.1	1782	6	0
NG_061244.1	1005	1	0
NG_076801.1	1013	1	0
NG_076758.1	1011	1	0
NG_065542.1	1724	1	0
NG_064798.1	1736	2	0
NG_063414.1	1781	1	0
NG_062990.1	1463	1	0
NG_062663.1	2451	1	0
NG_062372.1	1729	1	0
NG_061072.1	1598	1	0
NG_017171.1	1771	1214	0
NG_074968.1	1102	249	0
NG_074967.1	985	224	0
NG_074961.1	1025	55	0
NG_074958.1	2084	1	0
NG_074957.1	991	543	0
NG_074954.1	1678	15	0
NG_074937.1	1013	1	0
NG_074931.1	988	1	0
NG_074914.1	1670	1	0
NG_074908.1	1046	88	0
NG_064992.1	1183	6	0
NG_073571.1	1084	228	0
NG_073570.1	1088	246	0
NG_073569.1	1084	1972	0
NG_073567.1	1714	5	0
NG_073566.1	1729	1	0
NG_073565.1	1673	4	0
NG_073564.1	1714	1	0
NG_073563.1	1700	1	0
NG_073562.1	1651	4	0
NG_073558.1	1006	1	0
NG_073541.1	753	62	0
NG_073539.1	946	1	0
NG_073532.1	1043	1	0
NG_073528.1	1327	3	0
NG_073527.1	1670	1	0
NG_073521.1	1654	42	0
NG_073520.1	1657	27	0
NG_073510.1	1001	1	0
NG_073503.1	1686	12	0
NG_073502.1	1680	1	0
NG_073498.1	1737	3	0
NG_073497.1	1589	12	0
NG_065069.1	1009	78	0
NG_070267.1	998	1	0
NG_016524.2	1711	2	0
NG_070882.1	1802	49	0
NG_070881.1	1781	2189	0
NG_070878.1	1761	973	0
NG_070877.1	1964	4306	0
NG_070875.1	1792	4271	0
NG_070874.1	1766	1785	0
NG_070871.1	1689	2	0
NG_070868.1	1801	2	0
NG_070864.1	1085	37	0
NG_070862.1	2650	48	0
NG_070856.1	1708	1	0
NG_070855.1	1782	3	0
NG_070854.1	1786	2	0
NG_070853.1	2071	7	0
NG_070852.1	1748	2	0
NG_070851.1	1748	3	0
NG_070850.1	1849	722	0
NG_070849.1	1741	64	0
NG_070847.1	1780	6	0
NG_070863.1	1771	5	0
NG_070808.1	1738	3006	0
NG_070807.1	1686	1	0
NG_070806.1	1771	127	0
NG_070805.1	1771	120	0
NG_070804.1	1788	49	0
NG_070803.1	1787	53	0
NG_070802.1	1783	6	0
NG_070801.1	1776	44	0
NG_070797.1	1774	1738	0
NG_070795.1	1696	12	0
NG_070794.1	1241	11	0
NG_070792.1	1718	1	0
NG_070791.1	1787	9	0
NG_070790.1	1802	3	0
NG_070788.1	1748	2	0
NG_070787.1	1788	1	0
NG_070697.1	1839	3122	0
NG_070695.1	1592	132	0
NG_070694.1	1667	156	0
NG_070693.1	1698	153	0
NG_070692.1	1170	52	0
NG_070691.1	1731	89	0
NG_070690.1	1757	54	0
NG_070687.1	1770	140	0
NG_070685.1	1760	6	0
NG_070641.1	1667	11	0
NG_070638.1	1772	6558	0
NG_070635.1	1741	754	0
NG_063530.1	1738	9	0
NG_070345.1	1010	1	0
NG_070325.1	1029	1	0
NG_070323.1	1634	1	0
NG_070310.1	1640	4	0
NG_070309.1	1791	7	0
NG_070308.1	1640	8	0
NG_070307.1	1637	3	0
NG_070306.1	1641	8	0
NG_070305.1	1640	5	0
NG_070304.1	1640	7	0
NG_070303.1	1641	4	0
NG_070302.1	1640	6	0
NG_070294.1	1721	220	0
NG_070292.1	1105	31	0
NG_070290.1	1674	1	0
NG_070289.1	1106	23	0
NG_070288.1	1106	37	0
NG_070287.1	1713	203	0
NG_070285.1	1673	1	0
NG_070283.1	1664	348	0
NG_070282.1	1719	340	0
NG_070281.1	1809	4	0
NG_070280.1	1573	1	0
NG_070279.1	1765	3	0
NG_070278.1	996	1	0
NG_070245.1	996	1	0
NG_070241.1	993	1	0
NG_070240.1	996	1	0
NG_070238.1	1058	1	0
NG_070235.1	1750	2	0
NG_070233.1	1782	4	0
NG_070231.1	1762	2	0
NG_070132.1	741	207	0
NG_070131.1	1132	317	0
NG_070130.1	1126	209	0
NG_070129.1	1133	294	0
NG_070119.1	1025	1	0
NG_070117.1	1663	6	0
NG_070115.1	1106	23	0
NG_070101.1	1615	2	0
NG_064857.1	2250	19	0
NG_063521.1	1753	2	0
NG_068400.1	967	20	0
NG_068360.1	1739	667	0
NG_068406.1	1030	1	0
NG_068376.1	1002	1	0
NG_065591.1	1728	9	0
NG_065590.1	1705	1	0
NG_067712.1	1026	1	0
NG_067709.1	1611	1	0
NG_067705.1	1774	7679	0
NG_067704.1	1773	1598	0
NG_067696.1	1113	145	0
NG_067669.1	1107	534	0
NG_067666.1	1025	195	0
NG_067665.1	1025	181	0
NG_062957.1	1655	14	0
NG_063445.1	1739	1	0
NG_063429.1	1721	2	0
NG_061036.1	1735	9	0
NG_065804.1	1748	1	0
NG_065785.1	1023	1	0
NG_065777.1	1023	1	0
NG_065752.1	851	1	0
NG_065741.1	1417	1	0
NG_065733.1	995	205	0
NG_065732.1	1025	129	0
NG_065717.1	744	217	0
NG_065709.1	890	1	0
NG_065707.1	1715	41	0
NG_065706.1	1565	1	0
NG_065700.1	1030	1	0
NG_065698.1	1601	1	0
NG_065696.1	1598	2	0
NG_065688.1	994	1	0
NG_065681.1	1559	1	0
NG_065675.1	999	2	0
NG_065673.1	1629	1	0
NG_065672.1	1629	1	0
NG_065671.1	1613	1	0
NG_065669.1	1629	2	0
NG_065667.1	1031	1	0
NG_065666.1	1639	2	0
NG_065659.1	1675	2	0
NG_065653.1	1106	19	0
NG_065652.1	1106	17	0
NG_065651.1	1566	253	0
NG_065650.1	1595	455	0
NG_065644.1	1097	65	0
NG_065643.1	2170	1	0
NG_065631.1	1596	1	0
NG_065623.1	1118	1	0
NG_065622.1	1613	1	0
NG_065621.1	1608	1	0
NG_065618.1	1688	1	0
NG_065617.1	1584	1	0
NG_065616.1	1615	1	0
NG_065613.1	1578	2	0
NG_065612.1	1617	1	0
NG_065608.1	1571	2	0
NG_065604.1	1774	2	0
NG_065601.1	1755	3	0
NG_065589.1	1753	49	0
NG_065585.1	1715	1	0
NG_065581.1	1722	1	0
NG_065577.1	1728	3	0
NG_065566.1	2245	1	0
NG_065549.1	1711	17	0
NG_065539.1	1030	2	0
NG_065537.1	1721	1	0
NG_065534.1	1698	1	0
NG_065529.1	1687	12	0
NG_065528.1	1699	1	0
NG_065527.1	1705	3	0
NG_065526.1	1687	1	0
NG_065525.1	1707	1	0
NG_065522.1	1666	1	0
NG_065508.1	1683	1	0
NG_065503.1	1756	6	0
NG_065502.1	1669	1	0
NG_065500.1	1766	5	0
NG_065499.1	942	1	0
NG_065497.1	1787	6	0
NG_065496.1	1784	8	0
NG_065495.1	1732	1	0
NG_065488.1	1721	1	0
NG_065486.1	1781	2	0
NG_065485.1	1758	1	0
NG_065484.1	1706	35	0
NG_065483.1	1754	20	0
NG_065479.1	1710	23	0
NG_065478.1	1708	16	0
NG_065475.1	1724	5	0
NG_065469.1	1639	11	0
NG_065468.1	1748	5	0
NG_065467.1	1745	6	0
NG_065466.1	1740	674	0
NG_065464.1	1750	4	0
NG_013153.1	2033	8	0
NG_013120.1	1647	4	0
NG_063460.1	1781	31	0
NG_062980.1	1656	1	0
NG_065157.1	1804	1	0
NG_065156.1	1806	5	0
NG_065155.1	1801	3	0
NG_065121.1	1740	2	0
NG_065098.1	1006	215	0
NG_065094.1	982	1	0
NG_065080.1	1708	3	0
NG_065077.1	1004	195	0
NG_065068.1	1009	1803	0
NG_065065.1	1025	328	0
NG_065057.1	1652	139	0
NG_065052.1	963	1	0
NG_065046.1	1534	1	0
NG_065042.1	1614	2	0
NG_065020.1	1718	1	0
NG_065018.1	1029	1	0
NG_064999.1	2408	1	0
NG_064986.1	1036	398	0
NG_064985.1	1028	9219	0
NG_064984.1	1024	55	0
NG_064983.1	1085	48	0
NG_064982.1	1096	51	0
NG_064977.1	1735	1	0
NG_064976.1	1776	1205	0
NG_064969.1	1667	97	0
NG_064968.1	1663	73	0
NG_064959.1	1073	996	0
NG_064958.1	1724	4485	0
NG_064955.1	1134	709	0
NG_064954.1	1717	3	0
NG_064953.1	1718	1	0
NG_064948.1	1766	1	0
NG_064942.1	1773	2	0
NG_064941.1	1691	1	0
NG_064939.1	1779	1	0
NG_064921.1	1714	4479	0
NG_064920.1	1733	9	0
NG_064909.1	1663	1	0
NG_064908.1	1724	39	0
NG_064907.1	1767	50	0
NG_064906.1	1786	1	0
NG_064902.1	1196	720	0
NG_064899.1	1788	10	0
NG_064898.1	1662	1	0
NG_064897.1	1783	4	0
NG_064896.1	1735	5	0
NG_064889.1	2050	38	0
NG_064888.1	1804	8	0
NG_064886.1	1743	1	0
NG_064884.1	1690	2	0
NG_064879.1	1684	19	0
NG_064878.1	1787	2	0
NG_064873.1	1784	1	0
NG_064871.1	1781	16	0
NG_064870.1	1777	7	0
NG_064869.1	1781	17	0
NG_064864.1	1745	11	0
NG_064863.1	1777	12	0
NG_064859.1	2522	27	0
NG_064858.1	1750	31	0
NG_064839.1	1687	30	0
NG_064838.1	1721	4	0
NG_064830.1	1769	2	0
NG_064828.1	1775	1	0
NG_064826.1	1772	1	0
NG_064824.1	1757	193	0
NG_064815.1	1727	1	0
NG_064814.1	1723	1	0
NG_064812.1	1735	1	0
NG_064803.1	1733	1	0
NG_064801.1	1777	1	0
NG_064800.1	1447	57	0
NG_064797.1	1750	2	0
NG_064796.1	1748	1	0
NG_064795.1	1752	6	0
NG_063410.1	1743	6	0
NG_062811.1	1771	2	0
NG_063646.1	1030	4	0
NG_063645.1	1029	3	0
NG_063542.1	1733	8	0
NG_063532.1	1734	7	0
NG_063531.1	1734	3	0
NG_063529.1	1736	10	0
NG_063528.1	2044	26	0
NG_063527.1	1757	7	0
NG_063526.1	1753	7	0
NG_063524.1	1754	16	0
NG_063523.1	1777	10	0
NG_063522.1	1755	51	0
NG_063520.1	1777	141	0
NG_063519.1	1784	3	0
NG_063517.1	1782	47	0
NG_063510.1	1789	63	0
NG_063508.1	1769	1	0
NG_063491.1	1753	1	0
NG_063488.1	1752	2	0
NG_063484.1	1753	1	0
NG_063481.1	1753	1	0
NG_063480.1	1753	1	0
NG_063478.1	1735	1	0
NG_063477.1	1735	2	0
NG_063475.1	1735	1	0
NG_063474.1	1782	14	0
NG_063473.1	1754	21	0
NG_063472.1	1776	3	0
NG_063471.1	1791	12	0
NG_063470.1	1782	27	0
NG_063469.1	1782	13	0
NG_063468.1	1782	19	0
NG_063467.1	1781	9	0
NG_063466.1	1782	187	0
NG_063465.1	1782	23	0
NG_063464.1	1782	7	0
NG_063463.1	1782	17	0
NG_063462.1	1782	19	0
NG_063461.1	1782	29	0
NG_063459.1	1782	9	0
NG_063458.1	1783	23	0
NG_063457.1	1782	28	0
NG_063456.1	1756	1	0
NG_063455.1	1780	31	0
NG_063454.1	1780	20	0
NG_063453.1	1780	29	0
NG_063452.1	1781	1	0
NG_063451.1	2088	4	0
NG_063450.1	1668	3	0
NG_063446.1	1790	3	0
NG_063444.1	1766	8	0
NG_063439.1	1757	24	0
NG_063438.1	1786	1	0
NG_063434.1	1766	1	0
NG_063431.1	1778	1	0
NG_063426.1	1766	2	0
NG_063422.1	1766	1	0
NG_063421.1	1781	5	0
NG_063420.1	1784	7	0
NG_063419.1	1768	5	0
NG_063417.1	1781	7	0
NG_063413.1	1759	2	0
NG_063411.1	1773	1	0
NG_063407.1	1767	14	0
NG_063403.1	1780	14	0
NG_063399.1	1782	1	0
NG_063397.1	1782	7	0
NG_063395.1	1784	6	0
NG_063394.1	1781	1	0
NG_063392.1	1749	3	0
NG_063388.1	1757	1	0
NG_063387.1	1751	1	0
NG_063386.1	1778	3407	0
NG_063385.1	1755	4	0
NG_063384.1	1744	93	0
NG_063383.1	1737	4	0
NG_063379.1	1734	1	0
NG_063378.1	1734	1	0
NG_063377.1	1720	1	0
NG_063376.1	1737	2	0
NG_063370.1	1718	1	0
NG_063367.1	1757	2	0
NG_063359.1	1726	3	0
NG_063358.1	1751	1	0
NG_063355.1	1621	477	0
NG_063346.1	1784	1	0
NG_063338.1	1722	1	0
NG_063325.1	1720	3	0
NG_063324.1	1716	1	0
NG_063321.1	1718	16	0
NG_063319.1	1719	5	0
NG_063318.1	1708	3	0
NG_063308.1	1668	1	0
NG_063305.1	1663	1	0
NG_063298.1	1655	1	0
NG_063292.1	1699	1	0
NG_063288.1	1737	1	0
NG_063287.1	1764	1	0
NG_063286.1	1752	10	0
NG_063285.1	1724	1	0
NG_063282.1	1724	1	0
NG_063281.1	1726	1	0
NG_063280.1	1724	1	0
NG_063278.1	1729	1	0
NG_063275.1	1722	1	0
NG_063270.1	1718	1	0
NG_063268.1	1752	5	0
NG_063267.1	1753	10	0
NG_063266.1	1752	6	0
NG_063265.1	1752	5	0
NG_063264.1	1717	1	0
NG_063247.1	1737	1	0
NG_063235.1	1787	3	0
NG_063234.1	1794	79	0
NG_063233.1	1801	2	0
NG_063232.1	1777	3	0
NG_063231.1	1751	2	0
NG_063081.1	1783	2	0
NG_063047.1	2053	10	0
NG_063046.1	2055	13	0
NG_062781.1	1734	1	0
NG_062729.1	1619	2	0
NG_062682.1	1753	1	0
NG_062675.1	1650	1	0
NG_062668.1	1670	1	0
NG_063109.1	1787	6	0
NG_063106.1	1771	1	0
NG_063105.1	1766	2	0
NG_063102.1	1744	1	0
NG_063101.1	1731	3	0
NG_063098.1	1614	384	0
NG_063085.1	1628	2	0
NG_063079.1	1687	1	0
NG_063072.1	1599	1	0
NG_063069.1	1597	1	0
NG_063057.1	1637	1	0
NG_063045.1	1588	46	0
NG_063044.1	1589	5	0
NG_063043.1	1582	2	0
NG_063002.1	1542	49	0
NG_063000.1	1570	6	0
NG_062983.1	1598	1	0
NG_062982.1	1599	1	0
NG_062979.1	1656	4	0
NG_062978.1	1646	1	0
NG_062976.1	1659	3	0
NG_062975.1	1642	11	0
NG_062974.1	1656	289	0
NG_062973.1	1654	50	0
NG_062972.1	1657	37	0
NG_062971.1	1657	36	0
NG_062970.1	1657	31	0
NG_062969.1	1656	35	0
NG_062968.1	1657	36	0
NG_062967.1	1656	31	0
NG_062966.1	1656	102	0
NG_062965.1	1655	12	0
NG_062964.1	1654	4	0
NG_062963.1	1656	17	0
NG_062962.1	1656	16	0
NG_062961.1	1655	3	0
NG_062959.1	1655	7	0
NG_062956.1	1655	2	0
NG_062955.1	1653	3	0
NG_062954.1	1655	10	0
NG_062953.1	1653	3	0
NG_062952.1	1656	4	0
NG_062951.1	1654	3	0
NG_062950.1	1655	10	0
NG_062949.1	1655	14	0
NG_062948.1	1654	1	0
NG_062947.1	1655	8	0
NG_062946.1	1653	5	0
NG_062945.1	1655	8	0
NG_062944.1	1656	6	0
NG_062942.1	1656	6	0
NG_062941.1	1656	11	0
NG_062939.1	1656	11	0
NG_062938.1	1655	5	0
NG_062937.1	1657	15	0
NG_062936.1	1656	12	0
NG_062935.1	1656	8	0
NG_062934.1	1656	8	0
NG_062933.1	1655	13	0
NG_062932.1	1658	2	0
NG_062931.1	1656	9	0
NG_062924.1	1703	1	0
NG_062923.1	1686	94	0
NG_062866.1	1640	2	0
NG_062864.1	1596	1	0
NG_062862.1	1637	1	0
NG_062859.1	1019	1	0
NG_062850.1	1068	2	0
NG_062827.1	1097	1	0
NG_062823.1	2063	1	0
NG_062816.1	2007	1	0
NG_062815.1	1770	1	0
NG_062804.1	1732	2	0
NG_062801.1	1647	1	0
NG_062797.1	1750	1	0
NG_062788.1	1753	2	0
NG_062786.1	1728	1	0
NG_062771.1	1600	1	0
NG_062768.1	1590	2	0
NG_062765.1	1590	1	0
NG_062764.1	1590	1	0
NG_062749.1	1134	1	0
NG_062735.1	1697	681	0
NG_062734.1	1670	1	0
NG_062732.1	1549	2	0
NG_062727.1	1750	1	0
NG_062726.1	1763	1	0
NG_062715.1	1611	1	0
NG_062714.1	1682	1	0
NG_062711.1	1659	1	0
NG_062710.1	1704	1	0
NG_062709.1	1697	1	0
NG_062705.1	1706	2	0
NG_062704.1	2692	1	0
NG_062700.1	1691	18	0
NG_062699.1	1702	12	0
NG_062697.1	1653	10	0
NG_062696.1	1754	1	0
NG_062694.1	1141	213	0
NG_062691.1	1799	2	0
NG_062683.1	1744	12	0
NG_062671.1	1783	3	0
NG_062670.1	1783	1	0
NG_062667.1	1759	7	0
NG_062656.1	1727	12	0
NG_062655.1	1726	19	0
NG_062648.1	1743	1	0
NG_062647.1	1714	1	0
NG_062645.1	1753	1	0
NG_062641.1	1758	2	0
NG_062640.1	1761	4	0
NG_062639.1	1731	3	0
NG_062638.1	1753	1	0
NG_062636.1	1758	4	0
NG_062635.1	1750	9	0
NG_062626.1	1766	2	0
NG_062625.1	1752	5	0
NG_062624.1	1756	225	0
NG_062622.1	1757	190	0
NG_062620.1	1757	1	0
NG_062619.1	1757	214	0
NG_062618.1	1757	197	0
NG_062616.1	1782	179	0
NG_062615.1	1782	192	0
NG_062611.1	1792	10	0
NG_062607.1	1686	1	0
NG_062600.1	1769	4	0
NG_062599.1	1740	14	0
NG_062598.1	1741	1	0
NG_062597.1	1740	19	0
NG_062596.1	1741	1	0
NG_062595.1	1739	400	0
NG_062594.1	1739	7	0
NG_062593.1	1742	10	0
NG_062420.1	1461	4299	0
NG_062417.1	942	1	0
NG_062412.1	1599	1	0
NG_062410.1	1579	1	0
NG_062407.1	1613	1	0
NG_062404.1	1577	3	0
NG_062402.1	1642	1	0
NG_062399.1	1656	3	0
NG_062393.1	1696	127	0
NG_062392.1	1738	1	0
NG_062391.1	1663	16	0
NG_062385.1	1734	2	0
NG_062382.1	1684	54	0
NG_062381.1	1770	15	0
NG_062379.1	1138	1	0
NG_062378.1	1619	8	0
NG_062377.1	1765	1	0
NG_062376.1	1653	3	0
NG_062371.1	1770	33	0
NG_062367.1	1783	39	0
NG_062366.1	1767	4553	0
NG_062362.1	1769	1	0
NG_062197.1	1783	4	0
NG_062196.1	1783	7	0
NG_062195.1	1783	3	0
NG_062192.1	1697	23	0
NG_062191.1	1697	11	0
NG_062184.1	2035	1	0
NG_062178.1	1578	1	0
NG_062171.1	1663	652	0
NG_062169.1	1719	8	0
NG_062168.1	1719	4	0
NG_062167.1	1719	6	0
NG_062165.1	1719	12	0
NG_062163.1	1650	2	0
NG_062162.1	1651	2	0
NG_062160.1	1655	2	0
NG_062159.1	1655	2	0
NG_062158.1	1656	4	0
NG_062157.1	1656	3	0
NG_062156.1	1656	2	0
NG_062147.1	1789	35	0
NG_062145.1	1799	4	0
NG_062144.1	1744	1	0
NG_062141.1	1758	30	0
NG_062140.1	1753	17	0
NG_062139.1	1686	16	0
NG_062138.1	1668	14	0
NG_062137.1	1673	13	0
NG_062136.1	1781	21	0
NG_062135.1	1782	14	0
NG_062134.1	1782	9	0
NG_062133.1	1781	43	0
NG_062132.1	1757	1	0
NG_062131.1	1733	9	0
NG_062130.1	1731	12	0
NG_062129.1	1762	1	0
NG_062126.1	1762	2	0
NG_062125.1	1786	1	0
NG_062124.1	1767	2	0
NG_062123.1	1735	3	0
NG_062122.1	1734	4	0
NG_062120.1	1779	3	0
NG_062119.1	1762	5	0
NG_062111.1	1654	1	0
NG_062110.1	1654	1	0
NG_062109.1	1657	2	0
NG_062108.1	1654	1	0
NG_062107.1	1656	311	0
NG_062106.1	1655	2	0
NG_062105.1	1656	1	0
NG_062104.1	1659	1	0
NG_062103.1	1659	2	0
NG_062102.1	1652	2	0
NG_062101.1	1656	2	0
NG_062100.1	1656	2	0
NG_062099.1	1656	2	0
NG_062098.1	1656	2	0
NG_062097.1	1655	3	0
NG_062096.1	1657	9	0
NG_062095.1	1655	4	0
NG_062094.1	1655	12	0
NG_062092.1	1765	10	0
NG_062091.1	1758	20	0
NG_062090.1	1758	13	0
NG_062089.1	1763	3	0
NG_062088.1	1758	13	0
NG_062087.1	1762	14	0
NG_062086.1	1758	12	0
NG_062085.1	1708	10	0
NG_062084.1	1746	14	0
NG_062083.1	1775	11	0
NG_062082.1	1758	10	0
NG_062081.1	1758	23	0
NG_062078.1	1749	6	0
NG_062077.1	1786	1	0
NG_062074.1	1741	5	0
NG_062073.1	1724	3	0
NG_062071.1	1721	3	0
NG_062069.1	1696	1	0
NG_062064.1	1681	1	0
NG_062062.1	1659	1	0
NG_062055.1	1659	1	0
NG_062050.1	1671	2	0
NG_062048.1	1790	362	0
NG_062042.1	1781	22	0
NG_062038.1	1742	1	0
NG_062033.1	1781	22	0
NG_062030.1	1775	19	0
NG_062029.1	1782	3	0
NG_062028.1	1782	8	0
NG_062027.1	1782	4	0
NG_062026.1	1782	4	0
NG_062025.1	1789	5	0
NG_062024.1	1792	166	0
NG_062023.1	1776	3	0
NG_062019.1	1780	8	0
NG_062015.1	1778	1	0
NG_062013.1	1776	1	0
NG_062012.1	1774	7	0
NG_062010.1	1754	1	0
NG_062009.1	1755	3	0
NG_062008.1	1749	2	0
NG_061301.1	1762	2	0
NG_061284.1	857	16354	0
NG_061275.1	1507	1	0
NG_061262.1	1783	6	0
NG_061261.1	974	1	0
NG_061250.1	1051	1	0
NG_061239.1	1448	1529	0
NG_061232.1	941	1	0
NG_061226.1	1003	140	0
NG_061196.1	1697	19	0
NG_061178.1	1623	2	0
NG_061177.1	1712	2	0
NG_061173.1	767	487	0
NG_061171.1	1547	16	0
NG_061168.1	1554	1	0
NG_061166.1	1719	10	0
NG_061164.1	1463	1	0
NG_061162.1	1654	1	0
NG_061161.1	1654	1	0
NG_061160.1	1656	302	0
NG_061158.1	1657	33	0
NG_061155.1	1656	2	0
NG_061154.1	1655	4	0
NG_061153.1	1656	1	0
NG_061152.1	1655	2	0
NG_061151.1	1656	2	0
NG_061150.1	1655	2	0
NG_061149.1	1656	3	0
NG_061148.1	1656	1	0
NG_061140.1	1649	113	0
NG_061134.1	1640	1	0
NG_061133.1	1749	4	0
NG_061132.1	1749	3	0
NG_061130.1	1752	1	0
NG_061128.1	1753	1	0
NG_061126.1	1646	13	0
NG_061125.1	1763	2	0
NG_061116.1	1778	4	0
NG_061115.1	1775	2322	0
NG_061114.1	1664	15	0
NG_061113.1	1664	110	0
NG_061110.1	1773	1	0
NG_061108.1	1201	2	0
NG_061106.1	1697	1	0
NG_061103.1	1746	2	0
NG_061096.1	1741	2	0
NG_061095.1	1747	1	0
NG_061091.1	1737	1	0
NG_061089.1	1787	1	0
NG_061087.1	1727	1	0
NG_061084.1	1737	1	0
NG_061077.1	2459	47	0
NG_061076.1	1684	47	0
NG_061059.1	1575	9	0
NG_061056.1	1715	137	0
NG_061053.1	1769	1259	0
NG_061047.1	1600	4	0
NG_061045.1	1792	8	0
NG_061044.1	1675	1	0
NG_061043.1	1648	2	0
NG_061042.1	1777	9	0
NG_061040.1	1734	3	0
NG_061038.1	1756	29	0
NG_061035.1	1746	2	0
NG_061034.1	1759	24	0
NG_061026.1	1849	9	0
NG_061022.1	1758	2	0
NG_061018.1	1749	8	0
NG_061017.1	1753	1	0
NG_061011.1	1776	1193	0
NG_061010.1	1752	3	0
NG_061008.1	1762	50	0
NG_060996.1	1676	87	0
NG_060988.1	1778	21	0
NG_060986.1	1781	36	0
NG_060985.1	1782	6	0
NG_060984.1	1781	6	0
NG_060983.1	1781	17	0
NG_060982.1	1782	24	0
NG_060978.1	1760	1	0
NG_060976.1	1763	2	0
NG_060975.1	2072	1	0
NG_060974.1	1781	1	0
NG_060972.1	1740	4	0
NG_060971.1	1683	1	0
NG_060970.1	1688	1	0
NG_013144.1	2080	1	0
NG_013175.1	1776	388	0
NG_017192.1	1736	6	0
NG_017187.1	1751	104	0
NG_017185.1	1816	16	0
NG_017179.1	1787	89	0
NG_017174.1	1770	1288	0
NG_017173.1	2620	1318	0
NG_017172.1	1796	980	0
NG_017168.1	1784	1384	0
NG_017166.1	1860	14	0
NG_016540.1	1708	1	0
NG_016538.1	1016	1	0
NG_013154.1	1715	451	0
NG_012432.1	1724	3	0
NG_017176.1	1463	1537	0
