NG_079683.1	1329	38	0
NG_088360.1	859	103	0
NG_088355.1	941	2	0
NG_088354.1	888	1	0
NG_088352.1	1372	2	0
NG_088322.1	824	16	0
NG_088317.1	1342	1522	0
NG_088316.1	1344	42	0
NG_088315.1	1344	33	0
NG_088311.1	1350	11	0
NG_088310.1	1360	13	0
NG_088309.1	1348	10	0
NG_088307.1	1379	301	0
NG_088305.1	1378	1	0
NG_088304.1	1384	1	0
NG_088301.1	913	7	0
NG_088298.1	1345	146	0
NG_088294.1	810	10685	0
NG_088292.1	893	52	0
NG_088291.1	862	6	0
NG_088285.1	1339	1	0
NG_088283.1	945	1	0
NG_088282.1	868	2340	0
NG_088279.1	892	1	0
NG_088269.1	1379	7	0
NG_088268.1	1398	6	0
NG_088262.1	1379	84	0
NG_088261.1	1338	115	0
NG_088260.1	1400	103	0
NG_088259.1	1372	84	0
NG_088258.1	1348	93	0
NG_088257.1	1355	78	0
NG_088256.1	1353	88	0
NG_088255.1	1352	83	0
NG_088254.1	933	1	0
NG_088253.1	1385	1	0
NG_088250.1	878	1	0
NG_088248.1	868	2	0
NG_088239.1	1350	193	0
NG_088237.1	1337	1	0
NG_088232.1	929	25	0
NG_088231.1	892	1	0
NG_088230.1	1391	2116	0
NG_088229.1	1390	329	0
NG_088228.1	1352	91	0
NG_088227.1	1354	108	0
NG_088221.1	668	8	0
NG_088217.1	1339	95	0
NG_088215.1	1384	1050	0
NG_088213.1	1390	1	0
NG_088210.1	888	2	0
NG_088209.1	1368	2	0
NG_088204.1	1348	1	0
NG_088203.1	1275	1	0
NG_088202.1	1336	20	0
NG_088198.1	1392	4	0
NG_088196.1	1334	1	0
NG_088195.1	1345	1	0
NG_088188.1	835	1	0
NG_088186.1	1353	52	0
NG_088185.1	970	198	0
NG_088184.1	968	4	0
NG_088183.1	934	1	0
NG_088179.1	1344	141	0
NG_088178.1	881	1	0
NG_088159.1	1393	1	0
NG_088158.1	869	937	0
NG_088157.1	1310	1	0
NG_088152.1	945	19	0
NG_088150.1	925	5	0
NG_088145.1	913	107	0
NG_088142.1	1390	19	0
NG_088140.1	1355	12	0
NG_088139.1	860	1	0
NG_088137.1	838	1	0
NG_088132.1	855	1	0
NG_088127.1	842	1	0
NG_088125.1	837	1	0
NG_088124.1	847	87	0
NG_088122.1	1310	385	0
NG_088118.1	614	1	0
NG_088110.1	868	439	0
NG_088108.1	1355	15	0
NG_088106.1	946	29	0
NG_088104.1	1206	1	0
NG_088103.1	1354	1	0
NG_088090.1	803	1	0
NG_088088.1	898	1	0
NG_088084.1	843	37	0
NG_088083.1	1297	173	0
NG_088082.1	1359	91	0
NG_088069.1	867	5	0
NG_088067.1	1399	99	0
NG_088066.1	1395	112	0
NG_088065.1	1399	97	0
NG_088062.1	1347	49	0
NG_088061.1	1344	1	0
NG_088060.1	1334	288	0
NG_088042.1	1299	1	0
NG_088041.1	1291	1	0
NG_088040.1	1291	1	0
NG_088037.1	828	194	0
NG_088035.1	874	2	0
NG_088034.1	872	41	0
NG_088032.1	869	1	0
NG_088031.1	799	4	0
NG_088020.1	1280	149	0
NG_088018.1	1314	1	0
NG_088016.1	1431	159	0
NG_088011.1	1357	1	0
NG_067788.1	1303	1	0
NG_064334.1	882	1	0
NG_070816.1	916	2	0
NG_070626.1	845	5	0
NG_068751.1	892	2	0
NG_060299.1	795	25	0
NG_059749.1	805	2	0
NG_058505.1	849	1	0
NG_058263.1	1415	5	0
NG_058141.1	1380	1	0
NG_058140.1	1381	3	0
NG_058018.1	1313	1	0
NG_058017.1	1312	3	0
NG_058015.1	1303	3	0
NG_057992.1	809	1	0
NG_057990.1	802	1	0
NG_057987.1	798	3	0
NG_057986.1	799	2	0
NG_081542.1	885	1	0
NG_081526.1	887	2	0
NG_081516.1	1286	7	0
NG_081479.1	1303	1	0
NG_081469.1	665	8	0
NG_081453.1	882	1	0
NG_081450.1	839	1	0
NG_081447.1	871	9	0
NG_081445.1	1102	2	0
NG_081325.1	762	1	0
NG_081306.1	979	1	0
NG_081303.1	887	2	0
NG_081295.1	917	27	0
NG_081284.1	1330	36	0
NG_081280.1	944	1	0
NG_081279.1	944	1	0
NG_081277.1	836	13	0
NG_067807.1	876	1	0
NG_060409.1	1367	2	0
NG_060408.1	1375	1	0
NG_077386.1	915	7	0
NG_074502.1	937	1	0
NG_069325.1	1325	288	0
NG_068872.1	1283	26	0
NG_068871.1	1281	175	0
NG_068870.1	1255	149	0
NG_068869.1	1289	8	0
NG_068734.1	1347	1	0
NG_059107.1	1349	1	0
NG_058802.1	953	1	0
NG_058800.1	951	1	0
NG_058798.1	954	2	0
NG_058784.1	963	2	0
NG_042652.1	1344	999	0
NG_042651.1	1342	927	0
NG_079710.1	1346	1	0
NG_079706.1	1324	337	0
NG_079701.1	943	1	0
NG_079700.1	787	1	0
NG_079698.1	908	123	0
NG_079691.1	883	4	0
NG_079689.1	884	5	0
NG_079687.1	1373	253	0
NG_079686.1	1288	2	0
NG_079685.1	1316	245	0
NG_079684.1	1344	94	0
NG_079677.1	1303	1	0
NG_079662.1	769	2	0
NG_079661.1	1326	17	0
NG_079658.1	1404	981	0
NG_079640.1	1316	851	0
NG_079638.1	1297	4	0
NG_079637.1	1265	6	0
NG_079636.1	1291	17	0
NG_079635.1	1297	2	0
NG_079634.1	1291	24	0
NG_079633.1	1291	12	0
NG_079632.1	1291	18	0
NG_079631.1	1137	7	0
NG_079630.1	1290	17	0
NG_079626.1	1350	1	0
NG_079565.1	835	29	0
NG_079564.1	836	30	0
NG_079561.1	824	2	0
NG_079560.1	862	1	0
NG_079559.1	838	1	0
NG_079525.1	876	2950	0
NG_079496.1	564	1	0
NG_079495.1	953	2	0
NG_079492.1	1315	1	0
NG_067775.1	1435	43	0
NG_059645.1	947	2	0
NG_078690.1	1279	94	0
NG_078681.1	921	8	0
NG_078678.1	946	53	0
NG_078676.1	942	6	0
NG_078659.1	901	2	0
NG_078654.1	924	1	0
NG_078644.1	1142	1	0
NG_078640.1	1278	238	0
NG_078637.1	1391	3	0
NG_078632.1	941	1	0
NG_077393.1	906	35	0
NG_077391.1	903	6	0
NG_077390.1	906	11	0
NG_077389.1	865	1	0
NG_077380.1	1295	1	0
NG_060382.1	3250	283	0
NG_058827.1	996	1	0
NG_054840.1	529	2	0
NG_054796.1	529	5	0
NG_066352.1	3183	231	0
NG_060406.1	1379	32	0
NG_055354.1	3283	11703	0
NG_055182.1	542	1	0
NG_076752.1	898	1	0
NG_076748.1	882	1	0
NG_076741.1	876	1	0
NG_067902.1	814	25	0
NG_059615.1	823	5	0
NG_058077.1	794	2	0
NG_057989.1	798	3	0
NG_055355.1	3269	333	0
NG_067823.1	878	2	0
NG_075430.1	940	8	0
NG_075429.1	1356	113	0
NG_075399.1	878	20	0
NG_075398.1	1092	1	0
NG_075397.1	1339	1	0
NG_075396.1	1357	138	0
NG_075389.1	1398	1	0
NG_075379.1	935	2	0
NG_075373.1	873	475	0
NG_075372.1	873	474	0
NG_075371.1	842	6	0
NG_075370.1	871	3160	0
NG_075359.1	825	1	0
NG_075348.1	1730	3	0
NG_075342.1	1431	1	0
NG_075341.1	1367	144	0
NG_075336.1	1361	189	0
NG_075335.1	983	1	0
NG_075334.1	982	1	0
NG_075330.1	1388	1	0
NG_075322.1	1356	1	0
NG_075320.1	1389	956	0
NG_075319.1	1341	200	0
NG_075318.1	1349	211	0
NG_075317.1	1350	1	0
NG_075316.1	1349	130	0
NG_075315.1	1348	195	0
NG_075314.1	1349	111	0
NG_075311.1	1341	171	0
NG_075310.1	1339	4	0
NG_075309.1	1303	1	0
NG_075300.1	3106	45	0
NG_075291.1	1352	8	0
NG_075287.1	874	1	0
NG_075283.1	1395	1	0
NG_075251.1	895	1	0
NG_075246.1	1307	16	0
NG_075238.1	979	3	0
NG_075235.1	1352	96	0
NG_075232.1	1347	3	0
NG_075230.1	1332	337	0
NG_075212.1	1345	416	0
NG_075206.1	1343	132	0
NG_075194.1	950	8	0
NG_075187.1	1378	30	0
NG_075185.1	1350	3	0
NG_075181.1	1352	3	0
NG_075179.1	586	1	0
NG_075173.1	720	1	0
NG_075167.1	1338	241	0
NG_075166.1	1392	70	0
NG_075164.1	1325	1	0
NG_075163.1	1389	1291	0
NG_075161.1	3224	995	0
NG_075156.1	608	1	0
NG_075155.1	1301	23	0
NG_027566.1	3087	1262	0
NG_074506.1	1028	1	0
NG_074504.1	1280	36	0
NG_074503.1	937	35	0
NG_074498.1	888	1	0
NG_074487.1	836	1	0
NG_074474.1	910	6	0
NG_074473.1	917	5	0
NG_074472.1	894	8	0
NG_074471.1	1018	1	0
NG_074468.1	849	2	0
NG_074467.1	979	2	0
NG_074462.1	905	3	0
NG_074459.1	934	1813	0
NG_074457.1	1038	2	0
NG_074456.1	1051	150	0
NG_074455.1	1055	144	0
NG_074454.1	877	1	0
NG_074453.1	1075	1	0
NG_074443.1	840	1	0
NG_057674.1	1078	1	0
NG_057852.1	3295	3857	0
NG_073849.1	856	2	0
NG_073828.1	882	1	0
NG_073827.1	884	235	0
NG_073826.1	891	1	0
NG_073786.1	911	5282	0
NG_073785.1	835	8214	0
NG_073776.1	795	1	0
NG_073765.1	822	1	0
NG_073762.1	1344	3	0
NG_073753.1	891	4	0
NG_073752.1	908	779	0
NG_073751.1	1098	921	0
NG_073750.1	892	826	0
NG_073693.1	894	1	0
NG_073689.1	1233	1	0
NG_073685.1	788	2	0
NG_073677.1	867	1	0
NG_073672.1	1101	4232	0
NG_073651.1	845	11	0
NG_073630.1	894	1	0
NG_073628.1	913	2	0
NG_073610.1	905	14	0
NG_073606.1	940	1	0
NG_073598.1	1339	661	0
NG_073595.1	1385	481	0
NG_073589.1	1342	1	0
NG_073581.1	1333	1	0
NG_073580.1	954	3	0
NG_073626.1	888	7709	0
NG_057083.1	910	2	0
NG_064432.1	1259	2	0
NG_060125.1	1375	12598	0
NG_071254.1	854	2	0
NG_071251.1	915	2	0
NG_071250.1	917	2369	0
NG_071249.1	863	4	0
NG_071248.1	807	1	0
NG_071246.1	1272	184	0
NG_071245.1	1326	736	0
NG_071241.1	834	2	0
NG_071234.1	683	2	0
NG_071232.1	574	11	0
NG_059017.1	888	3	0
NG_070934.1	811	1	0
NG_070933.1	856	4	0
NG_070932.1	831	1	0
NG_070931.1	869	4	0
NG_070923.1	807	1	0
NG_070922.1	820	37	0
NG_070921.1	804	2	0
NG_070522.1	1435	1	0
NG_059812.1	1305	1	0
NG_058019.1	1350	1	0
NG_057900.1	1429	1	0
NG_057899.1	1405	2	0
NG_042560.1	1428	1	0
NG_042556.1	1430	2	0
NG_070846.1	1317	996	0
NG_070845.1	1319	266	0
NG_070844.1	1329	1	0
NG_070836.1	988	73	0
NG_070828.1	1066	1	0
NG_070827.1	1222	1	0
NG_070809.1	1046	1	0
NG_070815.1	872	76	0
NG_070814.1	1305	5	0
NG_070812.1	944	6	0
NG_067434.1	1327	1	0
NG_070610.1	1327	1	0
NG_070603.1	1327	1	0
NG_070570.1	1327	1	0
NG_070558.1	966	2	0
NG_070556.1	937	22	0
NG_070553.1	935	15	0
NG_070552.1	936	31	0
NG_070544.1	910	1	0
NG_070530.1	863	1	0
NG_070519.1	1071	109	0
NG_070518.1	1327	1	0
NG_070512.1	3248	304	0
NG_070502.1	1319	28	0
NG_070489.1	939	2	0
NG_070487.1	939	1	0
NG_070486.1	939	2	0
NG_060647.1	1379	158	0
NG_070465.1	856	2	0
NG_070402.1	924	1	0
NG_070391.1	1436	170	0
NG_070363.1	1207	1	0
NG_070362.1	1327	1	0
NG_070361.1	1327	2	0
NG_070356.1	1315	1	0
NG_070392.1	1436	169	0
NG_068542.1	1334	1	0
NG_070098.1	826	2	0
NG_070097.1	840	1	0
NG_070076.1	932	1	0
NG_069998.1	895	1	0
NG_069954.1	912	1	0
NG_069918.1	860	1	0
NG_069912.1	1327	1	0
NG_069891.1	904	1	0
NG_069858.1	1327	2	0
NG_069792.1	1327	1	0
NG_069785.1	1327	1	0
NG_069783.1	1327	1	0
NG_069782.1	1327	1	0
NG_069776.1	1327	1	0
NG_069775.1	1327	2	0
NG_069749.1	902	1	0
NG_069705.1	904	1	0
NG_069661.1	871	1	0
NG_069647.1	910	1	0
NG_069630.1	897	1	0
NG_069620.1	916	1	0
NG_069615.1	910	1	0
NG_069576.1	802	1	0
NG_069565.1	881	1	0
NG_069555.1	1327	2	0
NG_069535.1	945	1	0
NG_069506.1	867	1	0
NG_069472.1	1315	1	0
NG_069471.1	1315	1	0
NG_069470.1	1315	1	0
NG_069438.1	960	1	0
NG_069428.1	917	2	0
NG_069419.1	942	27	0
NG_069418.1	935	19	0
NG_069413.1	931	30	0
NG_069409.1	937	29	0
NG_069384.1	1322	1	0
NG_069369.1	1305	1	0
NG_069368.1	1302	1	0
NG_069357.1	892	1	0
NG_069345.1	827	1	0
NG_069324.1	885	277	0
NG_069323.1	871	3	0
NG_069322.1	870	1	0
NG_069319.1	995	1	0
NG_069316.1	960	1	0
NG_069264.1	868	290	0
NG_069176.1	888	1	0
NG_069151.1	2040	38	0
NG_069150.1	2035	51	0
NG_069149.1	2029	48	0
NG_069120.1	1327	1	0
NG_069114.1	1293	162	0
NG_069094.1	1313	1	0
NG_069075.1	623	1	0
NG_069070.1	1281	2	0
NG_069067.1	1281	3	0
NG_069065.1	1281	1	0
NG_069060.1	1327	1	0
NG_069057.1	1327	1	0
NG_069049.1	1327	1	0
NG_069048.1	1327	1	0
NG_069047.1	1327	1	0
NG_069046.1	1327	1	0
NG_069042.1	1327	1	0
NG_069040.1	1327	1	0
NG_069037.1	1327	1	0
NG_069034.1	1327	1	0
NG_069033.1	1327	1	0
NG_069011.1	1327	2	0
NG_069004.1	3250	249	0
NG_069003.1	3257	272	0
NG_069000.1	1272	3	0
NG_068998.1	1274	2	0
NG_068997.1	1270	2	0
NG_068995.1	791	1	0
NG_068969.1	973	3	0
NG_068965.1	630	1	0
NG_069818.1	1327	1	0
NG_069745.1	931	1	0
NG_069410.1	931	1	0
NG_069235.1	890	1	0
NG_069069.1	1281	1	0
NG_069059.1	1327	1	0
NG_068968.1	973	10	0
NG_068782.1	1371	5637	0
NG_068910.1	915	1	0
NG_068906.1	1190	106	0
NG_068905.1	1194	89	0
NG_068904.1	1366	111	0
NG_068903.1	1015	1	0
NG_068895.1	914	1	0
NG_068892.1	863	4	0
NG_068890.1	853	1	0
NG_068884.1	846	1	0
NG_068882.1	1310	404	0
NG_068881.1	1378	302	0
NG_068873.1	1287	15740	0
NG_068868.1	1293	49	0
NG_068867.1	1273	186	0
NG_068861.1	947	4	0
NG_068859.1	1024	1	0
NG_068856.1	901	56	0
NG_068850.1	1312	538	0
NG_068846.1	1343	133	0
NG_068845.1	815	1	0
NG_068844.1	1304	9	0
NG_068843.1	1353	2	0
NG_068822.1	1372	3	0
NG_068821.1	1312	990	0
NG_068819.1	1279	1	0
NG_068818.1	852	2	0
NG_068814.1	1411	103	0
NG_068812.1	1401	117	0
NG_068811.1	1401	124	0
NG_068808.1	935	24	0
NG_068806.1	1381	178	0
NG_068805.1	1378	182	0
NG_068795.1	896	2	0
NG_068786.1	1345	127	0
NG_068777.1	927	11	0
NG_068771.1	874	1	0
NG_068769.1	1385	1	0
NG_068766.1	1309	1	0
NG_068765.1	1397	982	0
NG_068764.1	1343	2	0
NG_068763.1	1362	22	0
NG_068759.1	1326	3	0
NG_068758.1	969	3	0
NG_068757.1	959	1693	0
NG_068756.1	876	25	0
NG_068755.1	1369	1	0
NG_068752.1	815	1	0
NG_068750.1	1420	3	0
NG_068749.1	1375	3	0
NG_068747.1	2044	3	0
NG_068745.1	1298	1	0
NG_068736.1	1017	6	0
NG_068727.1	1307	3	0
NG_068722.1	1476	1	0
NG_068709.1	852	1	0
NG_068658.1	832	423	0
NG_068655.1	1392	340	0
NG_068654.1	1389	311	0
NG_068653.1	1244	1	0
NG_068644.1	1088	1	0
NG_068632.1	1191	31	0
NG_068631.1	1193	36	0
NG_068618.1	900	1	0
NG_068603.1	863	1	0
NG_068585.1	1363	100	0
NG_068584.1	1351	129	0
NG_068583.1	1408	1	0
NG_068543.1	1394	4	0
NG_068533.1	983	640	0
NG_068513.1	1328	1	0
NG_068673.1	891	4	0
NG_059101.1	920	232	0
NG_055136.1	3235	1170	0
NG_059967.1	2045	2	0
NG_057229.1	1390	9	0
NG_057016.1	2028	89	0
NG_068334.1	834	28	0
NG_068332.1	862	3	0
NG_068322.1	870	8	0
NG_068317.1	907	2	0
NG_068308.1	1270	2	0
NG_068306.1	900	15	0
NG_068295.1	862	1	0
NG_068273.1	1377	1	0
NG_068272.1	1176	2	0
NG_068271.1	1350	3	0
NG_068264.1	842	3	0
NG_068244.1	910	1	0
NG_068289.1	1417	1359	0
NG_068265.1	1368	33571	0
NG_068252.1	2422	293	0
NG_068234.1	708	2	0
NG_066407.1	1353	172	0
NG_057274.1	870	88	0
NG_057263.1	869	3	0
NG_057260.1	1392	49	0
NG_057259.1	1407	184	0
NG_057248.1	1431	8381	0
NG_057200.1	1428	46	0
NG_057196.1	1436	48	0
NG_057188.1	947	1	0
NG_060356.1	695	125	0
NG_042597.1	1429	154	0
NG_067838.1	971	9	0
NG_067836.1	614	1	0
NG_067833.1	1337	6	0
NG_067824.1	1382	156	0
NG_067816.1	1369	27	0
NG_067810.1	951	2	0
NG_067801.1	927	29	0
NG_067800.1	1311	32	0
NG_067799.1	893	27	0
NG_067791.1	773	1	0
NG_067784.1	1359	157	0
NG_067908.1	898	1	0
NG_067832.1	607	2	0
NG_067822.1	1439	193	0
NG_067785.1	1371	2	0
NG_067772.1	3257	189	0
NG_067565.1	1271	158	0
NG_067564.1	1290	180	0
NG_067559.1	1260	1	0
NG_067522.1	1036	1	0
NG_058739.1	5088	334	0
NG_067455.1	911	1	0
NG_067445.1	1327	1	0
NG_067431.1	914	2	0
NG_067414.1	890	1	0
NG_067393.1	910	2	0
NG_067373.1	1328	1	0
NG_067368.1	1326	1	0
NG_067365.1	1017	1	0
NG_067315.1	937	2	0
NG_067314.1	935	19	0
NG_067306.1	1326	1	0
NG_067271.1	1327	1	0
NG_067264.1	1318	1	0
NG_067261.1	1327	2	0
NG_059086.1	952	2	0
NG_066408.1	857	1321	0
NG_059851.1	886	4	0
NG_057090.1	933	125	0
NG_066463.1	1995	12	0
NG_066447.1	928	1	0
NG_066433.1	712	1	0
NG_066432.1	768	1	0
NG_066431.1	885	1	0
NG_066418.1	1389	2	0
NG_066390.1	1291	2	0
NG_066387.1	1293	3742	0
NG_066385.1	758	1980	0
NG_066384.1	643	2	0
NG_066378.1	1315	1	0
NG_066371.1	997	1	0
NG_066355.1	3249	299	0
NG_066354.1	3259	277	0
NG_066353.1	3102	164	0
NG_066351.1	3592	57	0
NG_066350.1	3251	99	0
NG_066349.1	3228	40	0
NG_066348.1	5042	14	0
NG_066345.1	1250	33	0
NG_066340.1	864	1	0
NG_066337.1	865	1	0
NG_066307.1	932	1	0
NG_066297.1	881	4	0
NG_066247.1	943	74	0
NG_066243.1	983	2	0
NG_066184.1	932	24	0
NG_066157.1	692	1	0
NG_066154.1	3243	233	0
NG_066153.1	1281	1	0
NG_066152.1	1328	3	0
NG_060806.1	779	1	0
NG_060641.1	1386	135	0
NG_060640.1	1398	131	0
NG_058724.1	626	1	0
NG_064599.1	904	1	0
NG_064597.1	869	124	0
NG_064596.1	909	1	0
NG_064594.1	869	1	0
NG_064593.1	882	1	0
NG_064590.1	872	2	0
NG_064588.1	888	333	0
NG_064587.1	863	314	0
NG_064586.1	915	3	0
NG_064585.1	839	1	0
NG_064584.1	865	4	0
NG_064581.1	883	103	0
NG_064578.1	818	1	0
NG_064577.1	891	4	0
NG_064573.1	908	1	0
NG_064572.1	856	1	0
NG_064570.1	860	7	0
NG_064568.1	884	2	0
NG_064566.1	855	7	0
NG_064561.1	869	52	0
NG_064560.1	832	2	0
NG_064559.1	878	3	0
NG_064556.1	869	112	0
NG_064522.1	607	4	0
NG_064500.1	846	14	0
NG_064493.1	896	1	0
NG_064479.1	874	1	0
NG_064478.1	881	1	0
NG_064473.1	883	2	0
NG_064472.1	886	11	0
NG_064471.1	1218	1	0
NG_064441.1	966	3	0
NG_064440.1	964	1	0
NG_064439.1	967	5522	0
NG_064438.1	952	3160	0
NG_064437.1	950	2	0
NG_064436.1	948	12	0
NG_064435.1	941	2	0
NG_064434.1	956	1	0
NG_064491.1	661	42	0
NG_064489.1	1380	240	0
NG_064486.1	1128	893	0
NG_064470.1	867	3	0
NG_064468.1	867	1	0
NG_064456.1	839	1	0
NG_064445.1	1383	173	0
NG_064444.1	1425	178	0
NG_064421.1	1239	281	0
NG_064418.1	1365	676	0
NG_064412.1	1344	2	0
NG_064410.1	636	1	0
NG_064403.1	926	2	0
NG_064402.1	952	5472	0
NG_064401.1	914	44	0
NG_064387.1	1374	1	0
NG_064383.1	878	1	0
NG_064380.1	737	1	0
NG_064404.1	1120	58	0
NG_064397.1	879	1	0
NG_064389.1	950	15	0
NG_064365.1	936	3	0
NG_064355.1	1363	11	0
NG_064354.1	1374	1	0
NG_064351.1	1344	1	0
NG_064349.1	1335	1	0
NG_064345.1	1401	1	0
NG_064330.1	860	1	0
NG_064318.1	784	1	0
NG_064317.1	1515	1	0
NG_064315.1	2846	201	0
NG_064313.1	3248	263	0
NG_064312.1	3260	215	0
NG_064277.1	897	1	0
NG_064272.1	815	1	0
NG_064265.1	914	1	0
NG_064263.1	888	3	0
NG_064262.1	885	2	0
NG_064247.1	846	1	0
NG_064176.1	893	5	0
NG_064172.1	947	1	0
NG_064171.1	942	3	0
NG_064161.1	906	1	0
NG_064134.1	911	1	0
NG_064126.1	935	2	0
NG_064121.1	932	1	0
NG_064097.1	911	1	0
NG_064080.1	1157	1	0
NG_064071.1	907	2	0
NG_064059.1	940	1	0
NG_064033.1	870	1	0
NG_063987.1	962	71	0
NG_063985.1	850	1	0
NG_063948.1	1545	90	0
NG_059567.1	901	2	0
NG_042334.1	1134	1	0
NG_055731.1	3250	188	0
NG_055729.1	1390	50	0
NG_055728.1	1350	1	0
NG_055724.1	621	1	0
NG_055690.1	3298	117	0
NG_055408.1	517	7	0
NG_055395.1	3301	139	0
NG_055394.1	3280	583	0
NG_055393.1	3076	1247	0
NG_055392.1	3308	378	0
NG_055391.1	3243	238	0
NG_055365.1	3272	168	0
NG_055364.1	3249	45	0
NG_055363.1	3282	48	0
NG_055362.1	3284	63	0
NG_055361.1	3290	145	0
NG_055360.1	3275	152	0
NG_055359.1	3238	76	0
NG_055358.1	3270	96	0
NG_055357.1	3238	99	0
NG_055353.1	4349	124	0
NG_055352.1	3285	1650	0
NG_055351.1	4174	2020	0
NG_055350.1	4553	2132	0
NG_055349.1	4788	2560	0
NG_055348.1	3265	1966	0
NG_055347.1	3269	2038	0
NG_055346.1	3282	709	0
NG_055345.1	3282	373	0
NG_055343.1	4469	30	0
NG_055342.1	3584	236	0
NG_055341.1	4578	184	0
NG_055340.1	3718	338	0
NG_055339.1	3244	222	0
NG_055338.1	3260	230	0
NG_055337.1	3664	240	0
NG_055336.1	3678	246	0
NG_055335.1	3265	186	0
NG_055334.1	3253	199	0
NG_055333.1	3659	145	0
NG_055332.1	4949	146	0
NG_055331.1	3244	77	0
NG_055330.1	3264	88	0
NG_055329.1	3257	97	0
NG_055328.1	3242	97	0
NG_055324.1	3258	223	0
NG_055323.1	3246	91	0
NG_055322.1	3207	201	0
NG_055321.1	3258	10491	0
NG_055320.1	3198	286	0
NG_055319.1	3205	146	0
NG_055214.1	3242	90	0
NG_055213.1	3241	2454	0
NG_055211.1	3223	320	0
NG_055210.1	3242	88	0
NG_055202.1	3279	230	0
NG_055200.1	3260	216	0
NG_055199.1	3257	364	0
NG_055198.1	3257	232	0
NG_055197.1	3257	253	0
NG_055196.1	3231	349	0
NG_055195.1	3227	218	0
NG_055194.1	3225	2143	0
NG_055193.1	3277	246	0
NG_055192.1	3278	250	0
NG_055191.1	3259	289	0
NG_055190.1	3270	1194	0
NG_055189.1	4208	345	0
NG_055188.1	3269	316	0
NG_055187.1	3262	357	0
NG_055186.1	4439	280	0
NG_055185.1	3292	2068	0
NG_055184.1	4689	701	0
NG_055183.1	3249	218	0
NG_055181.1	3663	261	0
NG_055180.1	3038	68	0
NG_055179.1	3231	1194	0
NG_055169.1	2129	1	0
NG_055168.1	2138	1	0
NG_055160.1	3278	231	0
NG_055159.1	3273	128	0
NG_055158.1	3282	145	0
NG_055157.1	3242	278	0
NG_055156.1	3243	276	0
NG_055154.1	3178	345	0
NG_055153.1	3180	306	0
NG_055152.1	3235	402	0
NG_055151.1	3237	345	0
NG_055150.1	3233	342	0
NG_055149.1	3181	308	0
NG_055148.1	3210	338	0
NG_055147.1	3187	290	0
NG_055146.1	3191	707	0
NG_055145.1	3229	363	0
NG_055144.1	3234	248	0
NG_055143.1	3234	738	0
NG_055142.1	3232	361	0
NG_055141.1	3211	696	0
NG_055140.1	3227	350	0
NG_055139.1	3226	226	0
NG_055138.1	3237	314	0
NG_055137.1	3230	557	0
NG_055135.1	3191	427	0
NG_055134.1	3232	488	0
NG_055133.1	3242	440	0
NG_055132.1	3238	444	0
NG_055131.1	3229	438	0
NG_055130.1	3258	301	0
NG_055129.1	3263	4379	0
NG_055128.1	3209	361	0
NG_055127.1	3214	379	0
NG_055126.1	3270	75	0
NG_055125.1	3197	90	0
NG_055124.1	3321	212	0
NG_055122.1	3218	342	0
NG_055121.1	3218	279	0
NG_055120.1	3219	337	0
NG_055119.1	3220	279	0
NG_055118.1	3231	284	0
NG_055117.1	3208	2608	0
NG_055116.1	3240	359	0
NG_055115.1	3233	322	0
NG_055114.1	3234	362	0
NG_055113.1	3252	226	0
NG_055112.1	3197	329	0
NG_055111.1	3199	332	0
NG_055110.1	3197	347	0
NG_055108.1	3166	350	0
NG_055107.1	3195	411	0
NG_055106.1	3199	2573	0
NG_055105.1	3199	2614	0
NG_055104.1	3231	304	0
NG_055103.1	3169	949	0
NG_055102.1	3166	1012	0
NG_055101.1	3159	1015	0
NG_055100.1	3162	976	0
NG_055099.1	3160	1082	0
NG_055098.1	3098	2909	0
NG_055097.1	3158	6059	0
NG_055096.1	3157	276	0
NG_055065.1	574	3	0
NG_055063.1	3297	121	0
NG_055054.1	604	1	0
NG_055048.1	3213	107	0
NG_055036.1	3309	163	0
NG_055033.1	3315	114	0
NG_055032.1	3315	130	0
NG_055031.1	3301	122	0
NG_055030.1	3272	218	0
NG_055029.1	3277	114	0
NG_055028.1	3276	88	0
NG_054831.1	3230	194	0
NG_054830.1	3198	1465	0
NG_054819.1	3183	274	0
NG_054805.1	3284	236	0
NG_054804.1	3284	251	0
NG_042774.1	1034	2	0
NG_042747.1	1737	8	0
NG_042721.1	1116	1	0
NG_042706.1	1323	1	0
NG_042695.1	1789	13868	0
NG_042694.1	1788	14342	0
NG_042693.1	1795	21562	0
NG_042692.1	1781	16386	0
NG_042682.1	1318	1	0
NG_042669.1	947	3	0
NG_042668.1	1344	2	0
NG_042666.1	1299	3	0
NG_042665.1	1344	1	0
NG_042663.1	885	1	0
NG_042649.1	3385	21623	0
NG_042648.1	3094	3204	0
NG_042647.1	3263	908	0
NG_042646.1	3262	117	0
NG_042645.1	3222	44	0
NG_042644.1	3246	127	0
NG_042643.1	3234	48	0
NG_042642.1	3219	136	0
NG_042641.1	3217	134	0
NG_042640.1	3261	335	0
NG_042639.1	3266	267	0
NG_042638.1	3255	201	0
NG_042637.1	3256	256	0
NG_042636.1	3260	389	0
NG_042635.1	3259	356	0
NG_042634.1	3260	205	0
NG_042633.1	3251	247	0
NG_042632.1	3253	393	0
NG_042631.1	3199	735	0
NG_042630.1	3271	105	0
NG_042629.1	3279	130	0
NG_042628.1	3278	214	0
NG_042627.1	3243	112	0
NG_042626.1	3266	340	0
NG_042625.1	3278	128	0
NG_042624.1	3282	232	0
NG_042623.1	3284	117	0
NG_042622.1	3312	333	0
NG_042621.1	3298	119	0
NG_042611.1	889	1	0
NG_042610.1	1350	2	0
NG_042596.1	1423	54	0
NG_042570.1	1429	2	0
NG_042569.1	1429	1	0
NG_042563.1	1428	1	0
NG_042548.1	1428	1	0
NG_042545.1	916	83	0
NG_042542.1	1372	228	0
NG_042540.1	1406	1	0
NG_042528.1	3268	240	0
NG_042527.1	2990	180	0
NG_042524.1	3678	2999	0
NG_042523.1	1395	54	0
NG_042521.1	1769	465	0
NG_042474.1	802	3	0
NG_042471.1	581	1	0
NG_042464.1	1371	244	0
NG_042446.1	3238	726	0
NG_042445.1	3211	365	0
NG_042444.1	3212	2531	0
NG_042439.1	3260	126	0
NG_042438.1	3251	164	0
NG_042437.1	3261	148	0
NG_042436.1	3619	68	0
NG_042435.1	3255	496	0
NG_042434.1	3255	490	0
NG_042433.1	3807	469	0
NG_042432.1	3271	158	0
NG_042431.1	3710	193	0
NG_042430.1	3687	207	0
NG_042429.1	3701	190	0
NG_042428.1	3250	203	0
NG_042427.1	3256	113	0
NG_042426.1	3256	194	0
NG_042425.1	4685	57	0
NG_042424.1	3235	206	0
NG_042415.1	3162	284	0
NG_042414.1	3334	1165	0
NG_042402.1	1020	1	0
NG_042401.1	1020	1	0
NG_042388.1	702	1	0
NG_042349.1	627	1	0
NG_042335.1	941	1	0
NG_042333.1	1233	1	0
NG_042327.1	1282	1	0
NG_042326.1	1282	1	0
NG_042325.1	1282	1	0
NG_042322.1	1282	1	0
NG_042321.1	1282	1	0
NG_042319.1	1292	5	0
NG_042318.1	1315	2	0
NG_027648.1	3459	6627	0
NG_027646.1	2771	374	0
NG_027645.1	3237	111	0
NG_027634.1	1184	1	0
NG_027621.1	1394	3	0
NG_027618.1	3799	6662	0
NG_027616.1	3270	1264	0
NG_027613.1	3188	1374	0
NG_027611.1	1394	4	0
NG_027577.1	1358	1	0
NG_027568.1	1157	224	0
NG_027567.1	3255	18756	0
NG_027564.1	3237	2223	0
NG_027561.1	3189	2423	0
NG_027560.1	4318	812	0
NG_060249.1	3172	1007	0
NG_060070.1	969	1	0
NG_060069.1	3174	1400	0
NG_060067.1	984	41	0
NG_059912.1	958	142	0
NG_059518.1	3062	1600	0
NG_059517.1	3072	2077	0
NG_057757.1	1427	1	0
NG_060630.1	1399	37	0
NG_027623.1	3134	459	0
NG_060251.1	2970	1084	0
NG_060250.1	3180	143	0
NG_059934.1	1207	1	0
NG_060831.1	862	21	0
NG_060824.1	656	1	0
NG_060818.1	907	3	0
NG_060805.1	705	1	0
NG_060795.1	1381	1	0
NG_060708.1	985	1	0
NG_060707.1	895	1	0
NG_060689.1	1373	1	0
NG_060688.1	1289	13268	0
NG_060685.1	1322	2	0
NG_060684.1	1459	175	0
NG_060683.1	845	1	0
NG_060677.1	932	2	0
NG_060672.1	865	9	0
NG_060671.1	865	2	0
NG_060667.1	662	2	0
NG_060665.1	971	3	0
NG_060656.1	959	884	0
NG_060655.1	961	5448	0
NG_060654.1	964	832	0
NG_060649.1	1335	2	0
NG_060648.1	1329	1	0
NG_060646.1	1338	140	0
NG_060645.1	1359	2	0
NG_060642.1	1319	67	0
NG_060639.1	1148	1003	0
NG_060637.1	1364	6	0
NG_060635.1	1354	1011	0
NG_060624.1	1412	6	0
NG_060154.1	1365	169	0
NG_060153.1	1392	969	0
NG_058520.1	850	1	0
NG_060398.1	1295	262	0
NG_060397.1	1242	152	0
NG_060333.1	1813	1	0
NG_059244.1	783	10	0
NG_060441.1	1333	93	0
NG_060440.1	1397	108	0
NG_060434.1	1252	1	0
NG_060430.1	1402	92	0
NG_060429.1	1402	72	0
NG_060425.1	1296	4	0
NG_060420.1	2073	8566	0
NG_060417.1	1356	1	0
NG_060415.1	870	33	0
NG_060405.1	1451	180	0
NG_060402.1	1045	4	0
NG_060400.1	2969	3471	0
NG_060391.1	1043	2	0
NG_060390.1	1043	2	0
NG_060387.1	977	2	0
NG_060384.1	917	6	0
NG_060381.1	3260	240	0
NG_060380.1	3253	308	0
NG_060379.1	3075	185	0
NG_060354.1	682	4	0
NG_060346.1	1349	3	0
NG_060344.1	1358	1	0
NG_060343.1	872	1	0
NG_060342.1	837	1	0
NG_060338.1	1386	3	0
NG_060328.1	1019	1	0
NG_060324.1	993	1	0
NG_060310.1	1384	166	0
NG_060307.1	863	8	0
NG_060304.1	1397	24	0
NG_060302.1	835	1	0
NG_060301.1	833	1	0
NG_060298.1	1350	5	0
NG_060285.1	940	5	0
NG_060284.1	900	6	0
NG_060271.1	943	1	0
NG_060240.1	734	1	0
NG_060184.1	882	1	0
NG_060181.1	990	1	0
NG_060180.1	990	2	0
NG_060179.1	1392	177	0
NG_060178.1	1379	1	0
NG_060176.1	813	21	0
NG_060171.1	1054	82	0
NG_060169.1	1027	67	0
NG_060167.1	830	1	0
NG_060163.1	1393	177	0
NG_060162.1	887	4	0
NG_060161.1	1355	8	0
NG_060159.1	1795	1	0
NG_060152.1	756	1	0
NG_060149.1	1357	2	0
NG_060148.1	879	32	0
NG_060139.1	613	1	0
NG_060135.1	1999	1	0
NG_060131.1	1347	4	0
NG_060130.1	1347	1	0
NG_060129.1	1341	1	0
NG_060128.1	1345	3	0
NG_060127.1	1762	2	0
NG_060124.1	850	5	0
NG_060115.1	856	1	0
NG_060110.1	874	8	0
NG_060108.1	868	1	0
NG_060099.1	1402	88	0
NG_060097.1	1441	1	0
NG_060095.1	1442	5	0
NG_060091.1	632	1	0
NG_060076.1	762	1	0
NG_060075.1	3083	341	0
NG_060074.1	3061	173	0
NG_060072.1	886	262	0
NG_060068.1	819	109	0
NG_060064.1	1074	2	0
NG_060060.1	904	1	0
NG_060022.1	1408	186	0
NG_060020.1	1342	1	0
NG_060017.1	938	3	0
NG_060016.1	1315	4	0
NG_060013.1	1204	179	0
NG_060012.1	1339	2	0
NG_060010.1	1322	1	0
NG_060009.1	1322	1	0
NG_060003.1	1361	26	0
NG_060002.1	908	1	0
NG_059997.1	966	2	0
NG_059996.1	967	12	0
NG_059989.1	910	1	0
NG_059977.1	1378	3	0
NG_059970.1	1364	1	0
NG_059968.1	697	6	0
NG_059964.1	1640	1	0
NG_059960.1	1312	7	0
NG_059959.1	1313	13	0
NG_059947.1	1342	155	0
NG_059937.1	850	1	0
NG_059923.1	1131	7	0
NG_059916.1	3265	317	0
NG_059915.1	3254	443	0
NG_059905.1	935	4	0
NG_055326.1	3221	16	0
NG_059860.1	857	1	0
NG_059841.1	901	2793	0
NG_059828.1	902	2888	0
NG_059824.1	1253	1	0
NG_059815.1	564	1	0
NG_059808.1	1315	1	0
NG_059804.1	1288	1	0
NG_059803.1	1292	2	0
NG_059735.1	866	1	0
NG_059733.1	877	1	0
NG_059712.1	825	43	0
NG_059709.1	909	1	0
NG_059706.1	920	5	0
NG_059700.1	849	14	0
NG_059696.1	1212	3	0
NG_059683.1	984	4	0
NG_059656.1	1322	1	0
NG_059647.1	987	1	0
NG_059646.1	1041	97	0
NG_059637.1	838	1	0
NG_059626.1	833	1	0
NG_059624.1	792	3	0
NG_059622.1	840	2	0
NG_059608.1	905	1	0
NG_059606.1	901	1	0
NG_059605.1	1306	308	0
NG_059596.1	1306	1	0
NG_059585.1	806	5	0
NG_059582.1	914	1	0
NG_059571.1	1322	1	0
NG_059566.1	916	1	0
NG_059552.1	942	828	0
NG_059548.1	1328	1	0
NG_059540.1	884	1	0
NG_059538.1	961	22	0
NG_059524.1	882	15	0
NG_059523.1	913	18	0
NG_059521.1	1064	1	0
NG_059520.1	880	1	0
NG_059516.1	905	1	0
NG_059515.1	1070	1	0
NG_059506.1	866	6	0
NG_059503.1	1053	108	0
NG_059502.1	879	4	0
NG_059499.1	1405	22	0
NG_059491.1	1324	157	0
NG_059476.1	1298	1	0
NG_059471.1	849	1	0
NG_059470.1	872	1	0
NG_059465.1	872	135	0
NG_059464.1	871	4224	0
NG_059462.1	844	1	0
NG_059446.1	1073	108	0
NG_059445.1	1071	171	0
NG_059444.1	1340	2	0
NG_059443.1	1369	1	0
NG_059442.1	1335	1	0
NG_059438.1	1278	1	0
NG_059434.1	1398	106	0
NG_059431.1	1123	1	0
NG_059426.1	1136	1	0
NG_059402.1	1309	1	0
NG_059399.1	1308	5	0
NG_059394.1	1289	2	0
NG_059393.1	1289	2	0
NG_059387.1	1285	2	0
NG_059386.1	1286	1	0
NG_059384.1	645	2	0
NG_055327.1	3211	130	0
NG_055325.1	3224	136	0
NG_059268.1	1371	2	0
NG_059261.1	737	2	0
NG_059241.1	880	1	0
NG_059229.1	1051	1	0
NG_059214.1	927	3	0
NG_059195.1	1034	2	0
NG_059193.1	1127	84	0
NG_059179.1	935	2	0
NG_059170.1	829	7	0
NG_059169.1	825	1	0
NG_059167.1	836	1	0
NG_059165.1	839	1	0
NG_059157.1	929	1	0
NG_059133.1	949	1	0
NG_059128.1	826	1	0
NG_059112.1	1320	956	0
NG_059105.1	1154	1	0
NG_059099.1	919	1	0
NG_059094.1	918	1	0
NG_059093.1	917	6	0
NG_059076.1	3295	2826	0
NG_059062.1	1284	1	0
NG_059042.1	892	88	0
NG_059032.1	1307	1	0
NG_059031.1	1317	1	0
NG_059029.1	819	30	0
NG_059026.1	985	11	0
NG_059023.1	1226	1	0
NG_059022.1	924	1	0
NG_059011.1	659	1	0
NG_059010.1	937	34	0
NG_059005.1	939	1	0
NG_058992.1	926	1	0
NG_058990.1	938	1	0
NG_058981.1	837	8	0
NG_058953.1	1386	1	0
NG_058951.1	1314	9	0
NG_058950.1	1305	10	0
NG_058940.1	859	36	0
NG_058939.1	858	95	0
NG_058938.1	1256	19	0
NG_058937.1	1255	5	0
NG_058936.1	1393	241	0
NG_058931.1	1305	265	0
NG_058918.1	819	1790	0
NG_058909.1	1350	1	0
NG_058908.1	2165	10	0
NG_058887.1	912	3	0
NG_058886.1	950	1	0
NG_058872.1	966	390	0
NG_058871.1	861	4	0
NG_058870.1	954	11	0
NG_058856.1	1400	1	0
NG_058847.1	1377	2	0
NG_058845.1	1372	29	0
NG_058837.1	943	1	0
NG_058820.1	931	1	0
NG_058816.1	1274	97	0
NG_058801.1	953	1	0
NG_058799.1	955	1	0
NG_058797.1	902	163	0
NG_058796.1	933	1	0
NG_058789.1	956	2	0
NG_058782.1	3290	3194	0
NG_058776.1	1407	502	0
NG_058771.1	1109	1	0
NG_058755.1	3255	289	0
NG_058754.1	3255	274	0
NG_058753.1	3262	170	0
NG_058752.1	3250	285	0
NG_058751.1	3250	178	0
NG_058750.1	3254	179	0
NG_058749.1	3258	265	0
NG_058748.1	3257	277	0
NG_058747.1	3273	965	0
NG_058743.1	993	14	0
NG_058742.1	1427	118	0
NG_058741.1	1357	1	0
NG_058738.1	897	1	0
NG_058736.1	1315	1	0
NG_058716.1	1268	1	0
NG_058711.1	937	2	0
NG_058707.1	926	1	0
NG_058701.1	684	221	0
NG_058690.1	833	2	0
NG_058684.1	906	1	0
NG_058683.1	890	1	0
NG_058680.1	951	1	0
NG_058677.1	1329	1	0
NG_058674.1	1824	3	0
NG_058673.1	1776	1	0
NG_058672.1	1693	1	0
NG_058670.1	941	9	0
NG_058661.1	604	876	0
NG_058660.1	633	815	0
NG_058654.1	1029	1	0
NG_058653.1	950	2	0
NG_058645.1	934	1	0
NG_058641.1	1327	1	0
NG_058630.1	3329	966	0
NG_058629.1	3261	932	0
NG_058628.1	3336	204	0
NG_058624.1	1179	2	0
NG_058609.1	648	9	0
NG_058607.1	893	6	0
NG_058606.1	1385	970	0
NG_058599.1	934	2	0
NG_058597.1	1342	1182	0
NG_058595.1	842	1776	0
NG_058592.1	870	426	0
NG_058590.1	871	1	0
NG_058588.1	870	2	0
NG_058586.1	794	2	0
NG_058585.1	882	1003	0
NG_058584.1	795	1	0
NG_058583.1	791	3	0
NG_058582.1	731	14	0
NG_058580.1	1339	1	0
NG_058578.1	1015	1	0
NG_058577.1	882	1	0
NG_058574.1	885	2	0
NG_058572.1	885	1	0
NG_058566.1	898	1	0
NG_058562.1	698	1	0
NG_058560.1	702	17	0
NG_058557.1	1339	1	0
NG_058548.1	1425	27	0
NG_058542.1	1413	1	0
NG_058482.1	886	1	0
NG_058475.1	1289	1	0
NG_058448.1	678	1	0
NG_058431.1	917	1	0
NG_058403.1	978	7	0
NG_058385.1	714	1	0
NG_058376.1	861	1	0
NG_058375.1	940	45	0
NG_058367.1	937	1	0
NG_058364.1	742	2	0
NG_058352.1	658	1	0
NG_058351.1	918	36	0
NG_058347.1	870	2	0
NG_058346.1	852	1	0
NG_058345.1	680	6	0
NG_058343.1	864	1	0
NG_058326.1	932	1	0
NG_058322.1	732	1	0
NG_058318.1	931	1	0
NG_058314.1	580	1	0
NG_058303.1	935	1	0
NG_058298.1	658	1	0
NG_058296.1	850	45	0
NG_058291.1	668	5	0
NG_058287.1	930	16	0
NG_058286.1	810	7	0
NG_058282.1	546	2	0
NG_058277.1	656	2	0
NG_058276.1	931	1	0
NG_058262.1	1940	4	0
NG_058203.1	1826	1	0
NG_058198.1	1205	1	0
NG_058047.1	878	1	0
NG_058038.1	1830	4	0
NG_058036.1	1069	1	0
NG_058033.1	1067	3	0
NG_058032.1	1066	5	0
NG_058031.1	1067	2	0
NG_058030.1	1368	4	0
NG_058029.1	1329	1	0
NG_058028.1	1843	5844	0
NG_058016.1	1324	2	0
NG_058012.1	1343	2	0
NG_058005.1	822	1	0
NG_057910.1	954	248	0
NG_057907.1	935	1	0
NG_057902.1	1430	4	0
NG_057901.1	1430	1	0
NG_057890.1	932	1	0
NG_057887.1	931	2	0
NG_057884.1	913	1	0
NG_057880.1	588	19	0
NG_057879.1	586	153	0
NG_057859.1	1281	2	0
NG_057855.1	3279	12554	0
NG_057854.1	4009	1492	0
NG_057848.1	3299	3084	0
NG_057840.1	1357	1	0
NG_057833.1	629	1	0
NG_057813.1	1356	1	0
NG_057806.1	1378	2	0
NG_057801.1	1327	4	0
NG_057799.1	1326	1	0
NG_057796.1	1367	2	0
NG_057777.1	3283	2678	0
NG_057774.1	3286	4167	0
NG_057772.1	3296	2687	0
NG_057771.1	1720	30	0
NG_057760.1	669	6	0
NG_057758.1	1426	140	0
NG_057754.1	1244	5	0
NG_057750.1	1315	1	0
NG_057746.1	1289	1	0
NG_057732.1	1432	5	0
NG_057729.1	1413	1	0
NG_057725.1	1305	12	0
NG_057723.1	593	12	0
NG_057720.1	801	2	0
NG_057711.1	871	4	0
NG_057703.1	583	1	0
NG_057662.1	627	10	0
NG_057660.1	627	2	0
NG_057659.1	628	1	0
NG_057649.1	627	1	0
NG_057619.1	559	2	0
NG_057289.1	674	684	0
NG_057287.1	818	1	0
NG_057286.1	875	2	0
NG_057282.1	613	1	0
NG_057273.1	1429	165	0
NG_057272.1	1389	13	0
NG_057270.1	1434	111	0
NG_057269.1	1437	43	0
NG_057268.1	1424	237	0
NG_057267.1	1395	50	0
NG_057266.1	1431	42	0
NG_057265.1	1418	163	0
NG_057264.1	1360	16	0
NG_057262.1	1396	189	0
NG_057261.1	1397	39	0
NG_057258.1	1358	184	0
NG_057257.1	1429	46	0
NG_057256.1	1387	16	0
NG_057255.1	1384	156	0
NG_057252.1	1364	181	0
NG_057249.1	1389	609	0
NG_057247.1	1403	48	0
NG_057246.1	1427	183	0
NG_057245.1	1436	169	0
NG_057244.1	1389	165	0
NG_057243.1	1448	165	0
NG_057242.1	1301	104	0
NG_057241.1	1387	190	0
NG_057240.1	1419	30	0
NG_057239.1	1389	168	0
NG_057238.1	1442	179	0
NG_057236.1	1395	49	0
NG_057235.1	1351	169	0
NG_057234.1	1389	1	0
NG_057233.1	690	3	0
NG_057232.1	938	6	0
NG_057230.1	937	956	0
NG_057227.1	1429	166	0
NG_057226.1	1386	22	0
NG_057225.1	1381	14	0
NG_057223.1	1398	221	0
NG_057222.1	1352	158	0
NG_057221.1	1424	152	0
NG_057220.1	1312	168	0
NG_057219.1	1363	2	0
NG_057218.1	1429	42	0
NG_057217.1	1397	188	0
NG_057216.1	1361	184	0
NG_057215.1	1420	152	0
NG_057214.1	1385	237	0
NG_057213.1	1426	171	0
NG_057212.1	1383	166	0
NG_057211.1	939	1	0
NG_057210.1	1421	3951	0
NG_057209.1	1386	196	0
NG_057208.1	1428	182	0
NG_057206.1	1422	168	0
NG_057205.1	1387	149	0
NG_057204.1	1385	148	0
NG_057203.1	1425	170	0
NG_057202.1	1385	179	0
NG_057201.1	1354	146	0
NG_057199.1	1425	47	0
NG_057198.1	1421	174	0
NG_057197.1	1433	181	0
NG_057195.1	1432	173	0
NG_057193.1	1442	1	0
NG_057191.1	1427	49	0
NG_057190.1	1430	13	0
NG_057189.1	1430	41	0
NG_057178.1	3253	1303	0
NG_057177.1	3253	285	0
NG_057176.1	3254	44	0
NG_057175.1	3254	44	0
NG_057174.1	3258	556	0
NG_057173.1	3254	57	0
NG_057172.1	3250	67	0
NG_057171.1	3249	35	0
NG_057170.1	3251	290	0
NG_057169.1	3256	241	0
NG_057168.1	3253	226	0
NG_057167.1	3255	102	0
NG_057166.1	3259	275	0
NG_057165.1	3261	261	0
NG_057164.1	3255	278	0
NG_057163.1	3282	239	0
NG_057162.1	3299	1054	0
NG_057161.1	3264	1013	0
NG_057160.1	3267	281	0
NG_057159.1	3267	278	0
NG_057158.1	3273	241	0
NG_057145.1	715	7	0
NG_057141.1	1309	2	0
NG_057138.1	1331	1	0
NG_057128.1	927	1	0
NG_057121.1	836	2	0
NG_057119.1	1303	1	0
NG_057099.1	922	1	0
NG_057098.1	1344	97	0
NG_057097.1	1946	1	0
NG_057095.1	1829	3	0
NG_057092.1	850	1	0
NG_057091.1	1345	1	0
NG_057082.1	1348	1	0
NG_057081.1	1832	2	0
NG_057074.1	838	1	0
NG_057072.1	839	81	0
NG_057069.1	860	1	0
NG_057067.1	1349	7685	0
NG_057065.1	1388	50	0
NG_057062.1	1454	1410	0
NG_057061.1	1442	2490	0
NG_057060.1	1452	14	0
NG_057058.1	1382	8	0
NG_057049.1	590	1	0
NG_057043.1	1392	4	0
NG_057042.1	968	27	0
NG_057041.1	1388	17	0
NG_057038.1	864	1	0
NG_057033.1	794	1	0
NG_057032.1	858	21	0
NG_057020.1	1309	190	0
NG_056999.1	988	23	0
NG_056976.1	906	2	0
NG_056969.1	1348	1	0
NG_056968.1	3289	3009	0
NG_056963.1	1350	1	0
NG_056959.1	1326	2	0
NG_056290.1	1270	2	0
NG_056281.1	1071	1	0
NG_056278.1	3263	417	0
NG_056267.1	1283	2	0
NG_042761.1	1797	1	0
