NG_088149.1	1402	1	0
NG_088141.1	1334	1	0
NG_079683.1	1329	115	0
NG_088360.1	859	24	0
NG_088356.1	958	2	0
NG_088355.1	941	1	0
NG_088352.1	1372	2	0
NG_088322.1	824	56	0
NG_088319.1	800	1	0
NG_088317.1	1342	3375	0
NG_088316.1	1344	92	0
NG_088315.1	1344	103	0
NG_088310.1	1360	2	0
NG_088309.1	1348	11	0
NG_088307.1	1379	881	0
NG_088306.1	1388	1	0
NG_088302.1	920	1	0
NG_088301.1	913	8	0
NG_088298.1	1345	323	0
NG_088294.1	810	24249	0
NG_088292.1	893	17	0
NG_088282.1	868	5446	0
NG_088277.1	819	1	0
NG_088269.1	1379	1	0
NG_088267.1	624	1	0
NG_088262.1	1379	213	0
NG_088261.1	1338	183	0
NG_088260.1	1400	222	0
NG_088259.1	1372	190	0
NG_088258.1	1348	201	0
NG_088257.1	1355	177	0
NG_088256.1	1353	185	0
NG_088255.1	1352	191	0
NG_088250.1	878	1	0
NG_088249.1	873	2	0
NG_088248.1	868	3	0
NG_088239.1	1350	413	0
NG_088234.1	1389	1	0
NG_088230.1	1391	4759	0
NG_088229.1	1390	883	0
NG_088228.1	1352	181	0
NG_088227.1	1354	212	0
NG_088221.1	668	8	0
NG_088217.1	1339	197	0
NG_088215.1	1384	2226	0
NG_088214.1	1389	1	0
NG_088210.1	888	3	0
NG_088209.1	1368	3	0
NG_088208.1	602	1	0
NG_088207.1	670	1	0
NG_088202.1	1336	1	0
NG_088198.1	1392	3	0
NG_088193.1	897	2	0
NG_088186.1	1353	131	0
NG_088185.1	970	6	0
NG_088184.1	968	3	0
NG_088183.1	934	1	0
NG_088179.1	1344	354	0
NG_088174.1	621	1	0
NG_088159.1	1393	1	0
NG_088158.1	869	1841	0
NG_088157.1	1310	2	0
NG_088152.1	945	28	0
NG_088150.1	925	1	0
NG_088145.1	913	2	0
NG_088143.1	922	1	0
NG_088142.1	1390	52	0
NG_088140.1	1355	2	0
NG_088133.1	837	1	0
NG_088128.1	837	2	0
NG_088125.1	837	1	0
NG_088124.1	847	11	0
NG_088122.1	1310	992	0
NG_088121.1	908	1	0
NG_088118.1	614	13	0
NG_088110.1	868	1093	0
NG_088106.1	946	66	0
NG_088104.1	1206	1	0
NG_088101.1	927	6	0
NG_088095.1	1265	4	0
NG_088090.1	803	2	0
NG_088084.1	843	10245	0
NG_088083.1	1297	376	0
NG_088082.1	1359	194	0
NG_088069.1	867	2	0
NG_088067.1	1399	176	0
NG_088066.1	1395	193	0
NG_088065.1	1399	195	0
NG_088062.1	1347	5	0
NG_088060.1	1334	419	0
NG_088053.1	888	1	0
NG_088042.1	1299	3	0
NG_088041.1	1291	4	0
NG_088040.1	1291	4	0
NG_088039.1	1288	2	0
NG_088038.1	836	6	0
NG_088037.1	828	4	0
NG_088035.1	874	3	0
NG_088034.1	872	12337	0
NG_088031.1	799	2	0
NG_088025.1	1350	1	0
NG_088020.1	1280	353	0
NG_088019.1	614	8	0
NG_088018.1	1314	4	0
NG_088016.1	1431	388	0
NG_088011.1	1357	1	0
NG_088003.1	1263	1	0
NG_064334.1	882	1	0
NG_064326.1	893	1	0
NG_064075.1	910	1	0
NG_064185.1	910	1	0
NG_058263.1	1415	3	0
NG_058141.1	1380	2	0
NG_058140.1	1381	3	0
NG_058017.1	1312	1	0
NG_058015.1	1303	1	0
NG_081545.1	848	1	0
NG_081542.1	885	1	0
NG_081514.1	849	5	0
NG_081479.1	1303	2	0
NG_081450.1	839	1	0
NG_081447.1	871	2	0
NG_081332.1	813	1	0
NG_081310.1	945	1	0
NG_081295.1	917	51	0
NG_081284.1	1330	89	0
NG_081279.1	944	1	0
NG_060409.1	1367	6	0
NG_060408.1	1375	1	0
NG_077388.1	922	1	0
NG_077386.1	915	23	0
NG_069325.1	1325	682	0
NG_069113.1	873	1	0
NG_069112.1	874	1	0
NG_068872.1	1283	38	0
NG_068871.1	1281	356	0
NG_068870.1	1255	338	0
NG_068869.1	1289	25	0
NG_068734.1	1347	1	0
NG_067783.1	941	1	0
NG_064336.1	889	2	0
NG_064324.1	885	2	0
NG_059107.1	1349	1	0
NG_058839.1	882	5	0
NG_058803.1	954	1	0
NG_058802.1	953	4	0
NG_058791.1	952	2	0
NG_058784.1	963	2	0
NG_042652.1	1344	2281	0
NG_042651.1	1342	2244	0
NG_042609.1	1347	3	0
NG_079707.1	1380	2	0
NG_079706.1	1324	13	0
NG_079702.1	956	1	0
NG_079698.1	908	35	0
NG_079693.1	881	2	0
NG_079692.1	884	1	0
NG_079691.1	883	6	0
NG_079689.1	884	6	0
NG_079687.1	1373	443	0
NG_079686.1	1288	4	0
NG_079685.1	1316	464	0
NG_079684.1	1344	132	0
NG_079674.1	1383	2	0
NG_079667.1	921	5	0
NG_079661.1	1326	41	0
NG_079658.1	1404	2245	0
NG_079640.1	1316	2418	0
NG_079638.1	1297	19	0
NG_079637.1	1265	29	0
NG_079636.1	1291	4	0
NG_079634.1	1291	11	0
NG_079632.1	1291	11	0
NG_079631.1	1137	1	0
NG_079630.1	1290	11	0
NG_079629.1	1355	2	0
NG_079628.1	800	1	0
NG_079568.1	1341	1	0
NG_079565.1	835	2	0
NG_079564.1	836	2	0
NG_079525.1	876	8929	0
NG_079495.1	953	2	0
NG_067775.1	1435	16	0
NG_078691.1	937	1	0
NG_078690.1	1279	205	0
NG_078681.1	921	12	0
NG_078680.1	933	2	0
NG_078679.1	931	1	0
NG_078678.1	946	6	0
NG_078676.1	942	12	0
NG_078659.1	901	1	0
NG_078656.1	898	1	0
NG_078654.1	924	1	0
NG_078652.1	876	1	0
NG_078640.1	1278	475	0
NG_078637.1	1391	8	0
NG_078635.1	869	1	0
NG_075331.1	1378	2	0
NG_057104.1	901	1	0
NG_058814.1	676	1	0
NG_077393.1	906	7	0
NG_077387.1	773	2	0
NG_077380.1	1295	3	0
NG_067786.1	981	1	0
NG_060382.1	3250	401	0
NG_054796.1	529	1	0
NG_066352.1	3183	474	0
NG_060406.1	1379	13	0
NG_055354.1	3283	24960	0
NG_076752.1	898	1	0
NG_076697.1	924	1	0
NG_070417.1	1290	1	0
NG_058631.1	1350	1	0
NG_058139.1	1375	3	0
NG_055355.1	3269	705	0
NG_067823.1	878	2	0
NG_075430.1	940	6	0
NG_075429.1	1356	205	0
NG_075426.1	903	1	0
NG_075400.1	878	1	0
NG_075399.1	878	50	0
NG_075398.1	1092	1	0
NG_075397.1	1339	4	0
NG_075396.1	1357	317	0
NG_075389.1	1398	2	0
NG_075373.1	873	1154	0
NG_075372.1	873	1228	0
NG_075371.1	842	2	0
NG_075370.1	871	7483	0
NG_075369.1	873	1	0
NG_075348.1	1730	4	0
NG_075347.1	1313	1	0
NG_075341.1	1367	351	0
NG_075336.1	1361	430	0
NG_075329.1	1396	1	0
NG_075322.1	1356	4	0
NG_075321.1	868	2	0
NG_075320.1	1389	2248	0
NG_075319.1	1341	379	0
NG_075318.1	1349	409	0
NG_075317.1	1350	2	0
NG_075316.1	1349	258	0
NG_075315.1	1348	460	0
NG_075314.1	1349	268	0
NG_075311.1	1341	384	0
NG_075310.1	1339	2	0
NG_075302.1	898	1	0
NG_075300.1	3106	123	0
NG_075291.1	1352	8	0
NG_075283.1	1395	2	0
NG_075258.1	1750	1	0
NG_075246.1	1307	4	0
NG_075241.1	937	2	0
NG_075235.1	1352	189	0
NG_075234.1	794	1	0
NG_075232.1	1347	1	0
NG_075230.1	1332	537	0
NG_075214.1	1340	1	0
NG_075213.1	1342	2	0
NG_075212.1	1345	39	0
NG_075209.1	1325	4	0
NG_075208.1	822	1	0
NG_075207.1	1353	2	0
NG_075206.1	1343	6	0
NG_075194.1	950	1	0
NG_075187.1	1378	54	0
NG_075184.1	1349	1	0
NG_075183.1	1347	1	0
NG_075181.1	1352	1	0
NG_075178.1	1374	1	0
NG_075167.1	1338	514	0
NG_075166.1	1392	64	0
NG_075163.1	1389	3010	0
NG_075161.1	3224	2041	0
NG_075155.1	1301	38	0
NG_058996.1	655	1	0
NG_027566.1	3087	1885	0
NG_074504.1	1280	114	0
NG_074503.1	937	1	0
NG_074471.1	1018	3	0
NG_074467.1	979	1	0
NG_074462.1	905	1	0
NG_074461.1	545	1	0
NG_074459.1	934	5085	0
NG_074457.1	1038	2	0
NG_074456.1	1051	446	0
NG_074455.1	1055	415	0
NG_074453.1	1075	2	0
NG_074438.1	887	2	0
NG_074434.1	1357	2	0
NG_057674.1	1078	11	0
NG_057852.1	3295	8046	0
NG_073827.1	884	608	0
NG_073788.1	850	1	0
NG_073786.1	911	14688	0
NG_073785.1	835	19128	0
NG_073778.1	649	3	0
NG_073762.1	1344	5	0
NG_073753.1	891	2	0
NG_073752.1	908	1569	0
NG_073751.1	1098	1785	0
NG_073750.1	892	1594	0
NG_073693.1	894	1	0
NG_073692.1	951	5	0
NG_073691.1	907	5	0
NG_073689.1	1233	1	0
NG_073672.1	1101	7173	0
NG_073670.1	1107	1	0
NG_073660.1	878	1	0
NG_073651.1	845	14	0
NG_073629.1	878	1	0
NG_073628.1	913	1	0
NG_073613.1	879	35	0
NG_073610.1	905	4	0
NG_073606.1	940	3	0
NG_073602.1	863	1	0
NG_073598.1	1339	1318	0
NG_073595.1	1385	463	0
NG_073589.1	1342	1	0
NG_073581.1	1333	91	0
NG_073580.1	954	4	0
NG_073626.1	888	15946	0
NG_057083.1	910	1	0
NG_068774.1	863	2	0
NG_064432.1	1259	2	0
NG_056985.1	871	1	0
NG_060125.1	1375	30599	0
NG_071251.1	915	3	0
NG_071250.1	917	5777	0
NG_071249.1	863	6	0
NG_071246.1	1272	361	0
NG_071245.1	1326	1600	0
NG_071244.1	1023	1	0
NG_071243.1	906	30	0
NG_071232.1	574	2	0
NG_068816.1	900	2	0
NG_059017.1	888	2	0
NG_070932.1	831	1	0
NG_070923.1	807	2	0
NG_070922.1	820	14	0
NG_070921.1	804	1	0
NG_070522.1	1435	1	0
NG_057944.1	1118	1	0
NG_057896.1	1028	1	0
NG_042556.1	1430	1	0
NG_042550.1	1429	1	0
NG_042539.1	1429	2	0
NG_070846.1	1317	2149	0
NG_070845.1	1319	638	0
NG_070844.1	1329	1	0
NG_070837.1	1287	1	0
NG_070836.1	988	8	0
NG_070819.1	912	4	0
NG_070809.1	1046	5	0
NG_070815.1	872	15	0
NG_070814.1	1305	6	0
NG_070812.1	944	10	0
NG_070615.1	934	2	0
NG_070610.1	1327	1	0
NG_070598.1	1327	1	0
NG_070558.1	966	3	0
NG_070556.1	937	61	0
NG_070553.1	935	34	0
NG_070552.1	936	55	0
NG_070519.1	1071	230	0
NG_070512.1	3248	440	0
NG_070504.1	973	1	0
NG_070502.1	1319	7	0
NG_070500.1	871	1	0
NG_070493.1	939	1	0
NG_070488.1	939	1	0
NG_070487.1	939	1	0
NG_060647.1	1379	312	0
NG_070391.1	1436	359	0
NG_070384.1	1323	1	0
NG_070361.1	1327	2	0
NG_070392.1	1436	388	0
NG_068542.1	1334	2	0
NG_068541.1	1393	3	0
NG_070098.1	826	1	0
NG_069975.1	907	1	0
NG_069944.1	901	1	0
NG_069912.1	1327	1	0
NG_069883.1	895	1	0
NG_069869.1	837	1	0
NG_069867.1	1327	1	0
NG_069858.1	1327	1	0
NG_069857.1	1327	1	0
NG_069790.1	808	1	0
NG_069769.1	909	1	0
NG_069758.1	898	1	0
NG_069691.1	908	1	0
NG_069679.1	908	1	0
NG_069662.1	914	1	0
NG_069655.1	911	1	0
NG_069626.1	909	1	0
NG_069620.1	916	3	0
NG_069607.1	897	1	0
NG_069565.1	881	1	0
NG_069496.1	847	1	0
NG_069419.1	942	3	0
NG_069418.1	935	3	0
NG_069415.1	908	1	0
NG_069413.1	931	63	0
NG_069409.1	937	50	0
NG_069324.1	885	797	0
NG_069323.1	871	2	0
NG_069322.1	870	3	0
NG_069275.1	886	1	0
NG_069264.1	868	829	0
NG_069212.1	892	1	0
NG_069190.1	863	1	0
NG_069189.1	863	1	0
NG_069172.1	855	1	0
NG_069171.1	874	1	0
NG_069151.1	2040	19	0
NG_069150.1	2035	22	0
NG_069149.1	2029	12	0
NG_069114.1	1293	325	0
NG_069087.1	835	1	0
NG_069070.1	1281	3	0
NG_069057.1	1327	1	0
NG_069049.1	1327	1	0
NG_069044.1	1327	1	0
NG_069038.1	1327	2	0
NG_069034.1	1327	1	0
NG_069005.1	1409	3	0
NG_069004.1	3250	439	0
NG_069003.1	3257	421	0
NG_069001.1	1348	1	0
NG_068999.1	1288	2	0
NG_068969.1	973	13	0
NG_068961.1	1311	1	0
NG_069010.1	1326	1	0
NG_068968.1	973	12	0
NG_068782.1	1371	12904	0
NG_068930.1	1414	2	0
NG_068929.1	1393	2	0
NG_068907.1	906	1	0
NG_068906.1	1190	206	0
NG_068905.1	1194	161	0
NG_068904.1	1366	219	0
NG_068899.1	1051	1	0
NG_068895.1	914	13	0
NG_068892.1	863	8	0
NG_068891.1	630	4	0
NG_068890.1	853	1	0
NG_068882.1	1310	761	0
NG_068881.1	1378	410	0
NG_068873.1	1287	36330	0
NG_068868.1	1293	166	0
NG_068867.1	1273	362	0
NG_068861.1	947	1	0
NG_068859.1	1024	1	0
NG_068850.1	1312	103	0
NG_068846.1	1343	296	0
NG_068845.1	815	1	0
NG_068844.1	1304	10	0
NG_068843.1	1353	2	0
NG_068822.1	1372	2	0
NG_068821.1	1312	2233	0
NG_068814.1	1411	198	0
NG_068813.1	1401	4	0
NG_068812.1	1401	190	0
NG_068811.1	1401	241	0
NG_068808.1	935	59	0
NG_068807.1	897	1	0
NG_068806.1	1381	357	0
NG_068805.1	1378	343	0
NG_068795.1	896	4	0
NG_068788.1	1321	1	0
NG_068786.1	1345	286	0
NG_068781.1	943	1	0
NG_068777.1	927	5	0
NG_068769.1	1385	3	0
NG_068768.1	863	1	0
NG_068765.1	1397	1906	0
NG_068763.1	1362	2	0
NG_068759.1	1326	5	0
NG_068758.1	969	8	0
NG_068757.1	959	17	0
NG_068756.1	876	59	0
NG_068750.1	1420	10	0
NG_068749.1	1375	5	0
NG_068747.1	2044	1	0
NG_068740.1	856	1	0
NG_068736.1	1017	2	0
NG_068726.1	1377	3	0
NG_068724.1	1333	1	0
NG_068658.1	832	2	0
NG_068655.1	1392	854	0
NG_068654.1	1389	909	0
NG_068632.1	1191	2	0
NG_068631.1	1193	2	0
NG_068585.1	1363	218	0
NG_068584.1	1351	220	0
NG_068568.1	1391	1	0
NG_068564.1	1344	1	0
NG_068557.1	1300	1	0
NG_068536.1	1386	2	0
NG_068534.1	1384	2	0
NG_068533.1	983	1440	0
NG_068523.1	1323	2	0
NG_068516.1	1334	1	0
NG_068673.1	891	1	0
NG_068517.1	1327	1	0
NG_059101.1	920	9	0
NG_055136.1	3235	2371	0
NG_057229.1	1390	29	0
NG_057016.1	2028	37	0
NG_068323.1	1117	1	0
NG_068309.1	848	2	0
NG_068306.1	900	70	0
NG_068272.1	1176	1	0
NG_068271.1	1350	2	0
NG_068264.1	842	6	0
NG_068289.1	1417	2670	0
NG_068276.1	907	1	0
NG_068265.1	1368	45790	0
NG_068253.1	1342	1	0
NG_068252.1	2422	206	0
NG_066407.1	1353	347	0
NG_057279.1	800	1	0
NG_057276.1	935	3	0
NG_057274.1	870	205	0
NG_057260.1	1392	87	0
NG_057259.1	1407	382	0
NG_057248.1	1431	18311	0
NG_057200.1	1428	113	0
NG_057196.1	1436	77	0
NG_060356.1	695	49	0
NG_042597.1	1429	476	0
NG_067833.1	1337	5	0
NG_067824.1	1382	360	0
NG_067816.1	1369	46	0
NG_067810.1	951	1	0
NG_067801.1	927	60	0
NG_067800.1	1311	54	0
NG_067799.1	893	52	0
NG_067791.1	773	3	0
NG_067784.1	1359	16	0
NG_067822.1	1439	367	0
NG_067776.1	1073	1	0
NG_067772.1	3257	253	0
NG_067565.1	1271	364	0
NG_067564.1	1290	366	0
NG_067559.1	1260	2	0
NG_058739.1	5088	610	0
NG_067431.1	914	1	0
NG_067423.1	871	1	0
NG_067380.1	768	1	0
NG_067374.1	1327	1	0
NG_067368.1	1326	1	0
NG_067314.1	935	52	0
NG_059086.1	952	11	0
NG_066408.1	857	4403	0
NG_059851.1	886	11	0
NG_057090.1	933	233	0
NG_066463.1	1995	1	0
NG_066447.1	928	1	0
NG_066439.1	909	1	0
NG_066433.1	712	1	0
NG_066430.1	1318	1	0
NG_066424.1	913	1	0
NG_066418.1	1389	1	0
NG_066405.1	957	1	0
NG_066402.1	965	1	0
NG_066400.1	935	2	0
NG_066387.1	1293	88	0
NG_066385.1	758	6917	0
NG_066371.1	997	1	0
NG_066355.1	3249	432	0
NG_066354.1	3259	386	0
NG_066353.1	3102	4758	0
NG_066351.1	3592	4	0
NG_066350.1	3251	61	0
NG_066349.1	3228	9	0
NG_066348.1	5042	27	0
NG_066345.1	1250	3	0
NG_066340.1	864	2	0
NG_066254.1	936	9	0
NG_066247.1	943	3	0
NG_066209.1	841	1	0
NG_066185.1	895	1	0
NG_066184.1	932	45	0
NG_066179.1	936	1	0
NG_066154.1	3243	297	0
NG_060812.1	816	1	0
NG_060641.1	1386	265	0
NG_060640.1	1398	269	0
NG_058724.1	626	1	0
NG_064600.1	901	1	0
NG_064598.1	877	5	0
NG_064597.1	869	22	0
NG_064595.1	864	3	0
NG_064594.1	869	1	0
NG_064590.1	872	3	0
NG_064588.1	888	749	0
NG_064587.1	863	166	0
NG_064586.1	915	3	0
NG_064582.1	881	1	0
NG_064581.1	883	321	0
NG_064578.1	818	3	0
NG_064577.1	891	3	0
NG_064575.1	856	1	0
NG_064574.1	873	2	0
NG_064572.1	856	1	0
NG_064570.1	860	11	0
NG_064569.1	896	1	0
NG_064568.1	884	4	0
NG_064566.1	855	4	0
NG_064563.1	893	1	0
NG_064561.1	869	77	0
NG_064560.1	832	7	0
NG_064559.1	878	5	0
NG_064558.1	798	1	0
NG_064556.1	869	260	0
NG_064554.1	1296	1	0
NG_064533.1	956	2	0
NG_064532.1	908	1	0
NG_064522.1	607	19	0
NG_064520.1	615	7	0
NG_064519.1	597	5	0
NG_064518.1	596	1	0
NG_064500.1	846	44	0
NG_064499.1	866	1	0
NG_064493.1	896	1	0
NG_064478.1	881	2	0
NG_064472.1	886	3	0
NG_064471.1	1218	1	0
NG_064459.1	831	2	0
NG_064449.1	607	3	0
NG_064448.1	1595	4	0
NG_064441.1	966	1	0
NG_064440.1	964	2	0
NG_064439.1	967	8667	0
NG_064438.1	952	2042	0
NG_064436.1	948	21	0
NG_064435.1	941	1	0
NG_064434.1	956	1	0
NG_064433.1	956	3	0
NG_064491.1	661	191	0
NG_064489.1	1380	449	0
NG_064486.1	1128	5	0
NG_064470.1	867	6	0
NG_064468.1	867	5	0
NG_064445.1	1383	379	0
NG_064444.1	1425	366	0
NG_064421.1	1239	20	0
NG_064418.1	1365	1517	0
NG_064412.1	1344	1	0
NG_064410.1	636	4	0
NG_064409.1	881	1	0
NG_064405.1	859	1	0
NG_064403.1	926	63	0
NG_064402.1	952	10566	0
NG_064401.1	914	10657	0
NG_064399.1	859	1	0
NG_064386.1	1293	1	0
NG_064380.1	737	1	0
NG_064404.1	1120	10	0
NG_064400.1	854	1	0
NG_064389.1	950	38	0
NG_064365.1	936	8	0
NG_064355.1	1363	9	0
NG_064341.1	873	3	0
NG_064338.1	880	1	0
NG_064337.1	876	1	0
NG_064331.1	875	1	0
NG_064330.1	860	5	0
NG_064329.1	918	1	0
NG_064328.1	883	1	0
NG_064325.1	882	1	0
NG_064318.1	784	2	0
NG_064315.1	2846	95	0
NG_064313.1	3248	400	0
NG_064312.1	3260	425	0
NG_064306.1	943	1	0
NG_064305.1	865	1	0
NG_064272.1	815	1	0
NG_064262.1	885	2	0
NG_064179.1	926	1	0
NG_064176.1	893	1	0
NG_064127.1	902	1	0
NG_064126.1	935	3	0
NG_064125.1	872	1	0
NG_064121.1	932	4	0
NG_064102.1	1061	1	0
NG_064070.1	867	1	0
NG_063971.1	838	1	0
NG_063948.1	1545	5	0
NG_059217.1	810	1	0
NG_055731.1	3250	227	0
NG_055729.1	1390	2	0
NG_055728.1	1350	2	0
NG_055724.1	621	1	0
NG_055690.1	3298	220	0
NG_055395.1	3301	258	0
NG_055394.1	3280	1233	0
NG_055393.1	3076	2126	0
NG_055392.1	3308	825	0
NG_055391.1	3243	5660	0
NG_055365.1	3272	252	0
NG_055364.1	3249	76	0
NG_055363.1	3282	83	0
NG_055362.1	3284	106	0
NG_055361.1	3290	261	0
NG_055360.1	3275	314	0
NG_055359.1	3238	147	0
NG_055358.1	3270	143	0
NG_055357.1	3238	152	0
NG_055353.1	4349	214	0
NG_055352.1	3285	2506	0
NG_055351.1	4174	3292	0
NG_055350.1	4553	3671	0
NG_055349.1	4788	4555	0
NG_055348.1	3265	3237	0
NG_055347.1	3269	3157	0
NG_055346.1	3282	1546	0
NG_055345.1	3282	736	0
NG_055343.1	4469	91	0
NG_055342.1	3584	249	0
NG_055341.1	4578	609	0
NG_055340.1	3718	462	0
NG_055339.1	3244	386	0
NG_055338.1	3260	468	0
NG_055337.1	3664	470	0
NG_055336.1	3678	423	0
NG_055335.1	3265	332	0
NG_055334.1	3253	409	0
NG_055333.1	3659	302	0
NG_055332.1	4949	294	0
NG_055331.1	3244	14	0
NG_055330.1	3264	19	0
NG_055329.1	3257	123	0
NG_055328.1	3242	25	0
NG_055324.1	3258	451	0
NG_055323.1	3246	225	0
NG_055322.1	3207	499	0
NG_055321.1	3258	22162	0
NG_055320.1	3198	597	0
NG_055319.1	3205	266	0
NG_055214.1	3242	113	0
NG_055213.1	3241	5186	0
NG_055211.1	3223	640	0
NG_055210.1	3242	107	0
NG_055202.1	3279	435	0
NG_055200.1	3260	331	0
NG_055199.1	3257	611	0
NG_055198.1	3257	358	0
NG_055197.1	3257	417	0
NG_055196.1	3231	603	0
NG_055195.1	3227	305	0
NG_055194.1	3225	4453	0
NG_055193.1	3277	445	0
NG_055192.1	3278	482	0
NG_055191.1	3259	382	0
NG_055190.1	3270	1558	0
NG_055189.1	4208	654	0
NG_055188.1	3269	714	0
NG_055187.1	3262	653	0
NG_055186.1	4439	517	0
NG_055185.1	3292	3422	0
NG_055184.1	4689	1304	0
NG_055183.1	3249	524	0
NG_055181.1	3663	524	0
NG_055180.1	3038	132	0
NG_055179.1	3231	2424	0
NG_055170.1	559	1	0
NG_055169.1	2129	7	0
NG_055168.1	2138	2	0
NG_055160.1	3278	496	0
NG_055159.1	3273	277	0
NG_055158.1	3282	247	0
NG_055157.1	3242	471	0
NG_055156.1	3243	467	0
NG_055154.1	3178	512	0
NG_055153.1	3180	427	0
NG_055152.1	3235	608	0
NG_055151.1	3237	682	0
NG_055150.1	3233	564	0
NG_055149.1	3181	546	0
NG_055148.1	3210	628	0
NG_055147.1	3187	539	0
NG_055146.1	3191	1423	0
NG_055145.1	3229	619	0
NG_055144.1	3234	308	0
NG_055143.1	3234	1420	0
NG_055142.1	3232	606	0
NG_055141.1	3211	1367	0
NG_055140.1	3227	621	0
NG_055139.1	3226	347	0
NG_055138.1	3237	534	0
NG_055137.1	3230	1129	0
NG_055135.1	3191	713	0
NG_055134.1	3232	771	0
NG_055133.1	3242	799	0
NG_055132.1	3238	735	0
NG_055131.1	3229	747	0
NG_055130.1	3258	680	0
NG_055129.1	3263	8211	0
NG_055128.1	3209	786	0
NG_055127.1	3214	777	0
NG_055126.1	3270	115	0
NG_055125.1	3197	134	0
NG_055124.1	3321	237	0
NG_055122.1	3218	726	0
NG_055121.1	3218	583	0
NG_055120.1	3219	777	0
NG_055119.1	3220	510	0
NG_055118.1	3231	570	0
NG_055117.1	3208	5205	0
NG_055116.1	3240	746	0
NG_055115.1	3233	718	0
NG_055114.1	3234	690	0
NG_055113.1	3252	450	0
NG_055112.1	3197	723	0
NG_055111.1	3199	699	0
NG_055110.1	3197	683	0
NG_055108.1	3166	611	0
NG_055107.1	3195	793	0
NG_055106.1	3199	5107	0
NG_055105.1	3199	5304	0
NG_055104.1	3231	607	0
NG_055103.1	3169	2748	0
NG_055102.1	3166	2750	0
NG_055101.1	3159	2774	0
NG_055100.1	3162	2752	0
NG_055099.1	3160	2860	0
NG_055098.1	3098	6075	0
NG_055097.1	3158	13330	0
NG_055096.1	3157	490	0
NG_055063.1	3297	224	0
NG_055048.1	3213	208	0
NG_055036.1	3309	220	0
NG_055033.1	3315	244	0
NG_055032.1	3315	234	0
NG_055031.1	3301	211	0
NG_055030.1	3272	420	0
NG_055029.1	3277	221	0
NG_055028.1	3276	216	0
NG_054831.1	3230	461	0
NG_054830.1	3198	2872	0
NG_054819.1	3183	418	0
NG_054805.1	3284	414	0
NG_054804.1	3284	389	0
NG_042747.1	1737	1	0
NG_042745.1	804	1	0
NG_042731.1	1023	1	0
NG_042730.1	808	1	0
NG_042711.1	1317	1	0
NG_042695.1	1789	20079	0
NG_042694.1	1788	33780	0
NG_042693.1	1795	67119	0
NG_042692.1	1781	45176	0
NG_042689.1	872	1	0
NG_042671.1	1538	1	0
NG_042668.1	1344	1	0
NG_042665.1	1344	2	0
NG_042664.1	1353	3	0
NG_042649.1	3385	44855	0
NG_042648.1	3094	7840	0
NG_042647.1	3263	1846	0
NG_042646.1	3262	253	0
NG_042645.1	3222	55	0
NG_042644.1	3246	199	0
NG_042643.1	3234	75	0
NG_042642.1	3219	305	0
NG_042641.1	3217	300	0
NG_042640.1	3261	718	0
NG_042639.1	3266	484	0
NG_042638.1	3255	430	0
NG_042637.1	3256	583	0
NG_042636.1	3260	703	0
NG_042635.1	3259	700	0
NG_042634.1	3260	410	0
NG_042633.1	3251	434	0
NG_042632.1	3253	736	0
NG_042631.1	3199	1522	0
NG_042630.1	3271	246	0
NG_042629.1	3279	268	0
NG_042628.1	3278	406	0
NG_042627.1	3243	192	0
NG_042626.1	3266	600	0
NG_042625.1	3278	223	0
NG_042624.1	3282	437	0
NG_042623.1	3284	237	0
NG_042622.1	3312	427	0
NG_042621.1	3298	243	0
NG_042611.1	889	14	0
NG_042606.1	912	1	0
NG_042596.1	1423	157	0
NG_042595.1	889	22	0
NG_042570.1	1429	1	0
NG_042569.1	1429	1	0
NG_042566.1	1428	1	0
NG_042547.1	1429	1	0
NG_042545.1	916	89	0
NG_042542.1	1372	6	0
NG_042528.1	3268	501	0
NG_042527.1	2990	309	0
NG_042524.1	3678	6165	0
NG_042523.1	1395	22	0
NG_042521.1	1769	494	0
NG_042516.1	784	1	0
NG_042515.1	621	2	0
NG_042479.1	1102	1	0
NG_042474.1	802	1	0
NG_042464.1	1371	51	0
NG_042446.1	3238	1569	0
NG_042445.1	3211	765	0
NG_042444.1	3212	5190	0
NG_042439.1	3260	325	0
NG_042438.1	3251	322	0
NG_042437.1	3261	328	0
NG_042436.1	3619	12	0
NG_042435.1	3255	1066	0
NG_042434.1	3255	1045	0
NG_042433.1	3807	798	0
NG_042432.1	3271	362	0
NG_042431.1	3710	427	0
NG_042430.1	3687	422	0
NG_042429.1	3701	433	0
NG_042428.1	3250	402	0
NG_042427.1	3256	248	0
NG_042426.1	3256	448	0
NG_042425.1	4685	105	0
NG_042424.1	3235	466	0
NG_042423.1	954	1	0
NG_042415.1	3162	89	0
NG_042414.1	3334	1884	0
NG_042403.1	627	1	0
NG_042402.1	1020	1	0
NG_042401.1	1020	2	0
NG_042391.1	629	1	0
NG_042369.1	637	1	0
NG_042338.1	1292	1	0
NG_042336.1	936	3	0
NG_042323.1	1288	1	0
NG_042317.1	627	1	0
NG_027648.1	3459	14017	0
NG_027646.1	2771	631	0
NG_027645.1	3237	154	0
NG_027642.1	961	8	0
NG_027634.1	1184	3	0
NG_027621.1	1394	4	0
NG_027618.1	3799	15361	0
NG_027616.1	3270	1920	0
NG_027613.1	3188	1873	0
NG_027595.1	1409	1	0
NG_027568.1	1157	14	0
NG_027567.1	3255	41337	0
NG_027564.1	3237	4511	0
NG_027561.1	3189	2752	0
NG_027560.1	4318	80	0
NG_060249.1	3172	2163	0
NG_060070.1	969	1	0
NG_060069.1	3174	1955	0
NG_060067.1	984	5	0
NG_059912.1	958	2	0
NG_059518.1	3062	2036	0
NG_059517.1	3072	3663	0
NG_057757.1	1427	1	0
NG_060630.1	1399	66	0
NG_027623.1	3134	31	0
NG_060251.1	2970	1837	0
NG_060250.1	3180	145	0
NG_060831.1	862	1	0
NG_060822.1	898	1	0
NG_060805.1	705	5	0
NG_060799.1	843	1	0
NG_060795.1	1381	1	0
NG_060688.1	1289	25977	0
NG_060687.1	1353	4	0
NG_060685.1	1322	2	0
NG_060684.1	1459	343	0
NG_060678.1	885	1	0
NG_060676.1	860	1	0
NG_060672.1	865	54	0
NG_060671.1	865	8	0
NG_060669.1	896	1	0
NG_060667.1	662	2	0
NG_060665.1	971	9	0
NG_060656.1	959	5369	0
NG_060655.1	961	30259	0
NG_060654.1	964	5592	0
NG_060646.1	1338	327	0
NG_060645.1	1359	6	0
NG_060643.1	946	1	0
NG_060642.1	1319	407	0
NG_060639.1	1148	2230	0
NG_060638.1	1366	1	0
NG_060637.1	1364	20	0
NG_060636.1	853	1	0
NG_060635.1	1354	2203	0
NG_060624.1	1412	4	0
NG_060154.1	1365	353	0
NG_060153.1	1392	2010	0
NG_060398.1	1295	471	0
NG_060397.1	1242	367	0
NG_059244.1	783	45	0
NG_059226.1	665	3	0
NG_060441.1	1333	198	0
NG_060440.1	1397	147	0
NG_060435.1	814	2	0
NG_060432.1	1385	2	0
NG_060430.1	1402	163	0
NG_060429.1	1402	172	0
NG_060426.1	871	1	0
NG_060425.1	1296	10	0
NG_060423.1	1292	4	0
NG_060420.1	2073	18329	0
NG_060417.1	1356	1	0
NG_060414.1	910	6	0
NG_060413.1	1355	2	0
NG_060405.1	1451	342	0
NG_060402.1	1045	8	0
NG_060400.1	2969	6985	0
NG_060393.1	743	2	0
NG_060388.1	630	1	0
NG_060387.1	977	1	0
NG_060384.1	917	11	0
NG_060381.1	3260	439	0
NG_060380.1	3253	617	0
NG_060379.1	3075	9141	0
NG_060355.1	651	3	0
NG_060354.1	682	4	0
NG_060346.1	1349	2	0
NG_060344.1	1358	1	0
NG_060338.1	1386	3	0
NG_060328.1	1019	3	0
NG_060310.1	1384	314	0
NG_060307.1	863	19	0
NG_060304.1	1397	10	0
NG_060301.1	833	2	0
NG_060285.1	940	5	0
NG_060283.1	919	1	0
NG_060278.1	891	1	0
NG_060271.1	943	1	0
NG_060267.1	1118	1	0
NG_060258.1	862	1	0
NG_060241.1	675	1	0
NG_060236.1	592	1	0
NG_060190.1	606	1	0
NG_060188.1	614	1	0
NG_060184.1	882	4	0
NG_060181.1	990	3	0
NG_060180.1	990	1	0
NG_060179.1	1392	342	0
NG_060176.1	813	52	0
NG_060171.1	1054	178	0
NG_060169.1	1027	195	0
NG_060163.1	1393	279	0
NG_060162.1	887	1	0
NG_060161.1	1355	8	0
NG_060159.1	1795	1	0
NG_060148.1	879	125	0
NG_060133.1	927	1	0
NG_060132.1	872	1	0
NG_060131.1	1347	2	0
NG_060130.1	1347	2	0
NG_060115.1	856	7	0
NG_060114.1	1381	2	0
NG_060102.1	1387	4	0
NG_060101.1	1387	2	0
NG_060100.1	1377	1	0
NG_060099.1	1402	175	0
NG_060097.1	1441	18	0
NG_060095.1	1442	7	0
NG_060075.1	3083	4984	0
NG_060074.1	3061	274	0
NG_060072.1	886	52	0
NG_060064.1	1074	5	0
NG_060022.1	1408	356	0
NG_060019.1	1009	1	0
NG_060017.1	938	3	0
NG_060013.1	1204	6	0
NG_060012.1	1339	1	0
NG_060010.1	1322	1	0
NG_060003.1	1361	6	0
NG_059999.1	891	1	0
NG_059997.1	966	5	0
NG_059996.1	967	6	0
NG_059981.1	946	1	0
NG_059979.1	1037	1	0
NG_059978.1	953	1	0
NG_059977.1	1378	1	0
NG_059971.1	870	4	0
NG_059968.1	697	5	0
NG_059960.1	1312	7	0
NG_059959.1	1313	9	0
NG_059948.1	1386	1	0
NG_059947.1	1342	415	0
NG_059935.1	736	1	0
NG_059923.1	1131	3	0
NG_059916.1	3265	637	0
NG_059915.1	3254	915	0
NG_059905.1	935	8	0
NG_055326.1	3221	6	0
NG_059841.1	901	8940	0
NG_059828.1	902	8905	0
NG_059805.1	1271	1	0
NG_059804.1	1288	1	0
NG_059770.1	901	1	0
NG_059735.1	866	1	0
NG_059734.1	878	1	0
NG_059733.1	877	3	0
NG_059712.1	825	4	0
NG_059709.1	909	1	0
NG_059706.1	920	1	0
NG_059700.1	849	11	0
NG_059646.1	1041	176	0
NG_059641.1	1040	1	0
NG_059640.1	1040	2	0
NG_059625.1	838	1	0
NG_059622.1	840	4	0
NG_059621.1	846	1	0
NG_059620.1	806	1	0
NG_059609.1	906	1	0
NG_059606.1	901	1	0
NG_059605.1	1306	460	0
NG_059585.1	806	6	0
NG_059584.1	795	1	0
NG_059583.1	812	1	0
NG_059582.1	914	5	0
NG_059571.1	1322	1	0
NG_059552.1	942	1923	0
NG_059551.1	911	1	0
NG_059538.1	961	3	0
NG_059524.1	882	42	0
NG_059523.1	913	44	0
NG_059521.1	1064	5	0
NG_059506.1	866	10	0
NG_059503.1	1053	216	0
NG_059502.1	879	2	0
NG_059499.1	1405	6	0
NG_059491.1	1324	288	0
NG_059488.1	900	1	0
NG_059465.1	872	432	0
NG_059464.1	871	11058	0
NG_059446.1	1073	217	0
NG_059445.1	1071	328	0
NG_059434.1	1398	247	0
NG_059428.1	1312	2	0
NG_059407.1	1313	1	0
NG_059402.1	1309	1	0
NG_059394.1	1289	1	0
NG_059393.1	1289	1	0
NG_059384.1	645	4	0
NG_056285.1	1400	4	0
NG_055327.1	3211	5	0
NG_055325.1	3224	254	0
NG_059268.1	1371	9	0
NG_059266.1	889	3	0
NG_059265.1	888	2	0
NG_059261.1	737	2	0
NG_059259.1	899	1	0
NG_059254.1	874	1	0
NG_059250.1	861	1	0
NG_059241.1	880	1	0
NG_059236.1	1057	3	0
NG_059218.1	859	1	0
NG_059194.1	1306	2	0
NG_059193.1	1127	156	0
NG_059192.1	1356	3	0
NG_059171.1	831	2	0
NG_059170.1	829	917	0
NG_059169.1	825	23	0
NG_059153.1	935	1	0
NG_059152.1	700	1	0
NG_059151.1	936	1	0
NG_059112.1	1320	2168	0
NG_059106.1	1150	1	0
NG_059105.1	1154	1	0
NG_059099.1	919	1	0
NG_059096.1	917	1	0
NG_059093.1	917	11	0
NG_059076.1	3295	5740	0
NG_059069.1	611	1	0
NG_059062.1	1284	1	0
NG_059042.1	892	275	0
NG_059035.1	1315	1	0
NG_059031.1	1317	1	0
NG_059029.1	819	2	0
NG_059026.1	985	2	0
NG_059023.1	1226	1	0
NG_059022.1	924	1	0
NG_059010.1	937	84	0
NG_059003.1	658	1	0
NG_058998.1	931	1	0
NG_058992.1	926	3	0
NG_058990.1	938	2	0
NG_058973.1	1178	1	0
NG_058961.1	1703	1	0
NG_058953.1	1386	3	0
NG_058951.1	1314	2	0
NG_058950.1	1305	2	0
NG_058946.1	835	1	0
NG_058940.1	859	10	0
NG_058939.1	858	220	0
NG_058938.1	1256	17	0
NG_058937.1	1255	13	0
NG_058936.1	1393	476	0
NG_058931.1	1305	437	0
NG_058918.1	819	4530	0
NG_058909.1	1350	2	0
NG_058908.1	2165	33	0
NG_058887.1	912	1	0
NG_058886.1	950	1	0
NG_058872.1	966	1010	0
NG_058871.1	861	1	0
NG_058870.1	954	1	0
NG_058868.1	1397	2	0
NG_058847.1	1377	2	0
NG_058845.1	1372	61	0
NG_058819.1	637	1	0
NG_058817.1	1081	1	0
NG_058816.1	1274	196	0
NG_058807.1	787	1	0
NG_058799.1	955	3	0
NG_058787.1	963	1	0
NG_058786.1	951	1	0
NG_058782.1	3290	6743	0
NG_058776.1	1407	840	0
NG_058768.1	1030	1	0
NG_058755.1	3255	439	0
NG_058754.1	3255	420	0
NG_058753.1	3262	230	0
NG_058752.1	3250	436	0
NG_058751.1	3250	213	0
NG_058750.1	3254	226	0
NG_058749.1	3258	399	0
NG_058748.1	3257	406	0
NG_058747.1	3273	2125	0
NG_058746.1	1459	4	0
NG_058744.1	839	1	0
NG_058742.1	1427	280	0
NG_058740.1	790	1	0
NG_058736.1	1315	1	0
NG_058716.1	1268	2	0
NG_058715.1	1268	1	0
NG_058711.1	937	1	0
NG_058701.1	684	2694	0
NG_058685.1	1718	3	0
NG_058680.1	951	1	0
NG_058677.1	1329	3	0
NG_058674.1	1824	1	0
NG_058673.1	1776	1	0
NG_058672.1	1693	1	0
NG_058670.1	941	2	0
NG_058661.1	604	1965	0
NG_058660.1	633	1819	0
NG_058656.1	1182	1	0
NG_058653.1	950	4	0
NG_058644.1	882	5	0
NG_058630.1	3329	1827	0
NG_058629.1	3261	1961	0
NG_058628.1	3336	220	0
NG_058624.1	1179	1	0
NG_058623.1	1412	1	0
NG_058609.1	648	11	0
NG_058606.1	1385	2233	0
NG_058599.1	934	2	0
NG_058598.1	863	3	0
NG_058597.1	1342	2552	0
NG_058595.1	842	40	0
NG_058592.1	870	1107	0
NG_058591.1	871	3	0
NG_058588.1	870	1	0
NG_058587.1	871	1	0
NG_058586.1	794	6	0
NG_058585.1	882	73	0
NG_058584.1	795	4	0
NG_058583.1	791	3	0
NG_058582.1	731	1	0
NG_058580.1	1339	1	0
NG_058574.1	885	8	0
NG_058572.1	885	1	0
NG_058571.1	859	1	0
NG_058570.1	570	1	0
NG_058560.1	702	1	0
NG_058557.1	1339	1	0
NG_058548.1	1425	16	0
NG_058542.1	1413	7	0
NG_058541.1	625	1	0
NG_058466.1	1842	1	0
NG_058433.1	931	2	0
NG_058429.1	924	2	0
NG_058421.1	590	1	0
NG_058381.1	655	1	0
NG_058375.1	940	103	0
NG_058364.1	742	4	0
NG_058351.1	918	53	0
NG_058347.1	870	1	0
NG_058322.1	732	1	0
NG_058321.1	719	2	0
NG_058318.1	931	2	0
NG_058315.1	937	1	0
NG_058307.1	937	1	0
NG_058304.1	933	1	0
NG_058296.1	850	68	0
NG_058291.1	668	17	0
NG_058288.1	801	1	0
NG_058287.1	930	2	0
NG_058286.1	810	5	0
NG_058282.1	546	1	0
NG_058167.1	807	1	0
NG_058157.1	1350	1	0
NG_058156.1	1350	2	0
NG_058087.1	901	1	0
NG_058044.1	872	1	0
NG_058038.1	1830	1	0
NG_058033.1	1067	2	0
NG_058030.1	1368	1	0
NG_058028.1	1843	12613	0
NG_058016.1	1324	1	0
NG_057972.1	1435	2	0
NG_057971.1	1434	1	0
NG_057910.1	954	26	0
NG_057902.1	1430	2	0
NG_057887.1	931	1	0
NG_057880.1	588	2	0
NG_057879.1	586	2	0
NG_057859.1	1281	1	0
NG_057855.1	3279	26143	0
NG_057854.1	4009	3037	0
NG_057848.1	3299	6427	0
NG_057813.1	1356	1	0
NG_057811.1	1353	1	0
NG_057810.1	1353	1	0
NG_057807.1	1389	1	0
NG_057793.1	888	1	0
NG_057783.1	935	4	0
NG_057777.1	3283	5586	0
NG_057774.1	3286	7980	0
NG_057772.1	3296	5798	0
NG_057771.1	1720	6	0
NG_057760.1	669	13	0
NG_057758.1	1426	256	0
NG_057750.1	1315	1	0
NG_057746.1	1289	9	0
NG_057731.1	1385	1	0
NG_057729.1	1413	4	0
NG_057705.1	582	239	0
NG_057703.1	583	1	0
NG_057685.1	870	1	0
NG_057662.1	627	3	0
NG_057290.1	684	1	0
NG_057289.1	674	2173	0
NG_057287.1	818	1	0
NG_057286.1	875	12	0
NG_057284.1	653	1	0
NG_057282.1	613	6	0
NG_057280.1	782	1	0
NG_057273.1	1429	360	0
NG_057272.1	1389	26	0
NG_057270.1	1434	205	0
NG_057269.1	1437	108	0
NG_057268.1	1424	593	0
NG_057267.1	1395	94	0
NG_057266.1	1431	74	0
NG_057265.1	1418	378	0
NG_057264.1	1360	22	0
NG_057262.1	1396	391	0
NG_057261.1	1397	88	0
NG_057258.1	1358	376	0
NG_057257.1	1429	97	0
NG_057256.1	1387	41	0
NG_057255.1	1384	387	0
NG_057253.1	936	3	0
NG_057252.1	1364	373	0
NG_057250.1	1088	3	0
NG_057249.1	1389	1796	0
NG_057247.1	1403	132	0
NG_057246.1	1427	351	0
NG_057245.1	1436	331	0
NG_057244.1	1389	350	0
NG_057243.1	1448	359	0
NG_057242.1	1301	217	0
NG_057241.1	1387	356	0
NG_057240.1	1419	75	0
NG_057239.1	1389	380	0
NG_057238.1	1442	351	0
NG_057236.1	1395	92	0
NG_057235.1	1351	347	0
NG_057234.1	1389	4	0
NG_057233.1	690	1	0
NG_057232.1	938	5	0
NG_057231.1	871	1	0
NG_057230.1	937	4425	0
NG_057228.1	906	1	0
NG_057227.1	1429	367	0
NG_057226.1	1386	82	0
NG_057225.1	1381	32	0
NG_057223.1	1398	84	0
NG_057222.1	1352	369	0
NG_057221.1	1424	349	0
NG_057220.1	1312	359	0
NG_057219.1	1363	16	0
NG_057218.1	1429	113	0
NG_057217.1	1397	375	0
NG_057216.1	1361	334	0
NG_057215.1	1420	362	0
NG_057214.1	1385	574	0
NG_057213.1	1426	407	0
NG_057212.1	1383	404	0
NG_057210.1	1421	4487	0
NG_057209.1	1386	398	0
NG_057208.1	1428	357	0
NG_057207.1	929	3	0
NG_057206.1	1422	372	0
NG_057205.1	1387	338	0
NG_057204.1	1385	373	0
NG_057203.1	1425	366	0
NG_057202.1	1385	382	0
NG_057201.1	1354	313	0
NG_057199.1	1425	127	0
NG_057198.1	1421	416	0
NG_057197.1	1433	368	0
NG_057195.1	1432	375	0
NG_057194.1	884	2	0
NG_057193.1	1442	11	0
NG_057192.1	921	2	0
NG_057191.1	1427	66	0
NG_057190.1	1430	28	0
NG_057189.1	1430	107	0
NG_057178.1	3253	2386	0
NG_057177.1	3253	505	0
NG_057176.1	3254	69	0
NG_057175.1	3254	57	0
NG_057174.1	3258	1110	0
NG_057173.1	3254	71	0
NG_057172.1	3250	72	0
NG_057171.1	3249	31	0
NG_057170.1	3251	451	0
NG_057169.1	3256	391	0
NG_057168.1	3253	386	0
NG_057167.1	3255	71	0
NG_057166.1	3259	382	0
NG_057165.1	3261	433	0
NG_057164.1	3255	400	0
NG_057163.1	3282	412	0
NG_057162.1	3299	2022	0
NG_057161.1	3264	2021	0
NG_057160.1	3267	404	0
NG_057159.1	3267	401	0
NG_057158.1	3273	410	0
NG_057146.1	708	1	0
NG_057145.1	715	20	0
NG_057107.1	878	7	0
NG_057106.1	873	1	0
NG_057098.1	1344	122	0
NG_057082.1	1348	2	0
NG_057074.1	838	1	0
NG_057072.1	839	271	0
NG_057067.1	1349	11875	0
NG_057066.1	1374	2	0
NG_057065.1	1388	298	0
NG_057062.1	1454	50	0
NG_057061.1	1442	56	0
NG_057060.1	1452	15	0
NG_057058.1	1382	11	0
NG_057043.1	1392	17	0
NG_057042.1	968	46	0
NG_057041.1	1388	29	0
NG_057039.1	855	1	0
NG_057033.1	794	5	0
NG_057032.1	858	47	0
NG_057020.1	1309	124	0
NG_057019.1	824	1	0
NG_057012.1	1247	1	0
NG_056999.1	988	3	0
NG_056996.1	924	5	0
NG_056976.1	906	3	0
NG_056969.1	1348	1	0
NG_056968.1	3289	6354	0
NG_056281.1	1071	3	0
NG_056278.1	3263	781	0
NG_056273.1	619	1	0
NG_056267.1	1283	1	0
NG_042761.1	1797	1	0
NG_042733.1	936	6	0
NG_042443.1	949	1	0
