NG_087910.1	1026	5500	0
NG_087909.1	1029	6235	0
NG_087907.1	1001	1	0
NG_087906.1	1013	6	0
NG_087903.1	1031	1	0
NG_087896.1	1687	1	0
NG_087891.1	1084	181	0
NG_087890.1	1084	257	0
NG_087889.1	1084	243	0
NG_087888.1	1084	140	0
NG_087887.1	1084	158	0
NG_087886.1	1071	162	0
NG_087885.1	1084	948	0
NG_087884.1	1084	1019	0
NG_087883.1	1255	1	0
NG_087873.1	998	1	0
NG_087871.1	1009	1106	0
NG_087870.1	1009	2048	0
NG_087869.1	1009	2100	0
NG_087868.1	1006	2472	0
NG_087859.1	1602	1	0
NG_063068.1	1662	1	0
NG_062986.1	1463	1	0
NG_062603.1	1686	1	0
NG_061019.1	1738	4	0
NG_081431.1	1136	2982	0
NG_081430.1	1135	2555	0
NG_081429.1	1127	2745	0
NG_081428.1	1130	195	0
NG_081427.1	1128	296	0
NG_081424.1	1013	74	0
NG_081423.1	749	4109	0
NG_081420.1	1028	231	0
NG_081419.1	1029	228	0
NG_081418.1	1018	234	0
NG_081417.1	1029	236	0
NG_081416.1	1027	235	0
NG_081412.1	1098	334	0
NG_081411.1	1071	305	0
NG_081410.1	1093	278	0
NG_081409.1	1134	330	0
NG_081398.1	1028	7	0
NG_081397.1	1325	1	0
NG_081396.1	1664	17	0
NG_081385.1	943	1	0
NG_081383.1	1014	10	0
NG_081380.1	1645	8040	0
NG_081378.1	1491	1	0
NG_081377.1	1653	54	0
NG_081374.1	1776	1	0
NG_081366.1	1736	19583	0
NG_081364.1	1737	29500	0
NG_065067.1	1010	7385	0
NG_065066.1	1009	2390	0
NG_067668.1	1106	601	0
NG_067667.1	1106	620	0
NG_064894.1	1710	1	0
NG_078770.1	1106	4427	0
NG_078757.1	1647	17	0
NG_078756.1	1595	169	0
NG_078755.1	1607	5	0
NG_078753.1	578	2	0
NG_078741.1	1765	7162	0
NG_078738.1	1008	12198	0
NG_078737.1	1007	206	0
NG_078736.1	894	211	0
NG_078735.1	1008	218	0
NG_078734.1	1008	220	0
NG_078733.1	1008	230	0
NG_078732.1	1008	211	0
NG_078730.1	1727	1	0
NG_078728.1	1733	1	0
NG_078727.1	1690	16	0
NG_078725.1	1780	1	0
NG_078724.1	1782	7916	0
NG_078723.1	1782	14	0
NG_064822.1	1723	1	0
NG_062617.1	1723	1	0
NG_065099.1	1008	194	0
NG_077448.1	1128	1462	0
NG_077447.1	1100	1855	0
NG_077446.1	1073	1	0
NG_077445.1	1001	21	0
NG_077444.1	1008	25	0
NG_077443.1	1000	27	0
NG_077442.1	985	33	0
NG_077441.1	631	1	0
NG_077440.1	996	4	0
NG_077433.1	1262	2	0
NG_077431.1	1177	281	0
NG_077420.1	1047	1	0
NG_077406.1	1594	183	0
NG_077405.1	1552	16	0
NG_077401.1	1617	4	0
NG_077397.1	2045	1	0
NG_065470.1	1744	2	0
NG_063443.1	1763	2	0
NG_063441.1	1763	1	0
NG_065501.1	1787	24	0
NG_063416.1	1782	3	0
NG_062664.1	1726	3	0
NG_076792.1	1013	1	0
NG_065542.1	1724	3	0
NG_064809.1	1757	1	0
NG_064798.1	1736	1	0
NG_063414.1	1781	2	0
NG_063405.1	1781	1	0
NG_063010.1	1463	1	0
NG_062712.1	1701	1	0
NG_062372.1	1729	2	0
NG_017171.1	1771	293	0
NG_062940.1	1654	5	0
NG_074968.1	1102	207	0
NG_074967.1	985	214	0
NG_074961.1	1025	723	0
NG_074958.1	2084	3	0
NG_074957.1	991	949	0
NG_074954.1	1678	2	0
NG_074943.1	1012	1	0
NG_074937.1	1013	1	0
NG_074929.1	1012	1	0
NG_074928.1	1013	1	0
NG_074927.1	1011	1	0
NG_074915.1	1360	3	0
NG_074908.1	1046	277	0
NG_074899.1	1021	1	0
NG_074889.1	838	1	0
NG_074879.1	1683	1	0
NG_074878.1	1774	1	0
NG_073571.1	1084	223	0
NG_073570.1	1088	232	0
NG_073569.1	1084	9931	0
NG_073567.1	1714	2	0
NG_073566.1	1729	2	0
NG_073565.1	1673	4	0
NG_073564.1	1714	2	0
NG_073563.1	1700	12	0
NG_073554.1	989	1	0
NG_073546.1	1005	2	0
NG_073541.1	753	11	0
NG_073528.1	1327	1	0
NG_073524.1	1184	1	0
NG_073521.1	1654	236	0
NG_073520.1	1657	239	0
NG_073510.1	1001	1	0
NG_073503.1	1686	19	0
NG_073500.1	1665	2	0
NG_073499.1	1705	2	0
NG_073497.1	1589	40	0
NG_073495.1	1684	2	0
NG_073493.1	1771	3	0
NG_062166.1	1714	1	0
NG_065069.1	1009	231	0
NG_070910.1	1672	3	0
NG_070689.1	1012	1	0
NG_070246.1	996	1	0
NG_070881.1	1781	13026	0
NG_070880.1	1399	1	0
NG_070878.1	1761	5089	0
NG_070877.1	1964	37604	0
NG_070875.1	1792	29133	0
NG_070874.1	1766	11355	0
NG_070871.1	1689	1	0
NG_070868.1	1801	1	0
NG_070865.1	1810	1	0
NG_070864.1	1085	92	0
NG_070862.1	2650	2	0
NG_070855.1	1782	1	0
NG_070854.1	1786	2	0
NG_070853.1	2071	4	0
NG_070852.1	1748	8	0
NG_070851.1	1748	13	0
NG_070850.1	1849	30	0
NG_070849.1	1741	1	0
NG_070847.1	1780	35	0
NG_070863.1	1771	1	0
NG_070808.1	1738	18523	0
NG_070807.1	1686	1	0
NG_070806.1	1771	1750	0
NG_070805.1	1771	1772	0
NG_070804.1	1788	14	0
NG_070803.1	1787	15	0
NG_070802.1	1783	4	0
NG_070801.1	1776	237	0
NG_070800.1	1756	1	0
NG_070797.1	1774	10807	0
NG_070794.1	1241	2	0
NG_070792.1	1718	1	0
NG_070791.1	1787	1	0
NG_070788.1	1748	6	0
NG_070787.1	1788	3	0
NG_070697.1	1839	11816	0
NG_070695.1	1592	5	0
NG_070694.1	1667	6	0
NG_070693.1	1698	10	0
NG_070692.1	1170	1	0
NG_070691.1	1731	6	0
NG_070687.1	1770	11	0
NG_070686.1	1776	1	0
NG_070641.1	1667	2	0
NG_070638.1	1772	45397	0
NG_070637.1	1033	1	0
NG_070635.1	1741	4684	0
NG_070634.1	1701	1	0
NG_070636.1	1085	1	0
NG_063530.1	1738	7	0
NG_070345.1	1010	1	0
NG_070344.1	1009	1	0
NG_070311.1	937	1	0
NG_070310.1	1640	2	0
NG_070309.1	1791	3	0
NG_070307.1	1637	4	0
NG_070306.1	1641	3	0
NG_070305.1	1640	2	0
NG_070304.1	1640	4	0
NG_070303.1	1641	1	0
NG_070302.1	1640	5	0
NG_070294.1	1721	2	0
NG_070292.1	1105	156	0
NG_070291.1	1670	1	0
NG_070289.1	1106	164	0
NG_070288.1	1106	273	0
NG_070287.1	1713	12	0
NG_070286.1	2045	1	0
NG_070283.1	1664	3	0
NG_070282.1	1719	3	0
NG_070281.1	1809	5	0
NG_070279.1	1765	4	0
NG_070278.1	996	2	0
NG_070277.1	996	13	0
NG_070272.1	996	1	0
NG_070251.1	996	2	0
NG_070235.1	1750	1	0
NG_070233.1	1782	44	0
NG_070231.1	1762	17	0
NG_070132.1	741	1494	0
NG_070131.1	1132	3096	0
NG_070130.1	1126	2494	0
NG_070129.1	1133	3077	0
NG_070124.1	960	1	0
NG_070117.1	1663	6	0
NG_070115.1	1106	167	0
NG_070114.1	1011	1	0
NG_064857.1	2250	1	0
NG_063521.1	1753	22	0
NG_068422.1	1090	1	0
NG_068382.1	1011	1	0
NG_068360.1	1739	24	0
NG_068429.1	999	6	0
NG_068427.1	1023	1	0
NG_068410.1	1062	1	0
NG_068390.1	1010	2	0
NG_068376.1	1002	1	0
NG_065590.1	1705	1	0
NG_064893.1	1751	1	0
NG_062642.1	1710	2	0
NG_067717.1	1548	3	0
NG_067712.1	1026	1	0
NG_067707.1	934	1	0
NG_067705.1	1774	52480	0
NG_067704.1	1773	5663	0
NG_067703.1	1076	2	0
NG_067696.1	1113	1008	0
NG_067669.1	1107	84	0
NG_067666.1	1025	2436	0
NG_067665.1	1025	2480	0
NG_067658.1	1021	1	0
NG_067653.1	1062	1	0
NG_067630.1	1668	1	0
NG_067627.1	1710	1	0
NG_067625.1	1753	1	0
NG_062957.1	1655	1	0
NG_065481.1	1679	1	0
NG_065480.1	1657	2	0
NG_064883.1	1762	1	0
NG_063445.1	1739	3	0
NG_063429.1	1721	3	0
NG_061036.1	1735	16	0
NG_065750.1	1472	1	0
NG_065741.1	1417	1	0
NG_065733.1	995	453	0
NG_065732.1	1025	1716	0
NG_065730.1	1105	1	0
NG_065728.1	1026	1	0
NG_065722.1	1897	2	0
NG_065719.1	1027	1	0
NG_065717.1	744	1265	0
NG_065707.1	1715	1	0
NG_065706.1	1565	13	0
NG_065698.1	1601	1	0
NG_065697.1	1575	1	0
NG_065696.1	1598	3	0
NG_065685.1	1930	12	0
NG_065684.1	1891	3	0
NG_065683.1	1398	1	0
NG_065681.1	1559	2	0
NG_065677.1	999	2	0
NG_065676.1	999	2	0
NG_065675.1	999	11	0
NG_065673.1	1629	1	0
NG_065671.1	1613	1	0
NG_065670.1	1629	3	0
NG_065669.1	1629	2	0
NG_065666.1	1639	3	0
NG_065653.1	1106	171	0
NG_065652.1	1106	165	0
NG_065651.1	1566	2304	0
NG_065650.1	1595	1925	0
NG_065644.1	1097	636	0
NG_065641.1	1701	1	0
NG_065631.1	1596	3	0
NG_065630.1	1602	1	0
NG_065629.1	1611	2	0
NG_065626.1	1575	3	0
NG_065620.1	1109	1	0
NG_065619.1	1600	1	0
NG_065617.1	1584	16	0
NG_065616.1	1615	11	0
NG_065615.1	1618	1	0
NG_065614.1	1582	1	0
NG_065613.1	1578	5	0
NG_065610.1	1574	4	0
NG_065608.1	1571	1	0
NG_065606.1	1491	1	0
NG_065599.1	1156	1	0
NG_065597.1	1746	1	0
NG_065596.1	1719	2	0
NG_065589.1	1753	5	0
NG_065583.1	1772	1	0
NG_065582.1	1152	1	0
NG_065577.1	1728	3	0
NG_065576.1	1443	1	0
NG_065555.1	1781	1	0
NG_065554.1	1704	1	0
NG_065549.1	1711	2	0
NG_065547.1	1538	1	0
NG_065546.1	1719	4	0
NG_065538.1	1770	1	0
NG_065535.1	1757	3	0
NG_065534.1	1698	1	0
NG_065533.1	1648	2	0
NG_065532.1	1722	3	0
NG_065529.1	1687	77	0
NG_065527.1	1705	1	0
NG_065526.1	1687	1	0
NG_065525.1	1707	1	0
NG_065523.1	1689	2	0
NG_065518.1	1661	1	0
NG_065517.1	1658	1	0
NG_065516.1	1661	2	0
NG_065515.1	1661	2	0
NG_065514.1	1690	1	0
NG_065509.1	1702	1	0
NG_065508.1	1683	1	0
NG_065507.1	1680	1	0
NG_065503.1	1756	4	0
NG_065500.1	1766	3	0
NG_065497.1	1787	6	0
NG_065496.1	1784	12	0
NG_065495.1	1732	4	0
NG_065492.1	1663	1	0
NG_065491.1	1654	1	0
NG_065489.1	1715	2	0
NG_065488.1	1721	1	0
NG_065486.1	1781	8	0
NG_065485.1	1758	2	0
NG_065484.1	1706	89	0
NG_065483.1	1754	14	0
NG_065479.1	1710	1	0
NG_065478.1	1708	1	0
NG_065475.1	1724	8	0
NG_065471.1	1744	1	0
NG_065469.1	1639	67	0
NG_065468.1	1748	1	0
NG_065467.1	1745	6	0
NG_065466.1	1740	1	0
NG_065464.1	1750	1	0
NG_013153.1	2033	2	0
NG_013120.1	1647	7	0
NG_063460.1	1781	12	0
NG_062980.1	1656	7	0
NG_065157.1	1804	12	0
NG_065156.1	1806	1	0
NG_065155.1	1801	4	0
NG_065134.1	966	1	0
NG_065112.1	1723	2	0
NG_065110.1	1758	1	0
NG_065108.1	1871	1	0
NG_065098.1	1006	822	0
NG_065096.1	1069	4	0
NG_065092.1	1023	1	0
NG_065080.1	1708	1	0
NG_065078.1	1081	1	0
NG_065077.1	1004	369	0
NG_065070.1	1644	2	0
NG_065068.1	1009	15876	0
NG_065065.1	1025	744	0
NG_065064.1	1700	1	0
NG_065062.1	1544	1	0
NG_065057.1	1652	23	0
NG_065051.1	1179	1	0
NG_065045.1	1725	1	0
NG_065042.1	1614	1	0
NG_065040.1	1722	1	0
NG_065037.1	1713	1	0
NG_065020.1	1718	6	0
NG_065019.1	1708	1	0
NG_064994.1	1706	1	0
NG_064990.1	1748	1	0
NG_064986.1	1036	3140	0
NG_064985.1	1028	56862	0
NG_064984.1	1024	244	0
NG_064983.1	1085	252	0
NG_064982.1	1096	267	0
NG_064976.1	1776	9928	0
NG_064969.1	1667	8	0
NG_064968.1	1663	14	0
NG_064961.1	1718	1	0
NG_064959.1	1073	8322	0
NG_064958.1	1724	30035	0
NG_064955.1	1134	1485	0
NG_064954.1	1717	1	0
NG_064953.1	1718	2	0
NG_064948.1	1766	1	0
NG_064938.1	1880	1	0
NG_064921.1	1714	30237	0
NG_064920.1	1733	12	0
NG_064917.1	2226	1	0
NG_064915.1	2035	2	0
NG_064914.1	1704	4	0
NG_064908.1	1724	273	0
NG_064907.1	1767	228	0
NG_064906.1	1786	2	0
NG_064902.1	1196	1	0
NG_064899.1	1788	6	0
NG_064898.1	1662	7	0
NG_064897.1	1783	1	0
NG_064896.1	1735	12	0
NG_064889.1	2050	231	0
NG_064888.1	1804	10	0
NG_064885.1	1691	2	0
NG_064879.1	1684	16	0
NG_064878.1	1787	14	0
NG_064876.1	1770	1	0
NG_064875.1	1770	2	0
NG_064874.1	1770	1	0
NG_064873.1	1784	3	0
NG_064871.1	1781	11	0
NG_064870.1	1777	6	0
NG_064869.1	1781	12	0
NG_064864.1	1745	1	0
NG_064863.1	1777	11	0
NG_064859.1	2522	1	0
NG_064858.1	1750	1	0
NG_064839.1	1687	201	0
NG_064838.1	1721	50	0
NG_064837.1	2224	1	0
NG_064830.1	1769	1	0
NG_064828.1	1775	1	0
NG_064824.1	1757	6	0
NG_064814.1	1723	1	0
NG_064813.1	1723	1	0
NG_064812.1	1735	1	0
NG_064810.1	1735	1	0
NG_064802.1	1777	1	0
NG_064801.1	1777	4	0
NG_064800.1	1447	6	0
NG_064797.1	1750	5	0
NG_064796.1	1748	1	0
NG_064795.1	1752	7	0
NG_064794.1	1753	11	0
NG_063410.1	1743	5	0
NG_062811.1	1771	1	0
NG_062808.1	1766	2	0
NG_063600.1	885	1	0
NG_063599.1	869	1	0
NG_063695.1	1014	1	0
NG_063674.1	1007	1	0
NG_063671.1	1019	1	0
NG_063646.1	1030	1	0
NG_063575.1	1021	1	0
NG_063542.1	1733	2	0
NG_063538.1	1135	1	0
NG_063537.1	1125	1	0
NG_063535.1	1125	3	0
NG_063532.1	1734	9	0
NG_063531.1	1734	13	0
NG_063529.1	1736	11	0
NG_063528.1	2044	3	0
NG_063527.1	1757	8	0
NG_063524.1	1754	8	0
NG_063523.1	1777	6	0
NG_063522.1	1755	250	0
NG_063520.1	1777	29	0
NG_063519.1	1784	5	0
NG_063517.1	1782	232	0
NG_063510.1	1789	3	0
NG_063505.1	1748	1	0
NG_063498.1	1756	1	0
NG_063492.1	1757	1	0
NG_063489.1	1751	1	0
NG_063481.1	1753	4	0
NG_063480.1	1753	1	0
NG_063479.1	1752	1	0
NG_063478.1	1735	5	0
NG_063477.1	1735	4	0
NG_063476.1	1734	1	0
NG_063475.1	1735	1	0
NG_063474.1	1782	11	0
NG_063473.1	1754	5	0
NG_063472.1	1776	3	0
NG_063471.1	1791	22	0
NG_063470.1	1782	25	0
NG_063469.1	1782	17	0
NG_063468.1	1782	2	0
NG_063467.1	1781	12	0
NG_063466.1	1782	31	0
NG_063465.1	1782	37	0
NG_063464.1	1782	3	0
NG_063463.1	1782	41	0
NG_063462.1	1782	30	0
NG_063461.1	1782	172	0
NG_063459.1	1782	31	0
NG_063458.1	1783	233	0
NG_063457.1	1782	34	0
NG_063456.1	1756	2	0
NG_063455.1	1780	24	0
NG_063454.1	1780	12	0
NG_063453.1	1780	11	0
NG_063452.1	1781	1	0
NG_063451.1	2088	8	0
NG_063450.1	1668	1	0
NG_063449.1	1761	1	0
NG_063448.1	1785	5	0
NG_063446.1	1790	6	0
NG_063444.1	1766	7	0
NG_063439.1	1757	92	0
NG_063437.1	1758	1	0
NG_063436.1	1756	2	0
NG_063435.1	1772	3	0
NG_063434.1	1766	2	0
NG_063432.1	1744	1	0
NG_063431.1	1778	3	0
NG_063430.1	1701	1	0
NG_063421.1	1781	5	0
NG_063419.1	1768	4	0
NG_063418.1	1760	3	0
NG_063417.1	1781	5	0
NG_063413.1	1759	3	0
NG_063408.1	1758	1	0
NG_063407.1	1767	3	0
NG_063403.1	1780	1	0
NG_063402.1	1783	1	0
NG_063397.1	1782	1	0
NG_063395.1	1784	2	0
NG_063394.1	1781	7	0
NG_063392.1	1749	6	0
NG_063388.1	1757	5	0
NG_063387.1	1751	1	0
NG_063386.1	1778	22391	0
NG_063385.1	1755	18	0
NG_063383.1	1737	9	0
NG_063379.1	1734	9	0
NG_063377.1	1720	4	0
NG_063376.1	1737	6	0
NG_063367.1	1757	2	0
NG_063360.1	1751	1	0
NG_063355.1	1621	3	0
NG_063354.1	1697	1	0
NG_063353.1	1694	2	0
NG_063349.1	1767	2	0
NG_063347.1	1780	1	0
NG_063346.1	1784	10	0
NG_063344.1	1776	1	0
NG_063343.1	1776	1	0
NG_063325.1	1720	1	0
NG_063323.1	1701	1	0
NG_063322.1	1720	1	0
NG_063321.1	1718	1	0
NG_063314.1	1666	1	0
NG_063308.1	1668	1	0
NG_063305.1	1663	1	0
NG_063299.1	1640	1	0
NG_063298.1	1655	2	0
NG_063287.1	1764	2	0
NG_063286.1	1752	2	0
NG_063282.1	1724	2	0
NG_063278.1	1729	1	0
NG_063276.1	1721	1	0
NG_063274.1	1696	1	0
NG_063270.1	1718	1	0
NG_063268.1	1752	1	0
NG_063267.1	1753	5	0
NG_063266.1	1752	2	0
NG_063265.1	1752	1	0
NG_063264.1	1717	3	0
NG_063262.1	1702	1	0
NG_063261.1	1704	1	0
NG_063260.1	1707	2	0
NG_063250.1	1737	1	0
NG_063246.1	1749	3	0
NG_063240.1	1749	1	0
NG_063237.1	1749	1	0
NG_063235.1	1787	12	0
NG_063234.1	1794	8	0
NG_063233.1	1801	2	0
NG_063232.1	1777	4	0
NG_063229.1	1778	3	0
NG_063092.1	1698	1	0
NG_063081.1	1783	4	0
NG_063064.1	1026	1	0
NG_063046.1	2055	1	0
NG_062830.1	1370	1	0
NG_063107.1	1767	3	0
NG_063103.1	1769	1	0
NG_063102.1	1744	1	0
NG_063098.1	1614	2	0
NG_063091.1	1709	1	0
NG_063084.1	1628	1	0
NG_063083.1	1750	1	0
NG_063062.1	1056	1	0
NG_063061.1	1086	1	0
NG_063050.1	1117	1	0
NG_063045.1	1588	3	0
NG_063044.1	1589	1	0
NG_063043.1	1582	1	0
NG_063042.1	1596	2	0
NG_063039.1	1591	1	0
NG_063038.1	1955	4	0
NG_063037.1	1584	1	0
NG_063035.1	1020	1	0
NG_063002.1	1542	5	0
NG_063001.1	1533	2	0
NG_063000.1	1570	1	0
NG_062983.1	1598	1	0
NG_062981.1	1598	1	0
NG_062979.1	1656	11	0
NG_062978.1	1646	1	0
NG_062977.1	1656	7	0
NG_062976.1	1659	5	0
NG_062975.1	1642	52	0
NG_062974.1	1656	10	0
NG_062973.1	1654	73	0
NG_062972.1	1657	218	0
NG_062971.1	1657	200	0
NG_062970.1	1657	212	0
NG_062969.1	1656	236	0
NG_062968.1	1657	188	0
NG_062967.1	1656	196	0
NG_062966.1	1656	193	0
NG_062965.1	1655	1	0
NG_062964.1	1654	13	0
NG_062961.1	1655	9	0
NG_062960.1	1656	1	0
NG_062959.1	1655	1	0
NG_062958.1	1655	15	0
NG_062956.1	1655	11	0
NG_062955.1	1653	16	0
NG_062953.1	1653	18	0
NG_062952.1	1656	12	0
NG_062951.1	1654	20	0
NG_062950.1	1655	1	0
NG_062948.1	1654	2	0
NG_062947.1	1655	3	0
NG_062946.1	1653	15	0
NG_062945.1	1655	31	0
NG_062943.1	1655	1	0
NG_062941.1	1656	3	0
NG_062938.1	1655	8	0
NG_062937.1	1657	162	0
NG_062933.1	1655	13	0
NG_062932.1	1658	7	0
NG_062931.1	1656	38	0
NG_062930.1	1538	1	0
NG_062924.1	1703	2	0
NG_062923.1	1686	1747	0
NG_062891.1	1020	1	0
NG_062867.1	1647	1	0
NG_062862.1	1637	1	0
NG_062850.1	1068	1	0
NG_062849.1	1068	2	0
NG_062824.1	1256	1	0
NG_062820.1	1769	2	0
NG_062815.1	1770	1	0
NG_062807.1	1768	1	0
NG_062806.1	1755	1	0
NG_062801.1	1647	2	0
NG_062797.1	1750	2	0
NG_062776.1	1682	1	0
NG_062743.1	1134	1	0
NG_062735.1	1697	6183	0
NG_062734.1	1670	2	0
NG_062732.1	1549	7	0
NG_062728.1	1730	11	0
NG_062727.1	1750	4	0
NG_062722.1	1069	1	0
NG_062718.1	1580	1	0
NG_062711.1	1659	3	0
NG_062709.1	1697	1	0
NG_062707.1	1702	1	0
NG_062706.1	2583	7	0
NG_062700.1	1691	1	0
NG_062696.1	1754	2	0
NG_062694.1	1141	3	0
NG_062693.1	1662	1	0
NG_062692.1	1181	1	0
NG_062691.1	1799	6	0
NG_062690.1	1710	1	0
NG_062686.1	1786	2	0
NG_062684.1	1652	2	0
NG_062683.1	1744	2	0
NG_062671.1	1783	2	0
NG_062670.1	1783	1	0
NG_062667.1	1759	2	0
NG_062661.1	1724	1	0
NG_062657.1	1708	1	0
NG_062656.1	1727	80	0
NG_062655.1	1726	90	0
NG_062651.1	1102	1	0
NG_062641.1	1758	2	0
NG_062640.1	1761	4	0
NG_062639.1	1731	9	0
NG_062638.1	1753	2	0
NG_062636.1	1758	23	0
NG_062635.1	1750	2	0
NG_062626.1	1766	1	0
NG_062625.1	1752	26	0
NG_062624.1	1756	10	0
NG_062622.1	1757	5	0
NG_062619.1	1757	5	0
NG_062618.1	1757	10	0
NG_062616.1	1782	3378	0
NG_062615.1	1782	49	0
NG_062611.1	1792	14	0
NG_062610.1	1732	1	0
NG_062601.1	1687	2	0
NG_062600.1	1769	4	0
NG_062599.1	1740	1	0
NG_062598.1	1741	1	0
NG_062595.1	1739	1	0
NG_062593.1	1742	2	0
NG_062444.1	1768	1	0
NG_062443.1	1769	1	0
NG_062442.1	1768	2	0
NG_062433.1	1027	1	0
NG_062420.1	1461	27933	0
NG_062417.1	942	1	0
NG_062410.1	1579	6	0
NG_062406.1	1575	1	0
NG_062405.1	1702	2	0
NG_062404.1	1577	2	0
NG_062402.1	1642	1	0
NG_062401.1	1637	1	0
NG_062399.1	1656	8	0
NG_062398.1	1656	10	0
NG_062393.1	1696	1743	0
NG_062392.1	1738	1	0
NG_062391.1	1663	5	0
NG_062382.1	1684	1	0
NG_062381.1	1770	3	0
NG_062378.1	1619	5	0
NG_062377.1	1765	1	0
NG_062376.1	1653	4	0
NG_062374.1	1753	1	0
NG_062373.1	1749	2	0
NG_062371.1	1770	2	0
NG_062367.1	1783	251	0
NG_062366.1	1767	32737	0
NG_062365.1	1760	3	0
NG_062364.1	1761	2	0
NG_062362.1	1769	3	0
NG_062197.1	1783	1	0
NG_062196.1	1783	2	0
NG_062195.1	1783	2	0
NG_062184.1	2035	5	0
NG_062175.1	1558	2	0
NG_062174.1	1582	1	0
NG_062173.1	1537	1	0
NG_062171.1	1663	1	0
NG_062169.1	1719	2	0
NG_062168.1	1719	2	0
NG_062165.1	1719	13	0
NG_062163.1	1650	12	0
NG_062162.1	1651	10	0
NG_062160.1	1655	14	0
NG_062159.1	1655	10	0
NG_062158.1	1656	11	0
NG_062157.1	1656	11	0
NG_062156.1	1656	9	0
NG_062147.1	1789	212	0
NG_062145.1	1799	9	0
NG_062141.1	1758	176	0
NG_062140.1	1753	16	0
NG_062139.1	1686	85	0
NG_062138.1	1668	90	0
NG_062137.1	1673	89	0
NG_062136.1	1781	21	0
NG_062135.1	1782	29	0
NG_062134.1	1782	3	0
NG_062133.1	1781	24	0
NG_062132.1	1757	1	0
NG_062131.1	1733	79	0
NG_062130.1	1731	101	0
NG_062126.1	1762	2	0
NG_062123.1	1735	21	0
NG_062122.1	1734	25	0
NG_062120.1	1779	13	0
NG_062119.1	1762	4	0
NG_062111.1	1654	1	0
NG_062110.1	1654	1	0
NG_062109.1	1657	26	0
NG_062108.1	1654	4	0
NG_062107.1	1656	17	0
NG_062106.1	1655	10	0
NG_062105.1	1656	8	0
NG_062104.1	1659	11	0
NG_062103.1	1659	8	0
NG_062102.1	1652	15	0
NG_062101.1	1656	11	0
NG_062100.1	1656	2	0
NG_062099.1	1656	4	0
NG_062098.1	1656	16	0
NG_062097.1	1655	7	0
NG_062096.1	1657	38	0
NG_062095.1	1655	10	0
NG_062094.1	1655	39	0
NG_062093.1	1653	4	0
NG_062092.1	1765	42	0
NG_062091.1	1758	9	0
NG_062090.1	1758	6	0
NG_062089.1	1763	68	0
NG_062088.1	1758	7	0
NG_062087.1	1762	27	0
NG_062086.1	1758	6	0
NG_062085.1	1708	6	0
NG_062084.1	1746	10	0
NG_062083.1	1775	18	0
NG_062082.1	1758	8	0
NG_062081.1	1758	8	0
NG_062080.1	1752	1	0
NG_062079.1	1771	1	0
NG_062078.1	1749	2	0
NG_062075.1	1751	2	0
NG_062073.1	1724	12	0
NG_062071.1	1721	9	0
NG_062060.1	1661	1	0
NG_062048.1	1790	8435	0
NG_062045.1	1696	1	0
NG_062042.1	1781	42	0
NG_062034.1	1746	1	0
NG_062033.1	1781	13	0
NG_062032.1	1774	1	0
NG_062030.1	1775	46	0
NG_062029.1	1782	11	0
NG_062028.1	1782	11	0
NG_062027.1	1782	16	0
NG_062026.1	1782	8	0
NG_062025.1	1789	4	0
NG_062024.1	1792	26	0
NG_062023.1	1776	2	0
NG_062022.1	1780	1	0
NG_062019.1	1780	3	0
NG_062018.1	1777	2	0
NG_062017.1	1777	1	0
NG_062013.1	1776	1	0
NG_062012.1	1774	4	0
NG_062011.1	1776	4	0
NG_062010.1	1754	9	0
NG_062009.1	1755	9	0
NG_062008.1	1749	3	0
NG_061301.1	1762	8	0
NG_061300.1	1768	1	0
NG_061284.1	857	420	0
NG_061275.1	1507	2	0
NG_061274.1	996	1	0
NG_061267.1	1024	1	0
NG_061262.1	1783	3	0
NG_061239.1	1448	11037	0
NG_061233.1	972	1	0
NG_061232.1	941	1	0
NG_061226.1	1003	26	0
NG_061223.1	1722	3	0
NG_061222.1	1718	1	0
NG_061212.1	1659	4	0
NG_061199.1	1670	3	0
NG_061195.1	1144	2	0
NG_061186.1	1019	2	0
NG_061180.1	1690	1	0
NG_061177.1	1712	3	0
NG_061176.1	1616	1	0
NG_061175.1	1685	1	0
NG_061174.1	1591	2	0
NG_061173.1	767	3656	0
NG_061172.1	1708	2	0
NG_061171.1	1547	95	0
NG_061169.1	1026	1	0
NG_061167.1	1999	1	0
NG_061166.1	1719	14	0
NG_061162.1	1654	1	0
NG_061161.1	1654	2	0
NG_061160.1	1656	6	0
NG_061159.1	1656	11	0
NG_061158.1	1657	190	0
NG_061157.1	1656	5	0
NG_061155.1	1656	17	0
NG_061154.1	1655	8	0
NG_061153.1	1656	15	0
NG_061152.1	1655	8	0
NG_061151.1	1656	6	0
NG_061150.1	1655	1	0
NG_061149.1	1656	13	0
NG_061148.1	1656	13	0
NG_061147.1	1574	1	0
NG_061144.1	1764	2	0
NG_061140.1	1649	1736	0
NG_061135.1	1643	3	0
NG_061133.1	1749	12	0
NG_061130.1	1752	1	0
NG_061128.1	1753	1	0
NG_061126.1	1646	104	0
NG_061125.1	1763	1	0
NG_061120.1	1755	1	0
NG_061119.1	1759	1	0
NG_061116.1	1778	9	0
NG_061115.1	1775	15930	0
NG_061114.1	1664	1	0
NG_061113.1	1664	5	0
NG_061109.1	1775	1	0
NG_061106.1	1697	1	0
NG_061105.1	1770	1	0
NG_061103.1	1746	3	0
NG_061088.1	1744	2	0
NG_061087.1	1727	2	0
NG_061084.1	1737	1	0
NG_061073.1	1596	1	0
NG_061061.1	1134	1	0
NG_061059.1	1575	9	0
NG_061056.1	1715	1827	0
NG_061055.1	1785	4	0
NG_061054.1	1754	1	0
NG_061053.1	1769	284	0
NG_061052.1	1696	1	0
NG_061047.1	1600	9	0
NG_061045.1	1792	24	0
NG_061044.1	1675	2	0
NG_061042.1	1777	10	0
NG_061041.1	1730	9	0
NG_061040.1	1734	23	0
NG_061039.1	1758	1	0
NG_061038.1	1756	8	0
NG_061035.1	1746	12	0
NG_061034.1	1759	161	0
NG_061032.1	2157	4	0
NG_061031.1	1783	1	0
NG_061026.1	1849	4	0
NG_061023.1	1753	2	0
NG_061018.1	1749	2	0
NG_061017.1	1753	1	0
NG_061011.1	1776	293	0
NG_061010.1	1752	6	0
NG_061008.1	1762	1	0
NG_061002.1	1028	1	0
NG_060996.1	1676	2	0
NG_060989.1	987	1	0
NG_060988.1	1778	11	0
NG_060987.1	1686	1	0
NG_060986.1	1781	274	0
NG_060985.1	1782	14	0
NG_060984.1	1781	4	0
NG_060983.1	1781	40	0
NG_060982.1	1782	25	0
NG_060981.1	1757	2	0
NG_060980.1	1756	1	0
NG_060978.1	1760	1	0
NG_060977.1	1752	1	0
NG_060976.1	1763	1	0
NG_060975.1	2072	5	0
NG_060974.1	1781	1	0
NG_060972.1	1740	20	0
NG_013175.1	1776	3714	0
NG_017192.1	1736	12	0
NG_017187.1	1751	12	0
NG_017185.1	1816	5	0
NG_017179.1	1787	10	0
NG_017174.1	1770	39	0
NG_017173.1	2620	298	0
NG_017172.1	1796	159	0
NG_017168.1	1784	268	0
NG_017166.1	1860	12	0
NG_016510.1	960	1	0
NG_013154.1	1715	33	0
NG_013193.1	1618	1	0
NG_012432.1	1724	1	0
NG_017176.1	1463	68	0
NG_016513.1	959	1	0
