NR_178170.1	621	2	0
NR_178165.1	716	1	0
NR_178156.1	673	4	0
NR_178153.1	683	245	0
NR_178117.1	693	1	0
NR_178091.1	674	1	0
NR_177638.1	708	4	0
NR_177617.1	998	1	0
NR_177610.1	700	1	0
NR_177608.1	717	1	0
NR_177586.1	543	3719	0
NR_177575.1	673	5	0
NR_177570.1	698	1	0
NR_177568.1	701	1	0
NR_177555.1	818	1	0
NR_177536.1	607	20	0
NR_177535.1	608	22	0
NR_177534.1	604	12	0
NR_177533.1	652	1	0
NR_177513.1	677	3618	0
NR_177510.1	634	3666	0
NR_177502.1	734	1	0
NR_177501.1	644	4	0
NR_177500.1	630	28	0
NR_177499.1	759	13	0
NR_177496.1	581	1	0
NR_177491.1	621	1	0
NR_177489.1	711	1	0
NR_177487.1	621	2	0
NR_177464.1	711	243	0
NR_177463.1	612	3	0
NR_177462.1	662	3	0
NR_177458.1	784	2	0
NR_177181.1	963	24	0
NR_177180.1	896	225	0
NR_177173.1	846	8	0
NR_177171.1	665	1	0
NR_177159.1	637	1	0
NR_177137.1	548	3	0
NR_119584.1	737	1	0
NR_176780.1	609	5	0
NR_176777.1	617	1	0
NR_176766.1	625	2	0
NR_176761.1	691	1	0
NR_176758.1	680	2	0
NR_176704.1	706	1	0
NR_176702.1	696	1	0
NR_176701.1	659	18	0
NR_176700.1	676	1	0
NR_176699.1	685	2	0
NR_176698.1	704	11	0
NR_176697.1	709	26	0
NR_176696.1	652	4	0
NR_176695.1	684	2	0
NR_176684.1	678	1	0
NR_149342.1	666	2	0
NR_130259.1	625	1	0
NR_130224.1	671	3	0
NR_175700.1	716	1	0
NR_173883.1	605	19	0
NR_172851.1	775	1	0
NR_176184.1	790	335	0
NR_176179.1	700	1	0
NR_176176.1	719	2	0
NR_176166.1	722	1	0
NR_176165.1	707	1	0
NR_176152.1	623	1	0
NR_176137.1	673	2878	0
NR_176132.1	680	2	0
NR_176116.1	741	1	0
NR_176113.1	694	1	0
NR_176108.1	665	8	0
NR_176106.1	557	1	0
NR_173078.1	669	1	0
NR_172300.1	727	3	0
NR_172225.1	651	2	0
NR_157969.1	735	1	0
NR_157956.1	608	1	0
NR_157950.1	698	2	0
NR_157937.1	693	7	0
NR_157932.1	717	1	0
NR_157878.1	636	1	0
NR_153050.1	726	12	0
NR_153042.1	686	2	0
NR_153041.1	768	1	0
NR_153021.1	672	1	0
NR_130303.1	598	1	0
NR_130297.1	648	1	0
NR_130291.1	706	1	0
NR_130284.1	697	8	0
NR_130270.1	662	1	0
NR_130267.1	661	1	0
NR_130262.1	631	4	0
NR_130252.1	699	1	0
NR_130241.1	639	1	0
NR_130231.1	787	1	0
NR_130219.1	699	5	0
NR_130210.1	700	13	0
NR_130206.1	728	1	0
NR_130183.1	726	1	0
NR_121305.1	750	8	0
NR_120301.1	557	16	0
NR_120049.1	527	1	0
NR_119805.1	714	1	0
NR_119804.1	736	1	0
NR_175760.1	600	4	0
NR_175751.1	694	1	0
NR_175732.1	646	1	0
NR_175729.1	647	1	0
NR_175633.1	747	5	0
NR_175625.1	636	3	0
NR_175250.1	681	1	0
NR_173069.1	688	3	0
NR_153051.1	692	2	0
NR_153016.1	701	2	0
NR_153015.1	705	1	0
NR_153002.1	685	4	0
NR_131811.1	710	3	0
NR_131810.1	569	4	0
NR_131792.1	659	1	0
NR_130253.1	685	3	0
NR_130237.1	691	1	0
NR_130207.1	714	1	0
NR_119918.1	722	1	0
NR_119801.1	725	1	0
NR_119623.1	632	1	0
NR_119461.1	626	2	0
NR_111398.1	526	1	0
NR_175233.1	558	2	0
NR_175191.1	627	10	0
NR_175186.1	571	137	0
NR_175183.1	653	4	0
NR_175178.1	587	1	0
NR_175166.1	710	1	0
NR_175163.1	709	5	0
NR_175150.1	532	9	0
NR_175127.1	706	17	0
NR_175107.1	602	1	0
NR_175101.1	641	2	0
NR_175097.1	658	1	0
NR_175095.1	778	330	0
NR_175084.1	666	1	0
NR_175073.1	669	1	0
NR_175041.1	695	2	0
NR_175035.1	682	3	0
NR_121486.1	663	3	0
NR_174933.1	563	1	0
NR_174926.1	715	1	0
NR_174913.1	655	1	0
NR_174908.1	778	3	0
NR_174884.1	598	7	0
NR_174865.1	755	3	0
NR_174861.1	786	5	0
NR_174859.1	761	1	0
NR_174854.1	740	1	0
NR_174791.1	736	10	0
NR_174784.1	710	1	0
NR_174779.1	703	1	0
NR_174778.1	713	1	0
NR_174777.1	715	3	0
NR_174776.1	712	1	0
NR_174773.1	759	1	0
NR_174770.1	750	1	0
NR_174768.1	752	1	0
NR_174763.1	813	1	0
NR_174762.1	748	3865	0
NR_174761.1	732	3941	0
NR_174760.1	735	3876	0
NR_174759.1	732	5182	0
NR_174758.1	674	2	0
NR_174756.1	610	1	0
NR_174744.1	671	3	0
NR_174742.1	620	1	0
NR_174741.1	620	3525	0
NR_174737.1	632	4	0
NR_174734.1	710	5	0
NR_174733.1	677	4	0
NR_174732.1	667	4	0
NR_174731.1	671	5	0
NR_174730.1	594	4	0
NR_174729.1	649	3	0
NR_174728.1	655	8	0
NR_174725.1	649	1	0
NR_174724.1	651	1	0
NR_174722.1	575	3745	0
NR_174720.1	525	1	0
NR_166006.1	763	1	0
NR_121558.1	678	1	0
NR_174668.1	667	1	0
NR_174666.1	680	1	0
NR_174656.1	722	1	0
NR_153452.1	544	3794	0
NR_174052.1	661	9160	0
NR_174051.1	660	9286	0
NR_174043.1	543	1	0
NR_174039.1	723	1	0
NR_174036.1	695	2	0
NR_174034.1	793	12	0
NR_164277.1	756	30547	0
NR_119887.1	608	35	0
NR_173979.1	695	2	0
NR_173977.1	638	1	0
NR_173976.1	657	2	0
NR_173973.1	760	1	0
NR_173972.1	721	1	0
NR_173970.1	700	1	0
NR_173966.1	694	1	0
NR_173954.1	618	234	0
NR_173953.1	676	1	0
NR_173949.1	741	1	0
NR_173948.1	605	236	0
NR_173944.1	739	1	0
NR_173940.1	663	1	0
NR_173939.1	689	8146	0
NR_173938.1	780	18	0
NR_173911.1	629	1	0
NR_173904.1	692	7	0
NR_173898.1	692	2	0
NR_173878.1	628	39729	0
NR_173874.1	735	36	0
NR_173873.1	650	1	0
NR_173866.1	753	1	0
NR_173865.1	682	1	0
NR_173861.1	710	2	0
NR_173850.1	685	3	0
NR_173827.1	744	2	0
NR_173826.1	731	3	0
NR_173823.1	675	1	0
NR_173822.1	500	1	0
NR_173811.1	718	1	0
NR_173787.1	723	2649	0
NR_173772.1	804	1	0
NR_173762.1	751	22	0
NR_173748.1	786	1	0
NR_173747.1	705	1	0
NR_173726.1	695	259	0
NR_173462.1	624	1	0
NR_173458.1	698	1	0
NR_173456.1	598	2	0
NR_173429.1	683	238	0
NR_173428.1	634	249	0
NR_173427.1	637	235	0
NR_119473.1	642	48	0
NR_173390.1	610	3	0
NR_173357.1	488	2	0
NR_155825.1	586	1	0
NR_137742.1	488	2	0
NR_173324.1	578	3645	0
NR_173316.1	479	20	0
NR_173315.1	625	3	0
NR_173313.1	531	12	0
NR_173308.1	572	287	0
NR_173293.1	648	24	0
NR_173255.1	825	1	0
NR_173234.1	786	2	0
NR_173233.1	772	1	0
NR_173219.1	607	4	0
NR_173212.1	712	1	0
NR_173193.1	575	272	0
NR_173190.1	658	1	0
NR_173189.1	791	11	0
NR_173188.1	1016	12	0
NR_173167.1	733	1	0
NR_173155.1	669	2	0
NR_173076.1	709	2	0
NR_173073.1	715	1	0
NR_173072.1	703	2	0
NR_173054.1	555	2	0
NR_173003.1	659	3	0
NR_173001.1	664	1	0
NR_172991.1	714	1	0
NR_172985.1	692	1	0
NR_172982.1	607	276	0
NR_172981.1	612	302	0
NR_172980.1	661	270	0
NR_172974.1	518	11560	0
NR_172955.1	775	1	0
NR_170806.1	546	1	0
NR_145366.1	672	1	0
NR_138235.2	493	1	0
NR_172806.1	679	3	0
NR_172804.1	685	1	0
NR_172803.1	702	1	0
NR_172799.1	670	2	0
NR_172782.1	806	8	0
NR_172766.1	649	3635	0
NR_172755.1	528	4	0
NR_172754.1	530	3	0
NR_172734.1	533	2	0
NR_172732.1	468	2	0
NR_172726.1	485	1	0
NR_172441.1	544	1	0
NR_172392.1	557	1	0
NR_154831.1	549	1	0
NR_153597.1	609	347	0
NR_119591.1	573	1	0
NR_172342.1	599	1	0
NR_172341.1	657	2	0
NR_172333.1	667	1	0
NR_172332.1	594	1	0
NR_172311.1	597	1	0
NR_172287.1	764	4	0
NR_172245.1	756	10	0
NR_172218.1	652	80	0
NR_172192.1	595	3	0
NR_172191.1	636	1	0
NR_172182.1	625	1	0
NR_172178.1	621	1	0
NR_172176.1	563	1	0
NR_172175.1	596	1	0
NR_172174.1	570	3	0
NR_172164.1	565	2	0
NR_172048.1	714	1	0
NR_172044.1	620	3	0
NR_172002.1	689	7	0
NR_171960.1	631	1	0
NR_171916.1	736	1	0
NR_171902.1	651	2	0
NR_158953.1	600	1	0
NR_137887.1	598	2	0
NR_171883.1	570	1	0
NR_171869.1	618	1	0
NR_171841.1	683	1	0
NR_171839.1	644	3	0
NR_171827.1	677	1	0
NR_171787.1	638	1	0
NR_171785.1	554	1	0
NR_171753.1	711	1	0
NR_171727.1	573	10	0
NR_171719.1	578	1	0
NR_171718.1	636	3	0
NR_171716.1	609	1	0
NR_171600.1	565	1	0
NR_171265.1	671	6	0
NR_171371.1	636	1	0
NR_171367.1	564	2	0
NR_171357.1	633	1	0
NR_171355.1	642	1	0
NR_171354.1	686	2	0
NR_171335.1	634	1	0
NR_171331.1	623	1	0
NR_171330.1	593	3	0
NR_171315.1	639	2	0
NR_171313.1	599	1	0
NR_171312.1	611	1	0
NR_171292.1	727	1	0
NR_171267.1	976	171	0
NR_171262.1	563	3	0
NR_171219.1	588	2	0
NR_171217.1	663	95	0
NR_171212.1	596	4	0
NR_171207.1	616	1	0
NR_171152.1	580	1	0
NR_171149.1	610	1	0
NR_171146.1	586	1	0
NR_171131.1	612	2	0
NR_171129.1	515	1	0
NR_171124.1	563	3	0
NR_171120.1	551	1	0
NR_171116.1	622	1	0
NR_171115.1	609	1	0
NR_171086.1	549	1	0
NR_145301.1	603	3	0
NR_170854.1	619	1	0
NR_170853.1	626	1	0
NR_170851.1	637	2	0
NR_170848.1	598	1	0
NR_170846.1	618	1	0
NR_170816.1	560	1	0
NR_170738.1	815	24	0
NR_170723.1	675	260	0
NR_152899.1	579	1	0
NR_170035.1	671	1	0
NR_170026.1	632	6	0
NR_169993.1	699	4	0
NR_169991.1	699	5	0
NR_169968.1	676	2	0
NR_169943.1	675	1	0
NR_169927.1	637	1	0
NR_169916.1	473	3	0
NR_169890.1	526	16	0
NR_169974.1	641	1	0
NR_169938.1	728	5	0
NR_169702.1	682	1	0
NR_169697.1	729	7	0
NR_169682.1	726	2	0
NR_169668.1	795	23	0
NR_169666.1	737	3	0
NR_168756.1	558	1	0
NR_168751.1	703	246	0
NR_168750.1	699	247	0
NR_158374.1	667	9	0
NR_153898.1	702	1	0
NR_168423.1	604	1	0
NR_168218.1	812	1	0
NR_168164.1	567	1	0
NR_168142.1	715	1	0
NR_166037.1	662	12	0
NR_156206.1	637	1	0
NR_167959.1	752	1	0
NR_167952.1	753	1	0
NR_167944.1	613	1	0
NR_132835.1	653	85	0
NR_166794.1	641	2	0
NR_166798.1	724	1	0
NR_154067.1	638	2	0
NR_166557.1	642	21	0
NR_166381.1	661	2	0
NR_166359.1	733	1	0
NR_166281.1	607	3	0
NR_166278.1	704	285	0
NR_166271.1	591	1	0
NR_166263.1	584	1	0
NR_166237.1	641	40715	0
NR_166235.1	643	1	0
NR_166232.1	700	3719	0
NR_166223.1	659	8419	0
NR_166388.1	702	1	0
NR_165989.1	657	1	0
NR_165986.1	754	1	0
NR_165982.1	778	7	0
NR_165971.1	676	1	0
NR_165965.1	624	7	0
NR_164070.1	665	1	0
NR_160610.1	697	50	0
NR_160608.1	669	18	0
NR_160442.1	635	1	0
NR_153174.1	631	1	0
NR_152356.1	715	11	0
NR_121487.1	728	7	0
NR_119899.1	569	3	0
NR_166003.1	612	1	0
NR_165994.1	690	1	0
NR_165884.1	741	97	0
NR_163748.1	590	1	0
NR_121520.1	692	1	0
NR_165538.1	712	1	0
NR_165535.1	716	2	0
NR_165227.1	655	1	0
NR_165214.1	640	1	0
NR_165209.1	595	1	0
NR_165207.1	568	4	0
NR_165200.1	829	1	0
NR_120266.2	605	1	0
NR_119777.1	711	4	0
NR_119557.1	580	32	0
NR_119773.1	728	1	0
NR_164613.1	833	3	0
NR_164612.1	639	109	0
NR_164539.1	666	1	0
NR_164537.1	724	1	0
NR_164508.1	476	1	0
NR_164429.1	560	1	0
NR_164382.1	430	8	0
NR_164380.1	388	3	0
NR_164254.1	504	1	0
NR_164292.1	705	278	0
NR_164278.1	690	278	0
NR_164253.1	827	1	0
NR_164224.1	649	1	0
NR_164051.1	530	1	0
NR_164031.1	652	5	0
NR_164019.1	678	1	0
NR_164014.1	718	1	0
NR_111375.1	552	1	0
NR_163770.1	734	5	0
NR_163677.1	579	2	0
NR_156318.1	551	1	0
NR_155988.1	507	1	0
NR_155961.1	493	2	0
NR_155772.1	586	1	0
NR_154704.1	668	4	0
NR_154604.1	656	2	0
NR_154391.1	832	1	0
NR_153863.1	801	2	0
NR_153607.1	651	10	0
NR_153538.1	693	4	0
NR_151812.1	545	1	0
NR_148089.1	527	1	0
NR_145293.1	805	2	0
NR_138380.1	678	4	0
NR_137711.1	706	1	0
NR_132841.1	647	3032	0
NR_132054.1	1092	169	0
NR_132001.1	508	1	0
NR_121448.1	646	4	0
NR_121447.1	641	2	0
NR_121446.1	637	3	0
NR_121445.1	645	19	0
NR_121444.1	642	5	0
NR_121440.1	672	1	0
NR_121432.1	645	9	0
NR_121431.1	684	1	0
NR_121422.1	655	1	0
NR_121408.1	665	1	0
NR_121401.1	672	1	0
NR_121400.1	692	5	0
NR_121398.1	691	3	0
NR_121394.1	689	5	0
NR_121393.1	689	3	0
NR_121391.1	690	4	0
NR_121390.1	694	10	0
NR_121388.1	694	3	0
NR_121387.1	691	6	0
NR_121385.1	664	9	0
NR_121384.1	664	4	0
NR_121369.1	623	1	0
NR_121339.1	804	184	0
NR_119652.1	668	196	0
NR_119650.1	681	170	0
NR_119649.1	790	1	0
NR_119648.1	853	1	0
NR_119647.1	521	6	0
NR_119644.1	713	174	0
NR_119592.1	565	4	0
NR_119590.1	749	168	0
NR_119547.1	692	1	0
NR_111664.1	598	6	0
NR_111586.1	601	1	0
NR_103651.1	615	1	0
NR_077174.1	538	1	0
NR_077077.1	398	1	0
NR_163553.1	725	3	0
NR_163533.1	662	1	0
NR_163527.1	572	1	0
NR_163315.1	693	5	0
NR_163314.1	655	417	0
NR_163312.1	656	1	0
NR_163300.1	668	1	0
NR_163298.1	698	1	0
NR_163295.1	647	1	0
NR_163289.1	636	1	0
NR_163283.1	673	3	0
NR_151796.1	484	1	0
NR_161005.1	468	3	0
NR_160987.1	355	2	0
NR_161047.1	537	1	0
NR_151802.1	369	4	0
NR_160640.1	530	1	0
NR_160635.1	536	1	0
NR_160627.1	636	1	0
NR_160589.1	672	1	0
NR_160572.1	590	1	0
NR_160568.1	638	4	0
NR_160563.1	542	1	0
NR_160489.1	688	1	0
NR_160482.1	614	2	0
NR_160476.1	696	1	0
NR_160465.1	711	2	0
NR_160459.1	834	34	0
NR_160450.1	656	1	0
NR_160441.1	649	1	0
NR_160354.1	582	1	0
NR_160330.1	684	2	0
NR_160261.1	782	17	0
NR_160200.1	759	4	0
NR_160167.1	475	3	0
NR_160161.1	565	1	0
NR_160139.1	692	229	0
NR_160124.1	516	1	0
NR_160102.1	718	2	0
NR_159832.1	686	246	0
NR_159831.1	704	363	0
NR_159823.1	725	21	0
NR_159816.1	641	3	0
NR_159815.1	562	1	0
NR_159813.1	445	1	0
NR_159781.1	639	8	0
NR_119976.2	607	2	0
NR_119821.2	703	2	0
NR_119750.2	704	2	0
NR_119560.2	742	6	0
NR_119415.2	697	19	0
NR_119394.2	655	6	0
NR_121551.1	737	2	0
NR_121542.1	712	8	0
NR_121533.1	730	5	0
NR_121532.1	682	1	0
NR_121504.1	759	4	0
NR_121488.1	708	1	0
NR_121469.1	992	1	0
NR_121468.1	937	2	0
NR_121466.1	574	5	0
NR_121465.1	627	8	0
NR_121458.1	797	325	0
NR_121333.1	567	3	0
NR_121330.1	680	2	0
NR_121324.1	605	2	0
NR_121307.1	592	263	0
NR_121306.1	593	235	0
NR_121303.1	620	3	0
NR_121301.1	589	291	0
NR_121299.1	590	3	0
NR_121293.1	513	1	0
NR_121290.1	675	1	0
NR_121274.1	796	3	0
NR_121270.1	773	6	0
NR_120304.1	582	1	0
NR_120303.1	613	3	0
NR_120267.1	667	1	0
NR_120168.1	631	1	0
NR_120161.1	780	3	0
NR_120146.1	614	2	0
NR_120107.1	643	1	0
NR_120095.1	591	1	0
NR_120050.1	552	1	0
NR_120048.1	572	4	0
NR_120047.1	584	2	0
NR_120035.1	609	268	0
NR_120026.1	1171	4	0
NR_120025.1	850	194	0
NR_119993.1	572	1	0
NR_119990.1	567	1	0
NR_119985.1	552	1	0
NR_119977.1	603	2	0
NR_119975.1	746	3	0
NR_119968.1	687	4	0
NR_119946.1	702	2	0
NR_119930.1	633	1	0
NR_119925.1	556	1	0
NR_119891.1	606	1	0
NR_119832.1	628	1	0
NR_119826.1	672	3	0
NR_119810.1	723	1	0
NR_119802.1	742	1	0
NR_119793.1	699	2	0
NR_119788.1	717	1	0
NR_119786.1	672	2	0
NR_119783.1	726	1	0
NR_119781.1	749	8	0
NR_119772.1	671	1	0
NR_119764.1	732	2	0
NR_119743.1	556	2	0
NR_119723.1	606	2	0
NR_119720.1	630	2	0
NR_119707.1	613	1	0
NR_119695.1	698	5	0
NR_119694.1	706	1	0
NR_119693.1	707	2	0
NR_119691.1	646	3	0
NR_119690.1	629	4	0
NR_119664.1	758	7	0
NR_119646.1	746	1	0
NR_119639.1	707	1	0
NR_119612.1	633	1	0
NR_119589.1	644	1	0
NR_119586.1	685	3	0
NR_119585.1	685	1	0
NR_119581.1	617	1	0
NR_119566.1	476	1	0
NR_119559.1	755	3	0
NR_119531.1	622	1	0
NR_119505.1	615	1	0
NR_119504.1	598	1	0
NR_119503.1	589	1	0
NR_119462.1	793	1	0
NR_119449.1	686	1	0
NR_119448.1	615	4	0
NR_119439.1	697	3	0
NR_119416.1	506	27	0
NR_119390.1	770	39	0
NR_111822.1	647	1	0
NR_111795.1	507	1	0
NR_111550.1	574	1	0
NR_111477.1	632	2	0
NR_111475.1	674	1	0
NR_111434.1	650	2	0
NR_111402.1	443	1	0
NR_111400.1	419	1	0
NR_111390.1	619	3	0
NR_111387.1	452	1	0
NR_111386.1	450	2	0
NR_111372.1	552	1	0
NR_111365.1	608	1	0
NR_111360.1	766	3	0
NR_111354.1	840	1	0
NR_111225.1	601	1	0
NR_111082.1	591	1	0
NR_111070.1	624	4	0
NR_111048.1	638	3	0
NR_111006.1	749	1	0
NR_103619.1	756	1	0
NR_103612.1	631	1	0
NR_077200.1	428	3	0
NR_077184.1	399	4	0
NR_077116.1	647	1	0
NR_077110.1	622	1	0
NR_077097.1	597	1	0
NR_073342.1	567	1	0
NR_073315.1	600	1	0
NR_073308.1	629	1	0
NR_073306.1	633	1	0
NR_073295.1	664	2	0
NR_073290.1	611	1	0
NR_073250.1	691	5	0
NR_073236.1	741	6	0
NR_073233.1	688	5	0
NR_073228.1	642	2	0
NR_073227.1	491	1	0
NR_159623.1	572	1	0
NR_159611.1	556	15	0
NR_159588.1	548	2	0
NR_159586.1	662	1297	0
NR_159580.1	614	1	0
NR_159567.1	612	1	0
NR_159064.1	660	4	0
NR_159044.1	581	1	0
NR_159013.1	503	1	0
NR_159012.1	821	2	0
NR_158993.1	633	1	0
NR_155320.1	641	1	0
NR_153241.1	636	2	0
NR_152371.1	703	1	0
NR_152366.1	691	2	0
NR_152364.1	737	1	0
NR_152357.1	728	1	0
NR_152355.1	690	1	0
NR_137923.1	547	125	0
NR_158945.1	549	27	0
NR_158944.1	616	25	0
NR_158943.1	580	26	0
NR_158937.1	745	2	0
NR_158927.1	491	1	0
NR_158926.1	707	34	0
NR_158925.1	530	1	0
NR_158924.1	505	3704	0
NR_158916.1	654	4	0
NR_158892.1	744	4	0
NR_158879.1	753	6	0
NR_158877.1	758	1	0
NR_158876.1	749	7	0
NR_158848.1	518	1	0
NR_158838.1	546	2	0
NR_158836.1	612	2	0
NR_158816.1	657	1	0
NR_158794.1	578	6	0
NR_158527.1	634	1	0
NR_158525.1	500	4	0
NR_158494.1	618	1	0
NR_158485.1	766	1	0
NR_158480.1	722	5	0
NR_158471.1	637	1	0
NR_158461.1	862	155	0
NR_158460.1	695	8967	0
NR_158432.1	626	3	0
NR_158407.1	636	1	0
NR_158399.1	685	7	0
NR_158385.1	497	1	0
NR_158347.1	613	244	0
NR_158333.1	639	1	0
NR_158332.1	612	5	0
NR_158331.1	704	1	0
NR_158323.1	578	1	0
NR_158322.1	580	1	0
NR_158321.1	581	1	0
NR_158305.1	606	5	0
NR_158299.1	762	11	0
NR_157977.1	721	3	0
NR_157958.1	694	1	0
NR_157919.1	648	9	0
NR_157915.1	645	246	0
NR_157914.1	682	2	0
NR_157899.1	670	6	0
NR_157880.1	684	1	0
NR_157859.1	679	2	0
NR_157486.1	769	1	0
NR_157484.1	759	2	0
NR_156632.1	712	1	0
NR_156587.1	615	76	0
NR_156300.1	761	9	0
NR_156283.1	764	1	0
NR_156245.1	621	246	0
NR_156237.1	1296	1	0
NR_153094.1	602	1	0
NR_148120.1	632	1	0
NR_132792.1	719	1	0
NR_156661.1	595	27	0
NR_156659.1	568	1	0
NR_156636.1	751	4	0
NR_156635.1	682	1	0
NR_156253.1	671	1	0
NR_156212.1	755	1	0
NR_156193.1	720	2	0
NR_156191.1	485	1	0
NR_156006.1	682	2	0
NR_155964.1	701	4	0
NR_155957.1	694	1	0
NR_155933.1	575	80	0
NR_155922.1	806	2	0
NR_155918.1	562	1	0
NR_155912.1	565	1	0
NR_155910.1	661	240	0
NR_155909.1	674	1	0
NR_155908.1	558	1	0
NR_155907.1	576	1	0
NR_155872.1	540	1	0
NR_155849.1	470	1	0
NR_155847.1	501	4	0
NR_155846.1	625	1	0
NR_155844.1	683	5	0
NR_155834.1	484	1	0
NR_155808.1	565	2	0
NR_155795.1	589	1	0
NR_155783.1	528	3	0
NR_155777.1	453	1	0
NR_155775.1	578	1	0
NR_155731.1	591	1	0
NR_155730.1	627	1	0
NR_155729.1	675	2	0
NR_155719.1	687	10	0
NR_155695.1	500	2	0
NR_155611.1	601	75	0
NR_155610.1	601	78	0
NR_155406.1	804	1	0
NR_155358.1	691	62	0
NR_154199.1	547	1	0
NR_155346.1	702	4	0
NR_155334.1	588	2898	0
NR_155330.1	674	1	0
NR_155314.1	762	2	0
NR_155312.1	634	1	0
NR_155182.1	633	2	0
NR_155064.1	615	1	0
NR_155020.1	595	772	0
NR_155011.1	401	6	0
NR_137102.1	625	1	0
NR_136969.1	428	1	0
NR_154971.1	514	1	0
NR_154969.1	680	2	0
NR_154961.1	601	1	0
NR_154879.1	623	3	0
NR_154878.1	481	1	0
NR_154876.1	538	1	0
NR_154872.1	666	1	0
NR_154833.1	649	2	0
NR_154826.1	801	2	0
NR_154805.1	643	77	0
NR_154767.1	667	255	0
NR_154757.1	544	1	0
NR_154740.1	410	1	0
NR_154692.1	589	1	0
NR_154687.1	636	1	0
NR_154686.1	639	1	0
NR_154669.1	892	427	0
NR_154655.1	548	1	0
NR_154600.1	574	1	0
NR_154536.1	766	11	0
NR_154534.1	579	3	0
NR_154533.1	577	2	0
NR_154527.1	594	1	0
NR_154494.1	701	1	0
NR_154487.1	584	1	0
NR_154474.1	651	1	0
NR_154470.1	699	260	0
NR_154457.1	592	1	0
NR_154396.1	833	2	0
NR_154357.1	505	275	0
NR_154354.1	600	245	0
NR_154330.1	734	9610	0
NR_154328.1	626	1	0
NR_154305.1	771	2	0
NR_154202.1	497	4	0
NR_154173.1	665	1	0
NR_154166.1	699	1	0
NR_154152.1	792	3	0
NR_154148.1	630	1	0
NR_154136.1	658	13	0
NR_154135.1	616	24	0
NR_154119.1	675	3	0
NR_154114.1	710	1	0
NR_154081.1	671	3584	0
NR_154063.1	760	1	0
NR_154047.1	623	1	0
NR_154021.1	723	13	0
NR_154014.1	568	2	0
NR_154000.1	684	158	0
NR_153991.1	762	1	0
NR_153913.1	717	15	0
NR_153903.1	593	7	0
NR_153875.1	764	2	0
NR_131987.1	596	5	0
NR_153652.1	710	3	0
NR_153630.1	659	3	0
NR_153606.1	834	1	0
NR_153603.1	796	5	0
NR_153595.1	604	2	0
NR_153577.1	633	3	0
NR_153562.1	524	1	0
NR_153553.1	648	801	0
NR_153525.1	717	1293	0
NR_153482.1	543	238	0
NR_153466.1	724	3	0
NR_153465.1	728	3	0
NR_153456.1	631	2	0
NR_153453.1	542	2	0
NR_153449.1	677	222	0
NR_153080.1	703	2	0
NR_153079.1	651	4	0
NR_153077.1	753	7	0
NR_153040.1	690	272	0
NR_153039.1	682	359	0
NR_152898.1	654	3	0
NR_152487.1	720	2	0
NR_151769.1	716	1	0
NR_145332.1	854	1	0
NR_144763.1	438	1	0
NR_138231.1	640	1	0
NR_137975.1	645	1	0
NR_137917.1	621	1	0
NR_137550.1	626	1	0
NR_137526.1	552	1	0
NR_137137.1	694	66	0
NR_137114.1	727	1	0
NR_137086.1	649	1	0
NR_131887.1	616	1	0
NR_131857.1	697	1	0
NR_130212.1	669	275	0
NR_126146.1	667	1	0
NR_153078.1	665	4	0
NR_153070.1	619	1	0
NR_153061.1	611	1	0
NR_153032.1	584	6688	0
NR_153029.1	613	257	0
NR_153003.1	707	2	0
NR_152920.1	824	1	0
NR_152914.1	664	1	0
NR_152897.1	674	1	0
NR_152885.1	626	1	0
NR_152489.1	559	6	0
NR_152480.1	665	1	0
NR_152324.1	705	11	0
NR_152293.1	590	1	0
NR_152287.1	607	1	0
NR_151842.1	866	79	0
NR_151801.1	384	1	0
NR_151770.1	663	4	0
NR_151759.1	665	1	0
NR_151751.1	730	1	0
NR_149345.1	654	2	0
NR_148190.1	483	3	0
NR_148110.1	772	6	0
NR_148109.1	667	8	0
NR_148108.1	706	13	0
NR_148069.1	669	1	0
NR_147665.1	547	1	0
NR_147664.1	580	1	0
NR_147659.1	657	4	0
NR_147632.1	604	1	0
NR_147528.1	744	31	0
NR_147324.1	644	1	0
NR_145389.1	684	2	0
NR_145382.1	875	1	0
NR_145335.1	719	99	0
NR_145099.1	728	1	0
NR_144903.1	712	1	0
NR_144901.1	637	30	0
NR_144842.1	699	29	0
NR_144768.1	635	4	0
NR_126138.2	491	4	0
NR_138409.1	680	1	0
NR_138395.1	692	5	0
NR_138387.1	684	50	0
NR_138315.1	503	1	0
NR_138245.1	503	1	0
NR_138234.1	641	244	0
NR_138220.1	469	2	0
NR_138012.1	646	2	0
NR_137969.1	606	1	0
NR_137968.1	701	5	0
NR_137732.1	655	4	0
NR_137683.1	607	1	0
NR_136008.1	497	1	0
NR_135947.1	565	2	0
NR_132898.1	817	3	0
NR_132895.1	564	1	0
NR_132860.1	683	5	0
NR_132858.1	652	1	0
NR_132836.1	641	1	0
NR_132834.1	780	1	0
NR_131856.1	677	3	0
NR_126151.1	803	2	0
NR_144889.1	710	3	0
NR_151753.1	733	7	0
NR_148071.1	752	2	0
NR_148070.1	769	6	0
NR_138336.1	563	3	0
NR_137922.1	576	1449	0
NR_137795.1	787	4	0
NR_132859.1	519	1	0
NR_132800.1	784	3	0
NR_131996.1	689	1	0
NR_131891.1	605	1	0
NR_131869.1	696	2	0
NR_131859.1	709	1	0
NR_131855.1	708	1	0
NR_131837.1	628	1	0
NR_131822.1	529	1	0
NR_131819.1	673	1	0
NR_131807.1	612	3647	0
NR_131798.1	705	388	0
NR_131796.1	679	1	0
NR_153283.1	535	3	0
NR_153250.1	794	1	0
NR_153245.1	702	9	0
NR_153235.1	632	1	0
NR_153234.1	586	2	0
NR_153232.1	756	2	0
NR_153229.1	577	1	0
NR_153177.1	611	1	0
NR_153173.1	676	1	0
NR_153162.1	716	1	0
NR_153161.1	583	1	0
NR_153153.1	723	2	0
NR_153148.1	574	8	0
NR_153145.1	646	1	0
NR_153139.1	709	4	0
NR_153135.1	748	1	0
NR_153129.1	700	1	0
NR_153128.1	535	1	0
NR_147305.1	616	1	0
NR_147275.1	470	1	0
NR_145360.1	537	2	0
NR_145183.1	542	1	0
NR_144770.1	686	2	0
NR_138403.1	686	2	0
NR_138373.1	489	1	0
NR_138338.1	610	2	0
NR_137869.1	619	3	0
NR_137812.1	578	3	0
NR_137779.1	751	1	0
NR_137720.1	706	1	0
NR_137710.1	803	3827	0
NR_137704.1	724	10	0
NR_137703.1	630	1	0
NR_137676.1	454	1	0
NR_137664.1	628	1	0
NR_137545.1	569	119	0
NR_137151.1	673	72	0
NR_137105.1	637	1	0
NR_137029.1	826	2	0
NR_137007.1	678	1	0
NR_136970.1	447	1	0
NR_136964.1	512	4	0
NR_136956.1	625	274	0
NR_152353.1	724	1	0
NR_152348.1	724	2	0
NR_152345.1	652	1	0
NR_152341.1	674	2	0
NR_152330.1	672	2	0
NR_152328.1	695	1	0
NR_138402.1	670	5	0
