NR_177911.1	1484	9	0
NR_177904.1	1464	6	0
NR_177903.1	1461	4	0
NR_177902.1	1464	5	0
NR_177891.1	1479	35	0
NR_177889.1	1460	1	0
NR_177885.1	1427	35	0
NR_177882.1	1465	1	0
NR_177881.1	1465	3	0
NR_177876.1	1455	13	0
NR_177871.1	1163	8	0
NR_177868.1	1160	82	0
NR_177867.1	1160	74	0
NR_177866.1	1162	74	0
NR_177863.1	1124	2	0
NR_177862.1	1462	22	0
NR_177859.1	1472	4	0
NR_177849.1	1166	4	0
NR_177848.1	1121	2	0
NR_177847.1	1462	22	0
NR_177841.1	1144	1	0
NR_177840.1	1144	4	0
NR_177839.1	1144	4	0
NR_177838.1	1144	2	0
NR_177837.1	1144	13	0
NR_177836.1	1144	1	0
NR_177835.1	1144	6	0
NR_177831.1	1145	1	0
NR_177830.1	1144	1	0
NR_177829.1	1144	2	0
NR_177828.1	1144	1	0
NR_177827.1	1144	1	0
NR_177826.1	1144	2	0
NR_177825.1	1163	4	0
NR_177817.1	1145	1	0
NR_177816.1	1145	3	0
NR_177815.1	1145	5	0
NR_177814.1	1145	4	0
NR_177813.1	1145	3	0
NR_177812.1	1145	2	0
NR_177811.1	1145	1	0
NR_177810.1	1145	3	0
NR_177809.1	1145	2	0
NR_177805.1	1474	1	0
NR_177804.1	1389	2	0
NR_177803.1	1554	1	0
NR_177802.1	1554	1	0
NR_177799.1	1163	4	0
NR_177793.1	1456	1	0
NR_177786.1	1143	4	0
NR_177785.1	1143	5	0
NR_177784.1	1143	1	0
NR_177783.1	1143	5	0
NR_177782.1	1143	6	0
NR_177780.1	1144	4	0
NR_177779.1	1143	3	0
NR_177778.1	1162	3	0
NR_177777.1	1481	6	0
NR_177775.1	1164	1	0
NR_177774.1	1164	1	0
NR_177767.1	1438	13	0
NR_177758.1	1484	12	0
NR_177753.1	1478	30	0
NR_177748.1	1481	79	0
NR_177746.1	1481	1	0
NR_177742.1	1483	1	0
NR_177737.1	1485	1	0
NR_177735.1	1450	4	0
NR_177734.1	1478	5	0
NR_177729.1	1485	1	0
NR_177714.1	1543	33	0
NR_177705.1	1393	16	0
NR_177704.1	1444	1	0
NR_177701.1	1293	26	0
NR_177700.1	1461	21	0
NR_177699.1	1453	32	0
NR_177692.1	1415	16	0
NR_177691.1	1414	16	0
NR_177690.1	1414	20	0
NR_177688.1	1471	28	0
NR_177684.1	1410	6	0
NR_177681.1	1146	396	0
NR_177675.1	1285	2	0
NR_177673.1	1258	1	0
NR_177671.1	1462	8	0
NR_177669.1	1430	11	0
NR_177668.1	1442	6	0
NR_177665.1	1311	9	0
NR_177664.1	1292	5	0
NR_177044.1	1067	1	0
NR_177041.1	1464	2	0
NR_177040.1	1430	14	0
NR_177032.1	1455	13	0
NR_177023.1	1163	1	0
NR_177000.1	1270	1	0
NR_176994.1	1443	37	0
NR_176993.1	1437	1	0
NR_176992.1	1295	1	0
NR_176987.1	1485	12	0
NR_176986.1	1113	1	0
NR_176981.1	1462	2	0
NR_174292.1	1481	1	0
NR_172623.1	1468	1	0
NR_153674.1	1510	1	0
NR_118672.1	1490	2	0
NR_118593.1	1493	1	0
NR_115816.1	1408	23	0
NR_113179.1	1461	2	0
NR_116306.1	1448	4	0
NR_176606.1	1200	21	0
NR_176604.1	1320	1	0
NR_176596.1	1330	1	0
NR_176595.1	1500	3	0
NR_176589.1	1435	17	0
NR_176586.1	1444	3	0
NR_176585.1	1412	17	0
NR_176580.1	1001	25	0
NR_176579.1	746	9	0
NR_176577.1	1002	1	0
NR_176576.1	1002	9	0
NR_176575.1	1350	6	0
NR_176558.1	1440	1	0
NR_176557.1	1380	1	0
NR_176555.1	1488	1	0
NR_176553.1	1500	48	0
NR_176552.1	1500	41	0
NR_176550.1	1478	2	0
NR_176549.1	1500	1	0
NR_176547.1	1482	1	0
NR_176542.1	1487	1	0
NR_176539.1	1500	16	0
NR_176535.1	1481	1	0
NR_176526.1	1481	4	0
NR_176521.1	1480	3	0
NR_176519.1	1407	11	0
NR_176517.1	1354	13	0
NR_176515.1	1477	11	0
NR_176511.1	1500	12	0
NR_176510.1	1500	11	0
NR_176507.1	1401	3	0
NR_176504.1	1477	20	0
NR_176498.1	1500	3	0
NR_176497.1	1500	4	0
NR_176494.1	1500	4	0
NR_176493.1	640	22	0
NR_176492.1	1403	1	0
NR_176487.1	1509	2	0
NR_176486.1	1445	12	0
NR_176484.1	1353	36	0
NR_176481.1	1395	2	0
NR_176475.1	1489	91	0
NR_172677.2	1490	41	0
NR_172660.2	1483	46	0
NR_173600.1	1540	4	0
NR_172655.1	1409	1	0
NR_175595.1	1493	2	0
NR_175593.1	1495	1	0
NR_175592.1	1491	1	0
NR_175591.1	1528	2	0
NR_175585.1	1493	2	0
NR_175584.1	1536	1	0
NR_175566.1	1500	5	0
NR_175565.1	1470	1	0
NR_175564.1	1540	2	0
NR_175563.1	1539	1	0
NR_175562.1	1545	3	0
NR_175549.1	1532	1	0
NR_175547.1	1528	9	0
NR_175537.1	1494	1	0
NR_175516.1	1444	1	0
NR_175508.1	1426	2	0
NR_175506.1	1462	1	0
NR_175500.1	1359	2	0
NR_175499.1	1516	2	0
NR_175492.1	1447	6	0
NR_175485.1	1406	2	0
NR_175483.1	1359	1	0
NR_175482.1	1419	1	0
NR_175479.1	1451	2	0
NR_175476.1	1515	1	0
NR_175474.1	1517	1	0
NR_175457.1	1504	1	0
NR_175453.1	1483	3	0
NR_175451.1	1257	295	0
NR_175446.1	1452	1	0
NR_175438.1	1508	1	0
NR_175430.1	1457	1	0
NR_175418.1	1445	1	0
NR_175414.1	1467	2	0
NR_171396.1	1544	3	0
NR_171395.1	1543	1	0
NR_171394.1	1545	2	0
NR_169444.1	1487	1	0
NR_169381.1	1456	1	0
NR_169364.1	1418	3	0
NR_165768.1	1462	1	0
NR_165728.1	1451	1	0
NR_158063.1	1447	1	0
NR_157784.1	1449	20	0
NR_156853.1	1451	44	0
NR_156100.1	1449	1	0
NR_152684.1	1421	1	0
NR_134842.2	1498	8	0
NR_074469.2	1498	2	0
NR_028945.2	1522	1	0
NR_102886.2	1487	1	0
NR_136480.2	1528	1	0
NR_146362.2	1485	76	0
NR_148600.1	1488	2	0
NR_148578.1	1408	1	0
NR_146371.1	1299	6	0
NR_146012.1	1437	1	0
NR_145852.1	1478	1	0
NR_137210.1	1498	5	0
NR_136765.1	1405	2	0
NR_134686.1	1441	1	0
NR_133776.1	1480	1	0
NR_132669.1	1448	4	0
NR_118636.1	1418	267	0
NR_118471.1	1529	1	0
NR_118382.1	1499	1	0
NR_118178.1	1352	1	0
NR_117650.1	1414	4	0
NR_117262.1	1431	1	0
NR_117114.1	1477	5	0
NR_117053.1	1386	2	0
NR_116873.1	1394	1	0
NR_116742.1	1530	1	0
NR_116432.1	1451	2	0
NR_116043.1	1394	2	0
NR_116028.1	1488	1	0
NR_116009.1	1460	1	0
NR_115953.1	1533	1	0
NR_115819.1	1492	4	0
NR_115799.1	1253	1	0
NR_115659.1	1405	2	0
NR_115202.1	1428	1	0
NR_115108.1	1441	1	0
NR_115044.1	1387	2	0
NR_114731.1	1416	3	0
NR_114328.1	1445	1	0
NR_114151.1	1412	3	0
NR_113861.1	1408	1	0
NR_113812.1	1410	2	0
NR_113800.1	1478	1	0
NR_113674.1	1414	1	0
NR_113653.1	1462	1	0
NR_113001.1	1566	1	0
NR_112797.1	1495	1	0
NR_112699.1	1442	1	0
NR_112502.1	1439	1	0
NR_112227.1	1427	3	0
NR_112065.1	1511	1	0
NR_108191.1	1405	3	0
NR_044662.2	1472	1	0
NR_109150.1	1418	1	0
NR_109061.1	1389	4	0
NR_108487.1	1452	2	0
NR_108472.1	1433	7	0
NR_104550.1	1315	1	0
NR_044702.2	1516	2	0
NR_044647.2	1486	3	0
NR_102852.1	1519	106	0
NR_102769.1	1524	1	0
NR_074142.1	1451	3	0
NR_075007.1	1555	1	0
NR_074940.1	1547	1	0
NR_074910.1	1544	22	0
NR_074617.1	1520	4	0
NR_074517.1	1510	1	0
NR_074268.1	1480	5	0
NR_074246.1	1477	1	0
NR_044916.1	1549	3	0
NR_044829.1	1422	2	0
NR_044450.1	1408	1	0
NR_044286.1	1481	1	0
NR_044194.1	1434	1	0
NR_043872.1	1480	1	0
NR_043401.1	1486	1	0
NR_043184.1	1476	1	0
NR_042911.1	1477	1	0
NR_042600.1	1387	2	0
NR_042599.1	1387	2	0
NR_042589.1	1387	6	0
NR_042588.1	1388	2	0
NR_042584.1	1527	2	0
NR_042447.1	1390	1	0
NR_042417.1	1477	2	0
NR_042254.1	1517	1	0
NR_041854.1	1553	1	0
NR_041457.1	1530	1	0
NR_041263.1	1507	2	0
NR_041193.1	1476	1	0
NR_040959.1	1459	1	0
NR_040958.1	1454	1	0
NR_040793.1	1507	1	0
NR_044533.1	1371	4	0
NR_044009.1	1402	1	0
NR_043783.1	1338	1	0
NR_043756.1	1396	1	0
NR_043509.1	1496	1	0
NR_043112.1	1442	1	0
NR_037000.1	1492	2	0
NR_029360.1	1554	1	0
NR_029266.1	1526	1	0
NR_029174.1	1433	1	0
NR_028901.1	1472	3	0
NR_028894.1	1505	1	0
NR_028819.1	1379	1	0
NR_025395.1	1416	1	0
NR_025393.1	1474	1	0
NR_025184.1	1450	1	0
NR_025181.1	1452	1	0
NR_024895.1	1540	2	0
NR_024735.1	1443	1	0
NR_024691.1	1529	1	0
NR_026255.1	1506	1	0
NR_026133.1	1481	3	0
NR_174339.1	1489	8	0
NR_174322.1	1485	7	0
NR_174305.1	1537	2	0
NR_174303.1	1514	1	0
NR_174296.1	1461	1	0
NR_174295.1	1448	1	0
NR_174287.1	1366	1	0
NR_174281.1	1428	1	0
NR_174270.1	1445	95	0
NR_174265.1	1448	2	0
NR_174260.1	1464	2	0
NR_174227.1	1486	1	0
NR_174217.1	1354	37	0
NR_174205.1	1366	1	0
NR_174202.1	1490	9	0
NR_174198.1	1352	14	0
NR_173694.1	1467	1	0
NR_173692.1	1429	2	0
NR_173686.1	1391	1	0
NR_173681.1	1523	19	0
NR_173673.1	1447	78	0
NR_173666.1	1404	1	0
NR_173658.1	1415	1	0
NR_173655.1	1403	7	0
NR_173654.1	1379	7	0
NR_173652.1	1405	2	0
NR_173651.1	1409	1	0
NR_173648.1	1427	1	0
NR_173647.1	1451	1	0
NR_173629.1	1413	1	0
NR_173628.1	1533	1	0
NR_173627.1	1535	2	0
NR_173626.1	1459	1	0
NR_173620.1	1423	1	0
NR_173618.1	1507	1	0
NR_173617.1	1475	1	0
NR_173614.1	1451	1	0
NR_173607.1	1497	1	0
NR_173601.1	1453	1	0
NR_173588.1	1523	1	0
NR_173587.1	1528	312	0
NR_173586.1	1523	325	0
NR_173585.1	1525	344	0
NR_173584.1	1533	308	0
NR_173583.1	1533	310	0
NR_173582.1	1533	325	0
NR_173581.1	1526	287	0
NR_173580.1	1529	282	0
NR_173579.1	1504	299	0
NR_173578.1	1523	308	0
NR_173577.1	1524	276	0
NR_173576.1	1523	311	0
NR_173575.1	1525	287	0
NR_173574.1	1515	321	0
NR_173573.1	1532	1	0
NR_173572.1	1546	291	0
NR_173571.1	1546	310	0
NR_173567.1	1532	317	0
NR_173566.1	1522	296	0
NR_173565.1	1518	321	0
NR_173564.1	1528	307	0
NR_173563.1	1528	297	0
NR_173562.1	1535	315	0
NR_173561.1	1507	348	0
NR_173559.1	1534	289	0
NR_173558.1	1542	313	0
NR_173557.1	1526	321	0
NR_173556.1	1517	4	0
NR_173555.1	1497	361	0
NR_173554.1	1520	279	0
NR_173553.1	1522	5	0
NR_173552.1	1527	296	0
NR_173550.1	1333	1	0
NR_173540.1	1494	1	0
NR_173536.1	1459	1	0
NR_173524.1	1505	1	0
NR_173523.1	1428	4	0
NR_173520.1	1415	2	0
NR_173494.1	1466	1	0
NR_115579.1	1431	1	0
NR_172706.1	1161	2	0
NR_172705.1	1161	1	0
NR_172704.1	1162	12	0
NR_172692.1	1162	4	0
NR_172691.1	1162	8	0
NR_172690.1	1162	6	0
NR_172683.1	1139	8	0
NR_172676.1	1161	1	0
NR_172674.1	1161	57	0
NR_172667.1	1490	2	0
NR_172661.1	1163	8	0
NR_172657.1	923	1	0
NR_172621.1	979	19	0
NR_172613.1	1068	9	0
NR_172606.1	1463	63	0
NR_172605.1	1477	59	0
NR_172604.1	1478	17	0
NR_172603.1	1477	210	0
NR_172600.1	1344	1	0
NR_172597.1	1286	70	0
NR_172585.1	1086	2	0
NR_172579.1	1498	8	0
NR_172571.1	1420	1	0
NR_171539.1	1437	1	0
NR_171538.1	1371	1	0
NR_171524.1	1497	1	0
NR_171508.1	1487	5	0
NR_171504.1	1524	1	0
NR_171503.1	1524	4	0
NR_171494.1	1371	2	0
NR_171486.1	1404	1	0
NR_171484.1	1480	1	0
NR_171482.1	1492	1	0
NR_171473.1	1539	1	0
NR_171472.1	1527	3	0
NR_171471.1	1452	1	0
NR_171457.1	1505	1	0
NR_171456.1	1503	1	0
NR_171455.1	1468	1	0
NR_171453.1	1470	1	0
NR_171448.1	1389	1	0
NR_171445.1	1441	1	0
NR_171436.1	1286	1	0
NR_171428.1	1395	14	0
NR_171423.1	1399	1	0
NR_171420.1	1408	2	0
NR_171417.1	1078	1	0
NR_171413.1	1523	1	0
NR_171398.1	1533	2	0
NR_171397.1	1532	1	0
NR_171481.1	1442	1	0
NR_170541.1	1493	1	0
NR_170530.1	1485	1	0
NR_170528.1	1485	1	0
NR_170515.1	1485	1	0
NR_170482.1	1452	3	0
NR_170459.1	1464	1	0
NR_170450.1	1488	1	0
NR_170446.1	1461	3	0
NR_170444.1	1541	4	0
NR_170441.1	1360	11	0
NR_170426.1	1462	1	0
NR_170425.1	1489	2	0
NR_170416.1	1526	2	0
NR_170414.1	1361	13	0
NR_170406.1	1479	1	0
NR_170401.1	1523	3	0
NR_170395.1	1497	2	0
NR_170391.1	1504	5	0
NR_170502.1	1571	2	0
NR_170430.1	1492	4	0
NR_169498.1	1540	1	0
NR_169492.1	1457	3	0
NR_169476.1	1536	3	0
NR_169468.1	1495	1	0
NR_169448.1	1465	1	0
NR_169413.1	1440	1	0
NR_169411.1	1525	1	0
NR_169368.1	1509	1	0
NR_169355.1	1450	8	0
NR_169353.1	1474	1	0
NR_169341.1	1518	1	0
NR_169334.1	1500	2	0
NR_169333.1	1500	320	0
NR_169332.1	1532	346	0
NR_169331.1	1532	298	0
NR_169330.1	1532	299	0
NR_169329.1	1540	285	0
NR_169328.1	1536	302	0
NR_169320.1	1521	328	0
NR_108394.1	1399	1	0
NR_169481.1	1413	3	0
NR_169467.1	1481	1	0
NR_169425.1	1325	1	0
NR_169421.1	1395	2	0
NR_169392.1	1260	1	0
NR_169339.1	1400	1	0
NR_169336.1	1418	1	0
NR_169327.1	1535	318	0
NR_169326.1	1534	301	0
NR_169318.1	1508	5	0
NR_165790.1	1495	6	0
NR_165782.1	1357	3	0
NR_165776.1	1493	2	0
NR_165755.1	1400	1	0
NR_165752.1	1459	1	0
NR_165748.1	1538	5	0
NR_165721.1	1413	2	0
NR_165713.1	1410	1	0
NR_165710.1	1461	2	0
NR_165707.1	1458	1	0
NR_165700.1	1484	1	0
NR_165691.1	1405	9	0
NR_165664.1	1566	1	0
NR_165023.1	1424	1	0
NR_165007.1	1443	1	0
NR_165004.1	1505	1	0
NR_164990.1	1424	1	0
NR_164982.1	1404	1	0
NR_164975.1	1441	1	0
NR_164973.1	1422	44	0
NR_164969.1	1485	1	0
NR_164968.1	1351	1	0
NR_164959.1	1519	1	0
NR_164945.1	1480	1	0
NR_164944.1	1506	1	0
NR_164940.1	1512	1	0
NR_164939.1	1386	1	0
NR_164937.1	1409	23	0
NR_164879.1	1412	1	0
NR_164869.1	1517	1	0
NR_164867.1	1454	1	0
NR_164622.1	1507	1	0
NR_164619.1	1418	30	0
NR_164633.1	1495	4	0
NR_164624.1	1279	1	0
NR_163603.1	1408	3	0
NR_116675.1	1443	1	0
NR_163658.1	1455	1	0
NR_163656.1	1446	1	0
NR_163651.1	1449	190	0
NR_163649.1	1456	2	0
NR_163645.1	1496	1	0
NR_163625.1	1430	1	0
NR_163619.1	1339	1	0
NR_163612.1	1470	1	0
NR_160523.1	1527	3	0
NR_160522.1	1550	1	0
NR_159915.1	1479	7	0
NR_159914.1	1499	2	0
NR_159908.1	1537	3	0
NR_159905.1	1359	1	0
NR_159886.1	1428	5	0
NR_159317.1	1454	2	0
NR_159311.1	1453	1	0
NR_159303.1	1404	1	0
NR_159263.1	1449	1	0
NR_159257.1	1434	1	0
NR_159255.1	1542	1	0
NR_159253.1	1501	1	0
NR_159248.1	1412	1	0
NR_159240.1	1450	1	0
NR_159233.1	1340	1	0
NR_159232.1	1455	284	0
NR_159221.1	1420	2	0
NR_159190.1	1451	1	0
NR_159178.1	1451	9	0
NR_159166.1	1466	1	0
NR_159163.1	1409	1	0
NR_159144.1	1518	1	0
NR_159128.1	1459	7	0
NR_159119.1	1502	1	0
NR_159098.1	1394	323	0
NR_159086.1	1534	1	0
NR_159084.1	1542	1	0
NR_159081.1	1521	2	0
NR_158149.1	1398	1	0
NR_158141.1	1423	1	0
NR_158139.1	1476	1	0
NR_158137.1	1423	1	0
NR_158100.1	1390	1	0
NR_158086.1	1459	1	0
NR_158075.1	1447	2	0
NR_158069.1	1483	1	0
NR_158052.1	1395	3	0
NR_158050.1	1420	333	0
NR_158043.1	1431	1	0
NR_158037.1	1352	1	0
NR_158033.1	1533	1	0
NR_158012.1	1472	1	0
NR_158009.1	1415	2	0
NR_158006.1	1421	2	0
NR_158005.1	1518	1	0
NR_157993.1	1443	20	0
NR_157984.1	1403	1	0
NR_157795.1	1399	2	0
NR_157778.1	1537	3	0
NR_157777.1	1531	1	0
NR_157767.1	1465	9	0
NR_157765.1	1454	1	0
NR_157763.1	1350	1	0
NR_157757.1	1435	1	0
NR_157748.1	1383	1	0
NR_157710.1	1457	1	0
NR_157706.1	1457	1	0
NR_157699.1	1524	2	0
NR_157696.1	1442	1	0
NR_157691.1	1445	1	0
NR_157690.1	1493	1	0
NR_157683.1	1456	2	0
NR_157680.1	1452	6	0
NR_157678.1	1462	1	0
NR_157671.1	1461	1	0
NR_157665.1	1418	1	0
NR_157658.1	1535	5	0
NR_157647.1	1390	1	0
NR_157626.1	1420	3	0
NR_157613.1	1446	2	0
NR_157018.1	1420	10	0
NR_156992.1	1450	3	0
NR_156991.1	1428	1	0
NR_156988.1	1439	1	0
NR_156982.1	1517	16	0
NR_156945.1	1525	1	0
NR_156944.1	1484	1	0
NR_156940.1	1528	1	0
NR_156939.1	1526	1	0
NR_156938.1	1486	1	0
NR_156937.1	1454	2	0
NR_156921.1	1463	1	0
NR_156918.1	1506	10	0
NR_156914.1	1439	320	0
NR_156897.1	1414	2	0
NR_156877.1	1510	2	0
NR_156875.1	1518	1	0
NR_156869.1	1478	1	0
NR_156861.1	1399	2	0
NR_156857.1	1431	1	0
NR_156855.1	1541	4	0
NR_156848.1	1455	7	0
NR_156846.1	1455	5	0
NR_156838.1	1538	18	0
NR_156815.1	1539	1	0
NR_156159.1	1408	1	0
NR_156134.1	1433	1	0
NR_156103.1	1461	1	0
NR_156102.1	1505	2	0
NR_156098.1	1469	3	0
NR_156097.1	1423	1	0
NR_156095.1	1590	2	0
NR_156094.1	1491	6	0
NR_156092.1	1419	5	0
NR_156089.1	1385	1	0
NR_156087.1	1447	2	0
NR_156074.1	1427	5	0
NR_156049.1	1394	12	0
NR_156047.1	1419	1	0
NR_156044.1	1427	1	0
NR_156025.1	1449	1	0
NR_153752.1	1543	2	0
NR_153745.1	1438	2	0
NR_153738.1	1417	1	0
NR_153737.1	1276	10	0
NR_153726.1	1494	2	0
NR_153720.1	1409	1	0
NR_153719.1	1258	3	0
NR_153712.1	1362	9	0
NR_153710.1	1488	1	0
NR_153681.1	1466	2	0
NR_153680.1	1443	1	0
NR_153677.1	1479	1	0
NR_153676.1	1438	1	0
NR_153670.1	1494	13	0
NR_152720.1	1464	3	0
NR_152719.1	1451	2	0
NR_152710.1	1412	2	0
NR_152704.1	1449	1	0
NR_152698.1	1506	2	0
NR_152687.1	1473	2	0
NR_152655.1	1460	1	0
NR_152643.1	1513	1	0
NR_152631.1	1547	5	0
NR_152630.1	1547	7	0
NR_152629.1	1547	3	0
NR_152628.1	1547	1	0
NR_152093.1	1375	1	0
NR_152092.1	1485	1	0
NR_152089.1	1538	1	0
NR_152075.1	1450	1	0
NR_152074.1	1423	3	0
NR_152073.1	1443	2	0
NR_152072.1	1445	2	0
NR_152066.1	1430	2	0
NR_152032.1	1437	2	0
NR_152017.1	1370	1	0
NR_152005.1	1360	3	0
NR_152002.1	1455	4	0
NR_151992.1	1447	6	0
NR_151988.1	1528	2	0
NR_151987.1	1528	2	0
NR_151969.1	1439	1	0
NR_151961.1	1448	1	0
NR_151930.1	1308	1	0
NR_151914.1	1426	1	0
NR_151913.1	1448	1	0
NR_151905.1	1515	27	0
NR_151862.1	1485	1	0
NR_103952.2	1537	1	0
NR_074484.2	1498	1	0
NR_074459.2	1498	2	0
NR_074473.2	1498	3	0
NR_074499.2	1481	9	0
NR_126315.2	1531	1	0
NR_132700.2	1456	2	0
NR_136501.2	1537	5	0
NR_102476.2	1482	7	0
NR_037007.2	1552	1	0
NR_074335.2	1488	174	0
NR_103935.2	1485	1	0
NR_112086.2	1513	1	0
NR_116360.2	1489	1	0
NR_118149.2	1551	1	0
NR_118405.2	1539	3	0
NR_118693.2	1489	53	0
NR_121720.2	1524	1	0
NR_145956.2	1489	1	0
NR_146708.2	1495	1	0
NR_149814.1	1464	1	0
NR_149802.1	1424	1	0
NR_149786.1	1434	2	0
NR_149785.1	1435	1	0
NR_149765.1	1512	4	0
NR_149297.1	1485	2	0
NR_149296.1	1449	3	0
NR_149293.1	1451	1	0
NR_149290.1	1317	1	0
NR_149272.1	1518	1	0
NR_149236.1	1419	1	0
NR_149231.1	1518	1	0
NR_149225.1	1484	2	0
NR_149224.1	1483	1	0
NR_149220.1	1425	1	0
NR_149218.1	1435	36	0
NR_149207.1	1509	1	0
NR_149202.1	1192	1	0
NR_149201.1	1477	2	0
NR_149188.1	1463	1	0
NR_149187.1	1461	1	0
NR_149174.1	1407	2	0
NR_108597.1	1457	1	0
NR_108583.1	1454	3	0
NR_148865.1	1494	2	0
NR_148851.1	1461	1	0
NR_148836.1	1445	1	0
NR_148833.1	1468	1	0
NR_148820.1	1348	2	0
NR_148813.1	1453	1	0
NR_148775.1	1487	1	0
NR_148761.1	1475	2	0
NR_148663.1	1414	4	0
NR_148650.1	1454	1	0
NR_148645.1	1551	1	0
NR_148644.1	1548	1	0
NR_148642.1	1474	6	0
NR_148634.1	1525	4	0
NR_148633.1	1374	1	0
NR_148629.1	1467	3	0
NR_148602.1	1455	7	0
NR_148601.1	1456	16	0
NR_148598.1	1490	310	0
NR_148593.1	1447	2	0
NR_148582.1	1491	1	0
NR_148580.1	1465	1	0
NR_148577.1	1513	2	0
NR_148576.1	1489	14	0
NR_148573.1	1499	4	0
NR_148569.1	1065	1	0
NR_148568.1	1487	1	0
NR_148327.1	1448	5	0
NR_148318.1	1443	1	0
NR_148286.1	1374	1	0
NR_148259.1	1399	1	0
NR_148246.1	1409	2	0
NR_147782.1	1457	2	0
NR_147774.1	1528	510	0
NR_147767.1	1428	1	0
NR_147759.1	1393	4	0
NR_147756.1	1402	1	0
NR_147737.1	1461	4	0
NR_147405.1	1511	1	0
NR_147393.1	1464	2	0
NR_146851.1	1395	1	0
NR_146850.1	1408	1	0
NR_146840.1	1503	2	0
NR_146829.1	1451	1	0
NR_146815.1	1476	1	0
NR_146707.1	1518	1	0
NR_146690.1	1430	2	0
NR_146677.1	1452	323	0
NR_146676.1	1449	283	0
NR_146378.1	1417	1	0
NR_146374.1	1335	1	0
NR_146373.1	1306	1	0
NR_146370.1	1471	1	0
NR_146368.1	1400	1	0
NR_146360.1	1503	1	0
NR_146052.1	1414	11	0
NR_146050.1	1527	1	0
NR_146020.1	1453	1	0
NR_146016.1	1383	1	0
NR_146015.1	1471	3	0
NR_145925.1	1339	2	0
NR_145923.1	1451	1	0
NR_145920.1	1456	3	0
NR_145911.1	1512	1	0
NR_145909.1	1424	4	0
NR_145885.1	1442	26	0
NR_145878.1	1540	1	0
NR_145876.1	1356	1	0
NR_145650.1	1418	1	0
NR_145649.1	1443	1	0
NR_145554.1	1459	1	0
NR_145553.1	1452	1	0
NR_145552.1	1416	28	0
NR_145539.1	1483	1	0
NR_145528.1	1489	101	0
NR_144715.1	1527	1	0
NR_144706.1	1494	1	0
NR_144694.1	1512	1	0
NR_144599.1	1390	1	0
NR_144594.1	1487	1	0
NR_144592.1	1371	1	0
NR_144588.1	1391	2	0
NR_144573.1	1472	1	0
NR_137419.1	1493	1	0
NR_137415.1	1494	1	0
NR_137403.1	1401	2	0
NR_137398.1	1390	3	0
NR_137380.1	1502	3	0
NR_137367.1	1472	1	0
NR_137366.1	1359	2	0
NR_137333.1	1495	4	0
NR_137246.1	1525	2	0
NR_137244.1	1306	3	0
NR_137242.1	1469	4	0
NR_137237.1	1374	1	0
NR_137236.1	1461	1	0
NR_137235.1	1459	1	0
NR_137234.1	1459	1	0
NR_137233.1	1436	1	0
NR_137208.1	1446	10	0
NR_136870.1	1289	1	0
NR_136840.1	1340	1	0
NR_136826.1	1477	1	0
NR_136770.1	1525	3	0
NR_136767.1	1461	31	0
NR_136472.1	1504	1	0
NR_136445.1	1501	2	0
NR_136442.1	1433	1	0
NR_135902.1	1525	3	0
NR_135895.1	1451	1	0
NR_135876.1	1451	12	0
NR_135875.1	1455	1	0
NR_135867.1	1434	1	0
NR_135857.1	1478	7	0
NR_135736.1	1458	3	0
NR_135733.1	1448	4	0
NR_135731.1	1397	1	0
NR_135713.1	1498	1	0
NR_135711.1	1499	1	0
NR_135211.1	1462	1	0
NR_135210.1	1450	4	0
NR_134836.1	1480	2	0
NR_134826.1	1483	292	0
NR_134825.1	1445	332	0
NR_134821.1	1478	1	0
NR_134811.1	1447	2	0
NR_134805.1	1483	1	0
NR_134797.1	1421	1	0
NR_134765.1	1405	1	0
NR_134764.1	1367	3	0
NR_134761.1	1552	2	0
NR_134730.1	1392	1	0
NR_134698.1	1451	1	0
NR_134694.1	1465	3	0
NR_134156.2	1375	1	0
NR_134225.1	1407	3	0
NR_134212.1	1407	1	0
NR_134202.1	1508	1	0
NR_134189.1	1493	2	0
NR_134178.1	1492	1	0
NR_134176.1	1387	10	0
NR_134171.1	1509	1	0
NR_134150.1	1400	1	0
NR_134148.1	1394	1	0
NR_134131.1	1423	1	0
NR_134116.1	1546	1	0
NR_134111.1	1457	3	0
NR_134102.1	1438	7	0
NR_134101.1	1442	1	0
NR_134098.1	1465	2	0
NR_134090.1	1550	3	0
NR_134088.1	1411	2	0
NR_134087.1	1412	2	0
NR_134085.1	1441	1	0
NR_134079.1	1346	4	0
NR_134078.1	1333	3	0
NR_134057.1	1426	1	0
NR_134055.1	1511	1	0
NR_134044.1	1477	1	0
NR_133991.1	1498	5	0
NR_133988.1	1420	1	0
NR_133986.1	1353	2	0
NR_133985.1	1358	2	0
NR_133967.1	1505	2	0
NR_133964.1	1445	6	0
NR_133959.1	1465	5	0
NR_133955.1	1334	1	0
NR_133951.1	1454	1	0
NR_108242.1	1376	2	0
NR_133882.1	1446	1	0
NR_133878.1	1418	12	0
NR_133877.1	1440	2	0
NR_133871.1	1479	1	0
NR_133864.1	1426	4	0
NR_133861.1	1428	1	0
NR_133857.1	1487	1	0
NR_133847.1	1409	2	0
NR_133845.1	1453	2	0
NR_133835.1	1432	1	0
NR_133818.1	1562	4	0
NR_133801.1	1466	1	0
NR_133800.1	1407	1	0
NR_133797.1	1485	3	0
NR_133796.1	1426	3	0
NR_133785.1	1447	2	0
NR_133740.1	1424	2	0
NR_133719.1	1389	1	0
NR_133708.1	1413	1	0
NR_133707.1	1413	1	0
NR_133045.1	1405	2	0
NR_133038.1	1120	1	0
NR_133031.1	1411	3	0
NR_133019.1	1393	5	0
NR_132710.1	1424	1	0
NR_132709.1	1503	5	0
NR_132706.1	1249	2	0
NR_132704.1	1534	1	0
NR_132675.1	1381	3	0
NR_132672.1	1370	28	0
NR_132606.1	1361	2	0
NR_132400.1	1546	1	0
NR_132395.1	1492	46	0
NR_132388.1	1414	1	0
NR_132331.1	1458	1	0
NR_132330.1	1543	1	0
NR_132328.1	1367	1	0
NR_132293.1	1435	7	0
NR_132292.1	1408	2	0
NR_132291.1	1443	2	0
NR_132289.1	1439	11	0
NR_117712.2	1159	13	0
NR_126314.1	1546	2	0
NR_126284.1	1462	1	0
NR_126260.1	1239	12	0
NR_126244.1	1465	1	0
NR_126226.1	1532	2	0
NR_126223.1	1456	304	0
NR_126209.1	1513	2	0
NR_126201.1	1429	1	0
NR_126199.1	1496	326	0
NR_126184.1	1451	3	0
NR_126182.1	1483	2	0
NR_126181.1	1479	4	0
NR_126180.1	1453	16	0
NR_125696.2	1284	2	0
NR_115546.2	1543	1	0
NR_125705.1	1531	3	0
NR_125703.1	1474	1	0
NR_125690.1	1459	1	0
NR_125673.1	1415	1	0
NR_125668.1	1466	3	0
NR_125638.1	1490	4	0
NR_125596.1	1349	1	0
NR_125595.1	1341	5	0
NR_125578.1	1457	1	0
NR_125574.1	1410	2	0
NR_125556.1	1401	2	0
NR_125496.1	1420	3	0
NR_125465.1	1485	1	0
NR_125461.1	1452	1	0
NR_125459.1	1407	2	0
NR_125455.1	1443	1	0
NR_125449.1	1466	2	0
NR_122087.1	1417	1	0
NR_122085.1	1475	4	0
NR_122081.1	1480	328	0
NR_121726.1	1500	3	0
NR_044660.3	1390	3	0
NR_119223.1	1335	1074	0
NR_118984.1	1434	1	0
NR_118961.1	1439	1	0
NR_118911.1	1491	4	0
NR_118904.1	1479	1	0
NR_118902.1	1484	3	0
NR_118710.1	1395	1	0
NR_118684.1	1423	1	0
NR_118585.1	1259	28	0
NR_118572.1	1517	1	0
NR_118548.1	1345	2	0
NR_118545.1	1258	1	0
NR_118544.1	1491	1	0
NR_118485.1	1350	2	0
NR_118451.1	1430	1	0
NR_118435.1	1318	1	0
NR_118427.1	1398	1	0
NR_118426.1	1452	1	0
NR_118410.1	1502	1	0
NR_118349.1	1539	1	0
NR_118315.1	1462	1	0
NR_118308.1	1247	1	0
NR_118223.1	1437	2	0
NR_118140.1	1342	1	0
NR_118139.1	1350	1	0
NR_118138.1	1544	33	0
NR_118100.1	1365	2	0
NR_118089.1	1479	6	0
NR_118084.1	1471	14	0
NR_118040.1	1525	1	0
NR_118023.1	1488	2	0
NR_118021.1	1488	3	0
NR_118020.1	1488	2	0
NR_118014.1	1449	1	0
NR_118013.1	1487	1	0
NR_118001.1	1506	2	0
NR_117972.1	1420	1	0
NR_117947.1	1340	1	0
NR_117941.1	1404	1	0
NR_117940.1	1487	2	0
NR_117903.1	1354	2	0
NR_117881.1	1449	16	0
NR_117880.1	1446	11	0
NR_117865.1	1459	4	0
NR_117847.1	1452	1	0
NR_117838.1	1459	1	0
NR_117831.1	1439	1	0
NR_117797.1	1400	1	0
NR_117794.1	1424	1	0
NR_117783.1	1440	2	0
NR_117754.1	1398	1	0
NR_117640.1	1441	2	0
NR_117547.1	1535	1	0
NR_117542.1	1605	1	0
NR_117529.1	1521	1	0
NR_117518.1	1448	59	0
NR_117517.1	1525	4	0
NR_117516.1	1474	1	0
NR_117486.1	1508	1	0
NR_117467.1	1391	1	0
NR_117461.1	1550	2	0
NR_117458.1	1491	2	0
NR_117452.1	1391	7	0
NR_117446.1	1406	1	0
NR_117437.1	1507	1	0
NR_117435.1	1444	1	0
NR_117432.1	1504	1	0
NR_117419.1	1430	1	0
NR_117418.1	1508	4	0
NR_117415.1	1458	1	0
NR_117398.1	1441	1	0
NR_117394.1	1439	1	0
NR_117329.1	1439	1	0
NR_117304.1	1495	1	0
NR_117302.1	1305	3	0
NR_117261.1	1454	2	0
NR_117260.1	1443	2	0
NR_117251.1	1443	1	0
NR_117203.1	1371	12	0
NR_117179.1	1509	6	0
NR_117074.1	1514	1	0
NR_117045.1	1404	1	0
NR_117003.1	1516	2	0
NR_116999.1	1413	1	0
NR_116996.1	1409	2	0
NR_116969.1	1431	292	0
NR_116966.1	1345	1	0
NR_116913.1	1390	1	0
NR_116910.1	1346	1	0
NR_116893.1	1463	3	0
NR_116889.1	1437	8	0
NR_116885.1	1482	1	0
NR_116842.1	1444	1	0
NR_116834.1	1489	1	0
NR_116833.1	1448	1	0
NR_116817.1	1412	1	0
NR_116816.1	1409	8	0
NR_116795.1	1401	3	0
NR_116781.1	1514	2	0
NR_116772.1	1490	1	0
NR_116762.1	1509	1	0
NR_116711.1	1434	1	0
NR_116676.1	1458	3	0
NR_116648.1	1523	2	0
NR_116619.1	1401	2	0
NR_116610.1	1426	1	0
NR_116575.1	1396	1	0
NR_116570.1	1442	1	0
NR_116545.1	1424	1	0
NR_116484.1	1289	2	0
NR_116463.1	1339	5	0
NR_116444.1	1401	1	0
NR_116437.1	1299	53	0
NR_116429.1	1388	1	0
NR_116415.1	1477	1	0
NR_116414.1	1531	1	0
NR_116409.1	1356	5	0
NR_116377.1	1413	2	0
NR_116368.1	1412	1	0
NR_116357.1	1444	1	0
NR_116339.1	1422	5	0
NR_116336.1	1422	7	0
NR_116308.1	1367	7	0
NR_116294.1	1430	3	0
NR_116280.1	1424	1	0
NR_116271.1	1487	2	0
NR_116265.1	1445	2	0
NR_116228.1	1483	1	0
NR_116218.1	1363	1	0
NR_116198.1	1378	1	0
NR_116171.1	1410	2	0
NR_116161.1	1412	1	0
NR_116102.1	1453	9	0
NR_116075.1	1478	6	0
NR_116053.1	1408	1	0
NR_116042.1	1528	3	0
NR_116029.1	1450	17	0
NR_116027.1	1403	1	0
NR_116024.1	1396	2	0
NR_116008.1	1410	12	0
NR_116005.1	1445	36	0
NR_116004.1	1481	7	0
NR_116003.1	1448	2	0
NR_115987.1	1467	3	0
NR_115952.1	1541	1	0
NR_115943.1	1425	1	0
NR_115874.1	1460	1	0
NR_115822.1	1428	5	0
NR_115817.1	1467	4	0
NR_115804.1	1449	1	0
NR_115755.1	1522	1	0
NR_115741.1	1450	3	0
NR_115678.1	1469	1	0
NR_115372.1	1422	1	0
NR_115364.1	1448	1	0
NR_115352.1	1415	2	0
NR_115347.1	1546	1	0
NR_115338.1	1529	1	0
NR_115324.1	1401	2	0
NR_115292.1	1387	1	0
NR_115280.1	1441	1	0
NR_115279.1	1424	3	0
NR_115258.1	1533	1	0
NR_115255.1	1444	6	0
NR_115254.1	1443	14	0
NR_115250.1	1419	7	0
NR_115230.1	1503	1	0
NR_115225.1	1360	17	0
NR_115179.1	1396	1	0
NR_115151.1	1386	1	0
NR_115096.1	1408	1	0
NR_115079.1	1519	1	0
NR_115074.1	1406	1	0
NR_115065.1	1411	3	0
NR_115060.1	1398	3	0
NR_114907.1	800	1	0
NR_114906.1	1387	1	0
NR_114880.1	1514	1	0
NR_114866.1	1488	1	0
NR_114840.1	1430	1	0
NR_114774.1	1427	1	0
NR_114734.1	1494	1	0
NR_114695.1	1463	1	0
NR_114684.1	1491	75	0
NR_114683.1	1482	4	0
NR_114676.1	1396	1	0
NR_114637.1	1468	1	0
NR_114633.1	1333	3	0
NR_114615.1	1485	2	0
NR_114612.1	1321	1	0
NR_114609.1	1530	1	0
NR_114580.1	1539	1	0
NR_114544.1	1501	14	0
NR_114543.1	1526	1	0
NR_114526.1	1502	1	0
NR_114469.1	1412	1	0
NR_114384.1	1416	2	0
NR_114383.1	1414	14	0
NR_114382.1	1414	6	0
NR_114347.1	1454	1	0
NR_113364.1	1418	3	0
NR_113363.1	1418	3	0
NR_113331.1	1441	44	0
NR_113302.1	1446	1	0
NR_113288.1	1349	1	0
NR_113287.1	1350	2	0
NR_113286.1	1348	9	0
NR_113285.1	1349	1	0
NR_113264.1	1474	21	0
NR_113219.1	1453	2	0
NR_113202.1	1497	1	0
NR_113183.1	1402	1	0
NR_113170.1	1434	2	0
NR_113127.1	1451	1	0
NR_113126.1	1444	1	0
NR_113061.1	1467	1	0
NR_113035.1	1430	84	0
NR_113020.1	1470	10	0
NR_113011.1	1451	1	0
NR_113009.1	1438	2	0
NR_113007.1	1411	35	0
NR_112995.1	1444	1	0
NR_112972.1	1483	24	0
NR_112961.1	1499	2	0
NR_112948.1	1456	1	0
NR_112926.1	1491	1	0
NR_112920.1	1488	1	0
NR_112915.1	1415	7	0
NR_112908.1	1468	1	0
NR_112880.1	1417	56	0
NR_112879.1	1434	107	0
NR_112831.1	1552	1	0
NR_112822.1	1409	35	0
NR_112812.1	1446	1	0
NR_112802.1	1479	1	0
NR_112791.1	1349	11	0
NR_112790.1	1347	7	0
NR_112776.1	1488	10	0
NR_112713.1	1443	3	0
NR_112684.1	1535	1	0
NR_112682.1	1414	13	0
NR_112611.1	1541	1	0
NR_112562.1	1492	1	0
NR_112560.1	1393	8	0
NR_112552.1	1400	3	0
NR_112547.1	1422	1	0
NR_112534.1	1427	22	0
NR_112186.1	1406	4	0
NR_112024.1	1212	1	0
NR_109400.1	1551	1	0
NR_108584.1	1443	4	0
NR_044663.2	1435	1	0
NR_044675.2	1435	2	0
NR_108391.1	1388	1	0
NR_104906.1	1463	3	0
NR_104890.1	1469	1	0
NR_104828.1	1508	6	0
NR_104821.1	1460	1	0
NR_104814.1	1462	1	0
NR_103954.1	1532	4	0
NR_103943.1	1556	2	0
NR_102957.1	1525	10	0
NR_102890.1	1527	3	0
NR_102511.1	1469	11	0
NR_102494.1	1475	195	0
NR_102479.1	1529	1	0
NR_102462.1	1479	7	0
NR_102452.1	1476	1	0
NR_102440.1	1596	1	0
NR_074116.1	1435	1	0
NR_074111.1	1432	2	0
NR_075034.1	1568	40	0
NR_075011.1	1556	1	0
NR_074982.1	1552	1	0
NR_074951.1	1548	14	0
NR_074890.1	1542	3	0
NR_074872.1	1540	2	0
NR_074869.1	1539	6	0
NR_074712.1	1527	1	0
NR_074692.1	1526	2	0
NR_074687.1	1526	4	0
NR_074685.1	1526	2	0
NR_074658.1	1524	1	0
NR_074608.1	1519	1	0
NR_074595.1	1518	1	0
NR_074576.1	1516	1	0
NR_074401.1	1500	1	0
NR_074399.1	1500	1	0
NR_074394.1	1499	1	0
NR_074389.1	1498	3	0
NR_074388.1	1498	1	0
NR_074386.1	1498	3	0
NR_074371.1	1496	2	0
NR_074331.1	1491	1	0
NR_074322.1	1490	4	0
NR_074298.1	1488	1	0
NR_074296.1	1488	9	0
NR_074276.1	1482	20	0
NR_074257.1	1478	1	0
NR_074231.1	1475	2	0
NR_074209.1	1473	1	0
NR_074205.1	1472	1	0
NR_044953.1	1467	1	0
NR_044802.1	1470	1	0
NR_044781.1	1477	1	0
NR_044761.1	1503	1	0
NR_044653.1	1486	1	0
NR_044611.1	1402	6	0
NR_044566.1	1384	52	0
NR_044540.1	1423	2	0
NR_044527.1	1494	1	0
NR_044449.1	1475	1	0
NR_044377.1	1396	2	0
NR_044287.1	1447	4	0
NR_044277.1	1456	1	0
NR_044269.1	1441	7	0
NR_044235.1	1501	1	0
NR_044233.1	1418	4	0
NR_044188.1	1442	2	0
NR_044187.1	1447	2	0
NR_044127.1	1436	1	0
NR_044075.1	1518	1	0
NR_044038.1	1480	2	0
NR_044028.1	1515	2	0
NR_044019.1	1509	2	0
NR_043985.1	1474	1	0
NR_043973.1	1325	3	0
NR_043958.1	1484	1	0
NR_043923.1	1292	1	0
NR_043890.1	1523	1	0
NR_043770.1	1403	5	0
NR_043717.1	1475	1	0
NR_043633.1	1404	1	0
NR_043544.1	1438	1	0
NR_043542.1	1546	1	0
NR_043532.1	1409	1	0
NR_043322.1	1494	6	0
NR_043311.1	1407	1	0
NR_043289.1	1531	1	0
NR_043286.1	1475	1	0
NR_043280.1	1473	1	0
NR_043265.1	1346	1	0
NR_043264.1	1415	1	0
NR_043256.1	1466	1	0
NR_043252.1	1386	16	0
NR_043193.1	1478	4	0
NR_043180.1	1483	1	0
NR_043132.1	1404	1	0
NR_043094.1	1526	2	0
NR_043087.1	1408	1	0
NR_043075.1	1490	1	0
NR_043068.1	1474	1	0
NR_043061.1	1416	1	0
NR_043055.1	1412	4	0
NR_043037.1	1483	4	0
NR_043036.1	1484	2	0
NR_042752.1	1340	1	0
NR_042751.1	1331	1	0
NR_042723.1	1413	2	0
NR_042722.1	1366	5	0
NR_042636.1	1505	1	0
NR_042634.1	1502	1	0
NR_042633.1	1498	1	0
NR_042549.1	1390	1	0
NR_042397.1	1476	7	0
NR_042321.1	1449	1	0
NR_042130.1	1472	1	0
NR_042050.1	1532	2	0
NR_041981.1	1498	4	0
NR_041878.1	1468	1	0
NR_041785.1	1476	1	0
NR_041747.1	1427	16	0
NR_041718.1	1513	3	0
NR_041700.1	1407	2	0
NR_041692.1	1483	2	0
NR_041671.1	1464	1	0
NR_041663.1	1470	2	0
NR_041622.1	1453	1	0
NR_041589.1	1477	1	0
NR_041582.1	1489	2	0
NR_041544.1	1331	1	0
NR_041518.1	1457	1	0
NR_041499.1	1540	2	0
NR_041479.1	1383	2	0
NR_041443.1	1434	3	0
NR_041442.1	1437	1	0
NR_041406.1	1421	1	0
NR_041401.1	1457	1	0
NR_041369.1	1473	2	0
NR_041365.1	1495	6	0
NR_041355.1	1422	3	0
NR_041335.1	1409	1	0
NR_041334.1	1409	2	0
NR_041253.1	1429	1	0
NR_041250.1	1431	1	0
NR_041053.1	1472	3	0
NR_041018.1	1422	7	0
NR_041000.1	1571	2	0
NR_040971.1	1426	1	0
NR_040966.1	1451	4	0
NR_040940.1	1510	1	0
NR_040819.1	1419	4	0
NR_044587.1	1410	2	0
NR_044580.1	1483	17	0
NR_044569.1	1449	1	0
NR_044457.1	1433	1	0
NR_044436.1	1423	2	0
NR_044324.1	1403	1	0
NR_044309.1	1407	2	0
NR_044284.1	1536	32	0
NR_044212.1	1345	3	0
NR_044205.1	1441	1	0
NR_044122.1	1446	1	0
NR_043902.1	1508	1	0
NR_043813.1	1391	1	0
NR_043788.1	1530	1	0
NR_043754.1	1450	2	0
NR_043712.1	1455	1	0
NR_043653.1	1436	3	0
NR_043589.1	1465	1	0
NR_043522.1	1427	1	0
NR_043482.1	1461	1	0
NR_043281.1	1522	1	0
NR_043223.1	1455	1	0
NR_043201.1	1477	1	0
NR_043197.1	1491	18	0
NR_043169.1	1485	3	0
NR_043111.1	1447	2	0
NR_043104.1	1416	1	0
NR_043088.1	1401	1	0
NR_043086.1	1451	3	0
NR_043010.1	1482	2	0
NR_042954.1	1561	1	0
NR_042952.1	1519	2	0
NR_042901.1	1485	1	0
NR_042863.1	1449	2	0
NR_042809.1	1488	1	0
NR_042763.1	1336	3	0
NR_041792.1	1501	1	0
NR_037027.1	1484	1	0
NR_036945.1	1406	6	0
NR_036941.1	1467	1	0
NR_036932.1	1458	5	0
NR_036865.1	1481	2	0
NR_036785.1	1474	1	0
NR_036763.1	1482	2	0
NR_028737.1	1504	1	0
NR_027195.1	1382	1	0
NR_024959.1	1447	8	0
NR_026435.1	1481	5	0
NR_026357.1	1541	2	0
NR_026321.1	1401	2	0
NR_026121.1	1480	7	0
NR_025921.1	1440	1	0
NR_159304.1	1450	1	0
NR_159197.1	1524	1	0
NR_159195.1	1501	3	0
NR_159179.1	1512	9	0
NR_159157.1	1531	5	0
NR_158134.1	1236	2	0
NR_158122.1	1482	33	0
NR_157985.1	1394	2	0
NR_157666.1	1445	1	0
NR_157003.1	1468	2	0
NR_156984.1	1408	6	0
NR_156876.1	1477	1	0
NR_156849.1	1404	2	0
NR_156841.1	1502	2	0
NR_156059.1	1510	2	0
NR_156052.1	1336	1	0
NR_153750.1	1461	17	0
NR_152716.1	1483	58	0
NR_152029.1	1496	4	0
NR_152025.1	1493	1	0
NR_152014.1	1483	1	0
NR_152001.1	1404	1	0
NR_151923.1	1315	1	0
NR_074708.2	1523	4	0
NR_074852.2	1536	1	0
NR_074747.2	1526	1	0
NR_102794.2	1543	11	0
NR_108411.2	1517	2	0
NR_103934.2	1537	1	0
NR_118723.2	1497	1	0
NR_025867.2	1527	1	0
NR_025866.2	1526	1	0
NR_025870.2	1527	1	0
NR_025871.2	1526	1	0
NR_029161.2	1533	1	0
NR_041740.2	1544	1	0
NR_074354.2	1490	48	0
NR_074476.2	1503	1	0
NR_074642.2	1519	3	0
NR_074674.2	1521	3	0
NR_074713.2	1524	2	0
NR_074716.2	1524	2	0
NR_074770.2	1530	4	0
NR_075044.2	1565	1	0
NR_112085.2	1518	1	0
NR_118587.2	1539	1	0
NR_118997.2	1552	1	0
NR_121713.2	1484	1	0
NR_121722.2	1566	1	0
NR_121732.2	1557	1	0
NR_121735.2	1540	2	0
NR_137356.2	1528	1	0
NR_137391.2	1514	1	0
NR_145947.2	1517	1	0
NR_149284.1	1508	1	0
NR_149213.1	1515	1	0
NR_149206.1	1472	2	0
NR_042657.2	1243	1	0
NR_117157.2	1550	3	0
NR_148887.1	1555	1	0
NR_148854.1	1453	2	0
NR_148764.1	1525	1	0
NR_148747.1	1521	306	0
NR_148666.1	1500	1	0
NR_148647.1	1434	1	0
NR_148637.1	1402	2	0
NR_148608.1	1445	1	0
NR_148575.1	1390	343	0
NR_148572.1	1503	308	0
NR_148331.1	1469	3	0
NR_148319.1	1424	2	0
NR_148297.1	1455	6	0
NR_146699.1	1515	2	0
NR_146670.1	1473	1	0
NR_146658.1	1524	1	0
NR_146355.1	1523	1	0
NR_146030.1	1413	4	0
NR_145894.1	1262	2	0
NR_145893.1	1262	2	0
NR_145861.1	1450	3	0
NR_145606.1	1306	2	0
NR_145604.1	1484	3	0
NR_145603.1	1483	2	0
NR_145600.1	1484	3	0
NR_145599.1	1483	1	0
NR_145598.1	1484	3	0
NR_145597.1	1484	1	0
NR_145596.1	1484	1	0
NR_145595.1	1486	2	0
NR_145594.1	1484	3	0
NR_145562.1	1512	5	0
NR_137372.1	1295	2	0
NR_137370.1	1446	1	0
NR_137357.1	1469	1	0
NR_137340.1	1452	1	0
NR_137272.1	1461	3	0
NR_137259.1	1489	3	0
NR_137257.1	1237	1	0
NR_137229.1	1312	1	0
NR_136855.1	1405	1	0
NR_136788.1	1491	1	0
NR_136495.1	1485	1	0
NR_136490.1	1508	1	0
NR_136448.1	1456	337	0
NR_136447.1	1432	1	0
NR_136440.1	1500	1	0
NR_135893.1	1499	2	0
NR_135877.1	1335	2	0
NR_135866.1	1451	11	0
NR_135860.1	1470	1	0
NR_135858.1	1476	1	0
NR_135725.1	1483	1	0
NR_135707.1	1480	1	0
NR_134807.1	1451	1	0
NR_134161.1	1490	1	0
NR_134158.1	1399	4	0
NR_134120.1	1413	4	0
NR_133949.1	1440	2	0
NR_133904.1	1551	14	0
NR_133903.1	1552	20	0
NR_133865.1	1402	12	0
NR_133858.1	1432	16	0
NR_133766.1	1422	3	0
NR_133710.1	1484	1	0
NR_117136.2	1503	1	0
NR_133053.1	1388	2	0
NR_133049.1	1445	1	0
NR_132692.1	1459	302	0
NR_037064.2	1356	1	0
NR_126319.1	1531	1	0
NR_126317.1	1532	1	0
NR_126305.1	1501	1	0
NR_126304.1	1501	3	0
NR_126303.1	1501	2	0
NR_126295.1	1449	1	0
NR_117738.2	1528	1	0
NR_117737.2	1528	1	0
NR_037054.2	1409	1	0
NR_116991.2	1508	1	0
NR_117646.2	1478	1	0
NR_125711.1	1460	35	0
NR_125683.1	1161	1	0
NR_125682.1	1162	4	0
NR_125599.1	460	35	0
NR_125585.1	1162	1	0
NR_125539.1	1428	2	0
NR_125521.1	1458	11	0
NR_125447.1	1467	4	0
NR_125443.1	1473	1	0
NR_116992.1	1425	1	0
NR_122089.1	1407	35	0
NR_122062.1	1524	2	0
NR_122052.1	1516	3	0
NR_121745.1	1485	7	0
NR_121739.1	1546	1	0
NR_121736.1	1491	2	0
NR_121724.1	1545	2	0
NR_121721.1	1524	1	0
NR_121718.1	1529	15	0
NR_121708.1	1507	1	0
NR_121704.1	1524	5	0
NR_121703.1	1542	1	0
NR_121696.1	1458	1	0
NR_121691.1	1541	8	0
NR_121678.1	1558	1	0
NR_119366.1	1481	1	0
NR_119364.1	1496	1	0
NR_119363.1	1484	1	0
NR_119362.1	1495	5	0
NR_119361.1	1497	5	0
NR_119318.1	1438	1	0
NR_119297.1	1438	1	0
NR_119296.1	1410	5	0
NR_119276.1	1452	13	0
NR_119268.1	1461	1	0
NR_119256.1	1499	1	0
NR_119247.1	1450	1	0
NR_119214.1	1401	2	0
NR_119191.1	1482	1	0
NR_119186.1	1092	315	0
NR_119180.1	1488	1	0
NR_119131.1	1200	308	0
NR_119130.1	1475	299	0
NR_119108.1	1539	1	0
NR_119092.1	1460	1	0
NR_119079.1	1458	1	0
NR_119077.1	1456	1	0
NR_119062.1	1477	5	0
NR_119054.1	1488	1	0
NR_119004.1	1538	1	0
NR_118993.1	1505	1	0
NR_118992.1	1437	1	0
NR_118990.1	1433	1	0
NR_118989.1	1433	2	0
NR_118988.1	1437	2	0
NR_118985.1	1435	8	0
NR_118982.1	1443	2	0
NR_118981.1	1441	1	0
NR_118969.1	1435	2	0
NR_118939.1	1334	1	0
NR_118919.1	1452	2	0
NR_118914.1	1458	1	0
NR_118894.1	1452	1	0
NR_118878.1	1390	2	0
NR_118857.1	1457	1	0
NR_118854.1	1456	4	0
NR_118770.1	1443	3	0
NR_118758.1	1487	3	0
NR_118730.1	1478	1	0
NR_118725.1	1411	1	0
NR_118717.1	1474	12	0
NR_118702.1	1466	1	0
NR_118683.1	1470	2	0
NR_118681.1	1472	1	0
NR_118670.1	1481	1	0
NR_118669.1	1478	1	0
NR_118652.1	1462	1	0
NR_118638.1	1436	59	0
NR_118632.1	1541	1	0
NR_118613.1	1372	1	0
NR_118588.1	1459	1	0
NR_118569.1	1368	1	0
NR_118431.1	1493	1	0
NR_118424.1	1473	6	0
NR_118398.1	1309	1	0
NR_118384.1	1484	1	0
NR_118328.1	1422	24	0
NR_118325.1	1271	10	0
NR_118292.1	1530	1	0
NR_118288.1	1500	1	0
NR_118274.1	1475	4	0
NR_118273.1	1344	1	0
NR_118230.1	1410	1	0
NR_118228.1	1530	1	0
NR_118227.1	1530	1	0
NR_118224.1	1530	1	0
NR_118211.1	1414	1	0
NR_118196.1	1355	43	0
NR_118195.1	1355	31	0
NR_118194.1	1347	27	0
NR_118193.1	1347	40	0
NR_118192.1	1346	20	0
NR_118189.1	1354	1	0
NR_118188.1	1364	15	0
NR_118187.1	1355	1	0
NR_118186.1	1352	1	0
NR_118183.1	1354	6	0
NR_118182.1	1354	12	0
NR_118181.1	1358	12	0
NR_118176.1	1354	2	0
NR_118175.1	1356	1	0
NR_118174.1	1356	7	0
NR_118173.1	1357	12	0
NR_118172.1	1351	1	0
NR_118171.1	1351	1	0
NR_118170.1	1352	1	0
NR_118169.1	1351	2	0
NR_118166.1	1351	2	0
NR_118164.1	1353	1	0
NR_118163.1	1355	2	0
NR_118162.1	1358	1	0
NR_118161.1	1351	1	0
NR_118160.1	1353	1	0
NR_118153.1	1430	3	0
NR_118143.1	1364	2	0
NR_118122.1	1344	2	0
NR_118121.1	1344	1	0
NR_118093.1	1471	1	0
NR_118076.1	1124	1	0
NR_118071.1	1124	1	0
NR_118070.1	1124	1	0
NR_118068.1	1124	1	0
NR_118063.1	1124	2	0
NR_118061.1	1124	2	0
NR_118054.1	1124	1	0
NR_118052.1	1124	25	0
NR_118051.1	1124	2	0
NR_117945.1	1348	1	0
NR_117937.1	1417	1	0
NR_117895.1	1471	1	0
NR_117893.1	1471	1	0
NR_117887.1	1470	1	0
NR_117885.1	1472	1	0
NR_117877.1	1479	2	0
NR_117869.1	1412	2	0
NR_117828.1	1478	6	0
NR_117791.1	1347	3	0
NR_117753.1	1545	7	0
NR_117752.1	1427	2	0
NR_117750.1	1427	1	0
NR_117735.1	1436	59	0
NR_117718.1	1521	1	0
NR_117716.1	1480	1	0
NR_117714.1	1442	1	0
NR_117683.1	1530	1	0
NR_117682.1	1524	1	0
NR_117679.1	1529	1	0
NR_117676.1	1461	5	0
NR_117675.1	1525	2	0
NR_117648.1	1501	4	0
NR_117638.1	1514	1	0
NR_117601.1	1513	1	0
NR_117598.1	1528	1	0
NR_117593.1	1531	1	0
NR_117585.1	1500	1	0
NR_117556.1	1465	1	0
NR_117540.1	1351	4	0
NR_117526.1	1396	1	0
NR_117513.1	1356	1	0
NR_117497.1	1491	1	0
NR_117477.1	1428	1	0
NR_117457.1	1462	4	0
NR_117456.1	1480	5	0
NR_117429.1	1439	1	0
NR_117405.1	1506	2	0
NR_117379.1	1446	1	0
NR_117374.1	1442	1	0
NR_117341.1	1443	1	0
NR_117269.1	1527	28	0
NR_117258.1	1363	3	0
NR_117257.1	1336	2	0
NR_117193.1	1527	1	0
NR_117175.1	1506	2	0
NR_117168.1	1550	2	0
NR_117158.1	1519	1	0
NR_117156.1	1551	1	0
NR_117155.1	1518	1	0
NR_117077.1	1408	1	0
NR_117019.1	1510	4	0
NR_117000.1	1493	1	0
NR_116997.1	1453	1	0
NR_116931.1	1348	4	0
NR_116911.1	1429	2	0
NR_116843.1	1481	3	0
NR_116835.1	1382	3	0
NR_116821.1	1430	1	0
NR_116800.1	1502	23	0
NR_116799.1	1361	7	0
NR_116798.1	1505	1	0
NR_116797.1	1506	33	0
NR_116758.1	1387	1	0
NR_116755.1	1361	3	0
NR_116754.1	1387	4	0
NR_116753.1	1361	3	0
NR_116752.1	1362	20	0
NR_116751.1	1387	5	0
NR_116750.1	1387	9	0
NR_116749.1	1387	3	0
NR_116748.1	1376	17	0
NR_116706.1	1317	2	0
NR_116678.1	1553	2	0
NR_116585.1	1503	1	0
NR_116557.1	1453	1	0
NR_116540.1	1387	1	0
NR_116509.1	1378	1	0
NR_116478.1	1464	1	0
NR_116420.1	1466	1	0
NR_116379.1	1393	1	0
NR_116324.1	1441	3	0
NR_116305.1	1501	3	0
NR_116302.1	1348	1	0
NR_116283.1	1494	2	0
NR_116282.1	1492	1	0
NR_116255.1	1360	2	0
NR_116247.1	1344	3	0
NR_116246.1	1344	5	0
NR_116245.1	1344	14	0
NR_116244.1	1344	30	0
NR_116177.1	1411	184	0
NR_116176.1	1410	3	0
NR_116175.1	1410	3	0
NR_116153.1	1313	2	0
NR_116151.1	1313	3	0
NR_116148.1	1313	2	0
NR_116129.1	1440	3	0
NR_116128.1	1440	2	0
NR_116125.1	1438	1	0
NR_116115.1	1429	13	0
NR_116114.1	1443	2	0
NR_116113.1	1432	2	0
NR_116111.1	1422	3	0
NR_116110.1	1494	1	0
NR_116109.1	1494	1	0
NR_116051.1	1541	3	0
NR_116025.1	1415	100	0
NR_115955.1	1353	2	0
NR_115932.1	1251	6	0
NR_115924.1	1537	1	0
NR_115880.1	1485	1	0
NR_115873.1	1305	2	0
NR_115858.1	1171	2	0
NR_115827.1	1414	1	0
NR_115760.1	1416	1	0
NR_115723.1	1245	1	0
NR_115639.1	1475	1	0
NR_115630.1	1475	1	0
NR_115629.1	1469	2	0
NR_115615.1	1388	1	0
NR_115558.1	1438	1	0
NR_115550.1	1405	1	0
NR_115548.1	1411	23	0
NR_115547.1	1410	1	0
NR_115516.1	1472	7	0
NR_115485.1	1421	1	0
NR_115484.1	1319	2	0
NR_115482.1	1260	1	0
NR_115466.1	1464	11	0
NR_115304.1	1343	42	0
NR_115291.1	1336	2	0
NR_115290.1	1511	1	0
NR_115253.1	1475	1	0
NR_115215.1	1362	1	0
NR_115185.1	1461	1	0
NR_115181.1	1421	1	0
NR_115163.1	1383	1	0
NR_115124.1	1354	2	0
NR_115105.1	1468	1	0
NR_115076.1	1452	1	0
NR_115007.1	1460	1	0
NR_115005.1	1466	15	0
NR_114995.1	1459	26	0
NR_114989.1	1422	1	0
NR_114988.1	1426	1	0
NR_114987.1	1426	1	0
NR_114894.1	1426	1	0
NR_114864.1	1471	1	0
NR_114845.1	1442	1	0
NR_114842.1	1455	3	0
NR_114839.1	1405	1	0
NR_114812.1	1493	2	0
NR_114799.1	1500	1	0
NR_114735.1	1512	7	0
NR_114733.1	1430	2	0
NR_114729.1	1414	1	0
NR_114712.1	1446	1	0
NR_114711.1	1477	284	0
NR_114701.1	1444	8	0
NR_114693.1	1470	1	0
NR_114680.1	1451	2	0
NR_114679.1	1424	2	0
NR_114672.1	1411	2	0
NR_114629.1	1475	1	0
NR_114610.1	1042	1	0
NR_114599.1	1451	2	0
NR_114589.1	1437	2	0
NR_114564.1	1404	11	0
NR_114548.1	1471	1	0
NR_114539.1	1326	1	0
NR_114538.1	1509	1	0
NR_114523.1	1344	1	0
NR_114520.1	1480	3	0
NR_114519.1	1474	1	0
NR_114505.1	1271	1	0
NR_114472.1	1459	1	0
NR_114470.1	1418	3	0
NR_114468.1	1424	1	0
NR_114462.1	1513	1	0
NR_114430.1	1410	1	0
NR_114404.1	1480	2	0
NR_114340.1	1413	4	0
NR_114297.1	1412	1	0
NR_114292.1	1414	54	0
NR_114285.1	1414	3	0
NR_114263.1	1451	4	0
NR_114252.1	1407	1	0
NR_114250.1	1409	26	0
NR_114239.1	1414	14	0
NR_114235.1	1467	2	0
NR_114231.1	1470	1	0
NR_114218.1	1478	1	0
NR_114215.1	1462	2	0
NR_114197.1	1462	1	0
NR_114196.1	1461	2	0
NR_114195.1	1462	3	0
NR_114175.1	1462	1	0
NR_114164.1	1462	1	0
NR_114159.1	1466	1	0
NR_114158.1	1467	1	0
NR_114154.1	1465	2	0
NR_114153.1	1465	3	0
NR_114144.1	1414	55	0
NR_114139.1	1458	1	0
NR_114138.1	1414	1	0
NR_114124.1	1410	3	0
NR_114122.1	1410	2	0
NR_114121.1	1410	5	0
NR_114111.1	1466	13	0
NR_114108.1	1465	6	0
NR_114101.1	1467	2	0
NR_114080.1	1465	1	0
NR_114078.1	1469	3	0
NR_114067.1	1403	4	0
NR_114055.1	1407	1	0
NR_114041.1	1463	18	0
NR_114035.1	1411	8	0
NR_114000.1	1412	1	0
NR_113998.1	1482	1	0
NR_113975.1	1414	31	0
NR_113941.1	1412	5	0
NR_113920.1	1409	33	0
NR_113897.1	1414	1	0
NR_113895.1	1406	2	0
NR_113893.1	1410	3	0
NR_113891.1	1410	1	0
NR_113889.1	1410	6	0
NR_113878.1	1414	77	0
NR_113874.1	1410	2	0
NR_113867.1	1412	1	0
NR_113866.1	1449	1	0
NR_113859.1	1461	2	0
NR_113858.1	1418	1	0
NR_113850.1	1415	1	0
NR_113849.1	1414	116	0
NR_113847.1	1415	6	0
NR_113845.1	1414	55	0
NR_113840.1	1412	1	0
NR_113789.1	1478	1	0
NR_113778.1	1406	1	0
NR_113762.1	1412	4	0
NR_113760.1	1412	1	0
NR_113751.1	1461	2	0
NR_113741.1	1409	2	0
NR_113739.1	1406	17	0
NR_113738.1	1410	3	0
NR_113730.1	1412	1	0
NR_113729.1	1416	2	0
NR_113709.1	1458	1	0
NR_113707.1	1448	1	0
NR_113703.1	1467	1	0
NR_113702.1	1465	1	0
NR_113701.1	1465	1	0
NR_113673.1	1413	1	0
NR_113671.1	1406	2	0
NR_113670.1	1410	1	0
NR_113665.1	1410	1	0
NR_113664.1	1409	15	0
NR_113655.1	1406	1	0
NR_113651.1	1462	3	0
NR_113634.1	1414	52	0
NR_113633.1	1409	2	0
NR_113630.1	1413	3	0
NR_113629.1	1458	2	0
NR_113617.1	1462	1	0
NR_113616.1	1468	1	0
NR_113615.1	1465	1	0
NR_113612.1	1410	1	0
NR_113610.1	1478	1	0
NR_113607.1	1406	2	0
NR_113606.1	1462	1	0
NR_113601.1	1462	1	0
NR_113596.1	1467	1	0
NR_113590.1	1416	8	0
NR_113583.1	1462	1	0
NR_113565.1	1489	1	0
NR_113556.1	1412	1	0
NR_113555.1	1412	2	0
NR_113554.1	1406	1	0
NR_113552.1	1412	1	0
NR_113551.1	1412	3	0
NR_113549.1	1410	1	0
NR_113546.1	1412	2	0
NR_113545.1	1406	1	0
NR_113407.1	1469	1	0
NR_113406.1	1413	11	0
NR_113405.1	1512	1	0
NR_113400.1	1411	1	0
NR_113398.1	1411	1	0
NR_113396.1	1411	1	0
NR_113394.1	1411	1	0
NR_113386.1	1477	2	0
NR_113385.1	1347	19	0
NR_113383.1	1483	1	0
NR_113352.1	1460	1	0
NR_113340.1	1464	1	0
NR_113321.1	1468	1	0
NR_113273.1	1469	1	0
NR_113267.1	1411	1	0
NR_113236.1	1464	1	0
NR_113197.1	1494	1	0
NR_113169.1	1444	1	0
NR_113155.1	1486	1	0
NR_113106.1	1494	1	0
NR_113082.1	1451	1	0
NR_113028.1	1486	6	0
NR_113027.1	1470	1	0
NR_113025.1	1456	1	0
NR_113024.1	1456	1	0
NR_113019.1	1447	3	0
NR_112986.1	1434	1	0
NR_112965.1	1486	3	0
NR_112962.1	1454	1	0
NR_112959.1	1437	8	0
NR_112958.1	1437	2	0
NR_112957.1	1495	1	0
NR_112956.1	1478	2	0
NR_112954.1	1471	1	0
NR_112953.1	1414	62	0
NR_112952.1	1409	110	0
NR_112951.1	1376	1	0
NR_112930.1	1414	1	0
NR_112927.1	1414	1	0
NR_112925.1	1464	1	0
NR_112912.1	1484	2	0
NR_112784.1	1407	1	0
NR_112750.1	1477	3	0
NR_112736.1	1473	1	0
NR_112730.1	1449	1	0
NR_112701.1	1470	1	0
NR_112697.1	1477	1	0
NR_112671.1	1413	4	0
NR_112664.1	1442	1	0
NR_112556.1	1110	1	0
NR_112555.1	1110	2	0
NR_112554.1	1110	1	0
NR_112539.1	1446	1	0
NR_112450.1	1478	1	0
NR_112410.1	1480	1	0
NR_112322.1	1472	1	0
NR_112240.1	1409	36	0
NR_112239.1	1409	36	0
NR_112235.1	1433	5	0
NR_112232.1	1433	1	0
NR_112228.1	1386	1	0
NR_112220.1	1433	1	0
NR_112209.1	1409	28	0
NR_112208.1	1425	1	0
NR_112190.1	1480	1	0
NR_112179.1	1148	7	0
NR_112175.1	1145	22	0
NR_112156.1	1390	23	0
NR_112140.1	1439	1	0
NR_112123.1	1361	35	0
NR_112110.1	1432	3	0
NR_112108.1	1443	11	0
NR_112101.1	1476	1	0
NR_112099.1	1472	1	0
NR_112096.1	1451	2	0
NR_112062.1	1507	2	0
NR_112032.1	1283	1	0
NR_112014.1	1487	1	0
NR_112009.1	1449	1	0
NR_112007.1	1438	3	0
NR_112005.1	1449	4	0
NR_109391.1	1651	1	0
NR_044641.2	1513	1	0
NR_044712.2	1475	2	0
NR_044731.2	1487	1	0
NR_044733.2	1467	1	0
NR_024962.2	1510	1	0
NR_109703.1	1379	1	0
NR_109700.1	1379	2	0
NR_109693.1	1379	1	0
NR_109690.1	1495	1	0
NR_109681.1	1464	3	0
NR_109678.1	1426	1	0
NR_109674.1	1429	24	0
NR_109667.1	1429	1	0
NR_109658.1	1372	1	0
NR_109656.1	1502	1	0
NR_109655.1	1455	1	0
NR_109649.1	1417	1	0
NR_109643.1	1451	4	0
NR_109616.1	1468	4	0
NR_109614.1	1531	1	0
NR_109603.1	1393	1	0
NR_109598.1	1502	1	0
NR_109586.1	1484	12	0
NR_109582.1	1461	1	0
NR_109565.1	1308	1	0
NR_109550.1	1368	2	0
NR_109539.1	1307	5	0
NR_109517.1	1483	10	0
NR_109505.1	1524	1	0
NR_109490.1	1407	5	0
NR_109470.1	1459	1	0
NR_109460.1	1435	1	0
NR_109453.1	1408	1	0
NR_109431.1	1468	1	0
NR_109422.1	1473	1	0
NR_109327.1	1471	1	0
NR_109325.1	1454	1	0
NR_109297.1	1473	1	0
NR_109179.1	1449	1	0
NR_109178.1	1347	1	0
NR_109167.1	1426	1	0
NR_109148.1	1435	1	0
NR_109101.1	1457	1	0
NR_109088.1	1474	2	0
NR_109075.1	1528	1	0
NR_109071.1	1383	1	0
NR_109064.1	1448	2	0
NR_108991.1	1405	7	0
NR_108988.1	1449	1	0
NR_108899.1	1500	2	0
NR_108886.1	1416	1	0
NR_108878.1	1510	1	0
NR_108869.1	1443	2	0
NR_108709.1	1406	7	0
NR_108634.1	1488	1	0
NR_108624.1	1449	1	0
NR_108621.1	1468	1	0
NR_108615.1	1469	2	0
NR_108595.1	1424	19	0
NR_108559.1	1430	1	0
NR_108542.1	1400	2	0
NR_108541.1	1400	1	0
NR_108532.1	1437	2	0
NR_108522.1	1351	1	0
NR_108515.1	1441	2	0
NR_108508.1	1385	11	0
NR_108497.1	1460	1	0
NR_108474.1	1427	1	0
NR_108467.1	1423	3	0
NR_108466.1	1424	2	0
NR_108393.1	1431	2	0
NR_108377.1	1500	3	0
NR_108323.1	1477	1	0
NR_108322.1	1428	1	0
NR_108221.1	1455	2	0
NR_108220.1	1375	4	0
NR_108192.1	1489	27	0
NR_108187.1	1405	5	0
NR_108183.1	1456	2	0
NR_108179.1	1437	12	0
NR_108146.1	1419	1	0
NR_108145.1	1429	20	0
NR_108142.1	1449	2	0
NR_108141.1	1449	1	0
NR_108135.1	1481	1	0
NR_108116.1	1475	3	0
NR_108115.1	1423	1	0
NR_104989.1	1466	2	0
NR_104981.1	1413	2	0
NR_104977.1	1491	1	0
NR_104962.1	1432	4	0
NR_104960.1	1483	34	0
NR_104959.1	1437	2	0
NR_104943.1	1440	8	0
NR_104940.1	1478	14	0
NR_104939.1	1532	1	0
NR_104932.1	1529	1	0
NR_104929.1	1533	1	0
NR_104928.1	1524	4	0
NR_104923.1	1476	3	0
NR_104908.1	1447	3	0
NR_104902.1	1461	4	0
NR_104877.1	1489	1	0
NR_104869.1	1541	1	0
NR_104864.1	1527	1	0
NR_104860.1	1500	1	0
NR_104840.1	1398	6	0
NR_104838.1	1460	2	0
NR_104822.1	1491	8	0
NR_104796.1	1500	1	0
NR_104765.1	1512	1	0
NR_104760.1	1532	8	0
NR_104754.1	1476	2	0
NR_104752.1	1516	4	0
NR_104742.1	1469	1	0
NR_104724.1	1461	9	0
NR_104719.1	1410	1	0
NR_104698.1	1468	10	0
NR_104680.1	1409	67	0
NR_104574.1	1506	1	0
NR_104569.1	1494	5	0
NR_104565.1	1426	5	0
NR_104563.1	1469	1	0
NR_104544.1	1441	2	0
NR_104542.1	1404	2	0
NR_104541.1	1461	2	0
NR_104540.1	1407	1	0
NR_104538.1	1401	1	0
NR_104525.1	1461	6	0
NR_104511.1	1493	1	0
NR_104499.1	1446	1	0
NR_044713.2	1478	35	0
NR_044648.2	1485	2	0
NR_044645.2	1479	1	0
NR_044644.2	1469	1	0
NR_104207.1	1473	2	0
NR_102954.1	1519	2	0
NR_102866.1	1509	1	0
NR_102802.1	1543	1	0
NR_102469.1	1488	1	0
NR_102468.1	1481	1	0
NR_102465.1	1480	3	0
NR_102464.1	1480	22	0
NR_102443.1	1474	2	0
NR_102439.1	1507	339	0
NR_074191.1	1470	1	0
NR_074189.1	1469	1	0
NR_074186.1	1469	1	0
NR_074118.1	1437	1	0
NR_074107.1	1537	1	0
NR_074106.1	1493	4	0
NR_074312.2	1529	2	0
NR_037065.2	1475	1	0
NR_075050.1	1577	3	0
NR_075022.1	1563	1	0
NR_075021.1	1562	2	0
NR_074936.1	1547	1	0
NR_074927.1	1545	2	0
NR_074917.1	1544	3	0
NR_074915.1	1544	4	0
NR_074908.1	1544	24	0
NR_074907.1	1543	3	0
NR_074902.1	1542	3	0
NR_074888.1	1542	2	0
NR_074886.1	1541	1	0
NR_074885.1	1541	1	0
NR_074830.1	1536	23	0
NR_074823.1	1535	5	0
NR_074809.1	1535	1	0
NR_074782.1	1533	4	0
NR_074741.1	1530	1	0
NR_074723.1	1528	2	0
NR_074095.1	1516	1	0
NR_074670.1	1524	304	0
NR_074664.1	1524	1	0
NR_074663.1	1524	1	0
NR_074653.1	1523	2	0
NR_074624.1	1520	1	0
NR_074603.1	1518	1	0
NR_074558.1	1513	1	0
NR_074540.1	1512	1	0
NR_074534.1	1512	320	0
NR_074521.1	1510	277	0
NR_074501.1	1509	2	0
NR_074466.1	1508	1	0
NR_074443.1	1506	1	0
NR_074436.1	1505	7	0
NR_074390.1	1498	6	0
NR_074379.1	1497	4	0
NR_074347.1	1493	5	0
NR_074338.1	1493	141	0
NR_074317.1	1489	1	0
NR_074314.1	1489	102	0
NR_074297.1	1488	305	0
NR_074295.1	1488	1	0
NR_074292.1	1486	7	0
NR_074291.1	1486	2	0
NR_074286.1	1485	2	0
NR_074284.1	1485	6	0
NR_074282.1	1485	6	0
NR_074269.1	1480	1	0
NR_074266.1	1480	8	0
NR_074261.1	1479	24	0
NR_074244.1	1476	6	0
NR_074240.1	1476	2	0
NR_074226.1	1474	2	0
NR_074208.1	1472	2	0
NR_074203.1	1472	35	0
NR_044982.2	1469	1	0
NR_044977.1	1495	1	0
NR_044946.1	1408	1	0
NR_044944.1	1506	1	0
NR_044873.1	1467	1	0
NR_044838.1	1454	19	0
NR_044822.1	1255	1	0
NR_044800.1	1456	7	0
NR_044799.1	1502	1	0
NR_044748.1	1415	18	0
NR_044744.1	1425	1	0
NR_044743.1	1471	33	0
NR_044742.1	1425	5	0
NR_044679.1	1478	2	0
NR_044646.1	1469	20	0
NR_044608.1	1328	1	0
NR_044591.1	1547	3	0
NR_044554.1	1450	1	0
NR_044547.1	1451	2	0
NR_044487.1	1402	1	0
NR_044414.1	1342	116	0
NR_044378.1	1313	4	0
NR_044273.1	1502	1	0
NR_044241.1	1491	1	0
NR_044195.1	1378	5	0
NR_044191.1	1421	2	0
NR_044172.1	1505	1	0
NR_044123.1	1487	1	0
NR_044118.1	1365	1	0
NR_044101.1	1400	3	0
NR_044060.1	1417	1	0
NR_044058.1	1417	1	0
NR_044053.1	1363	10	0
NR_044052.1	1353	2	0
NR_044036.1	1437	2	0
NR_044016.1	1508	1	0
NR_043990.1	1411	1	0
NR_043980.1	1351	3	0
NR_043898.1	1425	2	0
NR_043776.1	1422	1	0
NR_043742.1	1467	1	0
NR_043663.1	1500	10	0
NR_043662.1	1500	12	0
NR_043636.1	1516	1	0
NR_043539.1	1497	3	0
NR_043515.1	1386	9	0
NR_043508.1	1542	1	0
NR_043430.1	1474	3	0
NR_043423.1	1526	17	0
NR_043419.1	1530	1	0
NR_043399.1	1480	1	0
NR_043395.1	1371	1	0
NR_043388.1	1438	3	0
NR_043386.1	1424	1	0
NR_043384.1	1515	294	0
NR_043248.1	1502	1	0
NR_043238.1	1482	1	0
NR_043211.1	1484	1	0
NR_043192.1	1401	11	0
NR_043191.1	1401	6	0
NR_043190.1	1401	8	0
NR_043189.1	1401	4	0
NR_043152.1	1491	1	0
NR_043134.1	1386	1	0
NR_043007.1	1477	4	0
NR_042938.1	1365	3	0
NR_042933.1	1424	3	0
NR_042923.1	1483	1	0
NR_042904.1	1437	1	0
NR_042898.1	1476	1	0
NR_042878.1	1362	2	0
NR_042851.1	1421	7	0
NR_042813.1	1461	2	0
NR_042792.1	1512	2	0
NR_042716.1	1456	1	0
NR_042711.1	1492	2	0
NR_042706.1	1430	6	0
NR_042705.1	1400	7	0
NR_042695.1	1531	1	0
NR_042690.1	1369	2	0
NR_042687.1	1381	3	0
NR_042668.1	1431	1	0
NR_042662.1	1425	309	0
NR_042646.1	1450	8	0
NR_042640.1	1460	1	0
NR_042621.1	1487	1	0
NR_042617.1	1382	1	0
NR_042613.1	1371	6	0
NR_042593.1	1484	3	0
NR_042567.1	1352	1	0
NR_042534.1	1415	1	0
NR_042531.1	1425	1	0
NR_042501.1	1387	1	0
NR_042493.1	1410	1	0
NR_042485.1	1488	1	0
NR_042483.1	1426	1	0
NR_042482.1	1426	2	0
NR_042466.1	1446	308	0
NR_042465.1	1426	289	0
NR_042459.1	1450	1	0
NR_042432.1	1345	1	0
NR_042422.1	1502	1	0
NR_042418.1	1512	3	0
NR_042414.1	1508	1	0
NR_042413.1	1497	3	0
NR_042396.1	1438	7	0
NR_042372.1	1451	3	0
NR_042371.1	1453	2	0
NR_042369.1	1459	1	0
NR_042364.1	1444	1	0
NR_042343.1	1505	1	0
NR_042334.1	1478	1	0
NR_042288.1	1519	1	0
NR_042253.1	1424	5	0
NR_042197.1	1474	3	0
NR_042193.1	1408	1	0
NR_042192.1	1407	4	0
NR_042191.1	1459	20	0
NR_042182.1	1429	1	0
NR_042180.1	1431	1	0
NR_042179.1	1432	2	0
NR_042177.1	1481	1	0
NR_042171.1	1422	1	0
NR_042116.1	1447	1	0
NR_042112.1	1440	1	0
NR_042074.1	1296	1	0
NR_042042.1	1512	1	0
NR_042039.1	1488	1	0
NR_042014.1	1509	1	0
NR_042003.1	1511	1	0
NR_042002.1	1510	1	0
NR_042001.1	1512	1	0
NR_042000.1	1510	1	0
NR_041999.1	1515	2	0
NR_041997.1	1377	1	0
NR_041993.1	1440	1	0
NR_041978.1	1473	7	0
NR_041974.1	1504	1	0
NR_041970.1	1497	8	0
NR_041964.1	1435	1	0
NR_041948.1	1463	1	0
NR_041945.1	1509	1	0
NR_041935.1	1409	1	0
NR_041921.1	1413	1	0
NR_041874.1	1492	1	0
NR_041868.1	1493	1	0
NR_041851.1	1523	2	0
NR_041805.1	1494	1	0
NR_041786.1	1509	2	0
NR_041783.1	1533	4	0
NR_041773.1	1471	2	0
NR_041750.1	1436	10	0
NR_041749.1	1436	2	0
NR_041736.1	1512	1	0
NR_041734.1	1502	1	0
NR_041720.1	1494	1	0
NR_041678.1	1505	1	0
NR_041637.1	1466	1	0
NR_041599.1	1453	1	0
NR_041564.1	1411	55	0
NR_041554.1	1443	2	0
NR_041466.1	1476	1	0
NR_041445.1	1406	53	0
NR_041403.1	1484	7	0
NR_041396.1	1457	12	0
NR_041346.1	1424	2	0
NR_041341.1	1458	5	0
NR_041239.1	1415	3	0
NR_041204.1	1470	1	0
NR_041187.1	1472	1	0
NR_041172.1	1465	1	0
NR_041111.1	1460	3	0
NR_041048.1	1409	26	0
NR_041047.1	1409	57	0
NR_041027.1	1433	1	0
NR_041026.1	1433	1	0
NR_041012.1	1452	2	0
NR_040937.1	1463	1	0
NR_040936.1	1482	4	0
NR_040930.1	1399	2	0
NR_040927.1	1449	1	0
NR_040920.1	1474	1	0
NR_040900.1	1475	1	0
NR_040872.1	1473	1	0
NR_040863.1	1459	5	0
NR_040862.1	1444	2	0
NR_040847.1	1486	5	0
NR_040837.1	1497	1	0
NR_040832.1	1443	1	0
NR_040830.1	1388	1	0
NR_040825.1	1476	2	0
NR_040824.1	1477	2	0
NR_044600.1	1442	27	0
NR_044290.1	1406	1	0
NR_044208.1	1359	1	0
NR_044203.1	1425	2	0
NR_044077.1	1445	2	0
NR_044063.1	1342	12	0
NR_043975.1	1364	2	0
NR_043944.1	1491	3	0
NR_043737.1	1413	1	0
NR_043716.1	1482	1	0
NR_043652.1	1447	1	0
NR_043548.1	1356	1	0
NR_043385.1	1541	3	0
NR_043209.1	1463	2	0
NR_041927.1	1468	2	0
NR_041900.1	1470	1	0
NR_041827.1	1477	2	0
NR_041821.1	1464	2	0
NR_041816.1	1517	3	0
NR_037134.1	1527	1	0
NR_037120.1	1465	4	0
NR_037119.1	1451	2	0
NR_037111.1	1502	2	0
NR_037087.1	1490	1	0
NR_037056.1	1466	2	0
NR_037023.1	1474	1	0
NR_037016.1	1481	25	0
NR_037010.1	1491	4	0
NR_036992.1	1460	1	0
NR_036969.1	1504	1	0
NR_036959.1	1475	1	0
NR_036957.1	1437	1	0
NR_036935.1	1488	6	0
NR_036928.1	1431	1	0
NR_036916.1	1474	1	0
NR_036915.1	1490	1	0
NR_036908.1	1527	1	0
NR_036904.1	1475	1	0
NR_036881.1	1443	2	0
NR_036874.1	1487	1	0
NR_036846.1	1601	1	0
NR_036837.1	1419	1	0
NR_036836.1	1439	1	0
NR_036834.1	1548	1	0
NR_036825.1	1519	3	0
NR_036794.1	1534	1	0
NR_036787.1	1481	4	0
NR_036780.1	1480	4	0
NR_036779.1	1448	3	0
NR_029366.1	1423	2	0
NR_029357.1	1470	1	0
NR_029333.1	1450	1	0
NR_029330.1	1362	1	0
NR_029324.1	1505	1	0
NR_029309.1	1544	1	0
NR_029298.1	1396	1	0
NR_029295.1	1548	1	0
NR_029287.1	1519	4	0
NR_029236.1	1525	1	0
NR_029223.1	1439	1	0
NR_029220.1	1457	1	0
NR_029218.1	1458	2	0
NR_029205.1	1521	2	0
NR_029196.1	1545	1	0
NR_029195.1	1370	11	0
NR_029189.1	1410	1	0
NR_029183.1	1499	1	0
NR_029167.1	1446	1	0
NR_029164.1	1475	2	0
NR_029162.1	1498	1	0
NR_029150.1	1534	1	0
NR_029149.1	1479	1	0
NR_029134.1	1460	1	0
NR_029128.1	1408	3	0
NR_029126.1	1413	2	0
NR_029125.1	1407	2	0
NR_029069.1	1532	1	0
NR_029060.1	1430	1	0
NR_029046.1	1418	8	0
NR_029001.1	1525	1	0
NR_028993.1	1451	1	0
NR_028984.1	1485	2	0
NR_028982.1	1494	1	0
NR_028962.1	1485	2	0
NR_028959.1	1370	5	0
NR_028943.1	1413	1	0
NR_028931.1	1479	1	0
NR_028912.1	1511	1	0
NR_028909.1	1484	16	0
NR_028907.1	1469	1	0
NR_028897.1	1519	23	0
NR_028893.1	1507	1	0
NR_028881.1	1521	1	0
NR_028876.1	1467	3	0
NR_028857.1	1482	1	0
NR_028803.1	1459	3	0
NR_028802.1	1453	4	0
NR_028768.1	1426	6	0
NR_028767.1	1447	2	0
NR_028727.1	1463	1	0
NR_028721.1	1517	3	0
NR_028714.1	1515	1	0
NR_028710.1	1460	4	0
NR_028700.1	1497	2	0
NR_028688.1	1530	1	0
NR_028687.1	1530	1	0
NR_028683.1	1468	5	0
NR_028626.1	1439	1	0
NR_028625.1	1401	1	0
NR_028622.1	1441	1	0
NR_028615.1	1335	2	0
NR_028009.1	1475	5	0
NR_027221.1	1495	1	0
NR_027216.1	1484	1	0
NR_025251.1	1437	1	0
NR_025612.1	1468	1	0
NR_025605.1	1421	1	0
NR_025592.1	1432	2	0
NR_025582.1	1447	3	0
NR_025578.1	1497	1	0
NR_025571.1	1474	1	0
NR_025570.1	1489	4	0
NR_025544.1	1407	2	0
NR_025543.1	1460	4	0
NR_025540.1	1482	4	0
NR_025526.1	1493	1	0
NR_025512.1	1442	2	0
NR_025503.1	1471	1	0
NR_025497.1	1464	2	0
NR_025487.1	1362	1	0
NR_025483.1	1356	1	0
NR_025482.1	1483	1	0
NR_025478.1	1435	1	0
NR_025466.1	1482	2	0
NR_025464.1	1484	1	0
NR_025460.1	1476	1	0
NR_025441.1	1500	1	0
NR_025411.1	1466	1	0
NR_025409.1	1486	1	0
NR_025384.1	1512	1	0
NR_025374.1	1440	1	0
NR_025369.1	1496	5	0
NR_025367.1	1512	15	0
NR_025363.1	1446	2	0
NR_025354.1	1303	1	0
NR_025352.1	1492	1	0
NR_025338.1	1516	4	0
NR_025335.1	1485	1	0
NR_025334.1	1490	1	0
NR_025331.1	1498	1	0
NR_025328.1	1505	1	0
NR_025327.1	1504	299	0
NR_025320.1	1439	1	0
NR_025315.1	1391	1	0
NR_025312.1	1409	7	0
NR_025302.1	1466	3	0
NR_025296.1	1517	1	0
NR_025272.1	1440	6	0
NR_025247.1	1507	6	0
NR_025236.1	1451	1	0
NR_025233.1	1449	1	0
NR_025217.1	1455	58	0
NR_025214.1	1522	1	0
NR_025198.1	1539	1	0
NR_025173.1	1384	1	0
NR_025157.1	1412	1	0
NR_025156.1	1526	1	0
NR_025151.1	1523	1	0
NR_025120.1	1443	4	0
NR_025053.1	1483	1	0
NR_025051.1	1401	4	0
NR_025046.1	1492	1	0
NR_025038.1	1484	1	0
NR_025037.1	1529	1	0
NR_025013.1	1408	1	0
NR_025012.1	1462	1	0
NR_025006.1	1501	2	0
NR_024998.1	1441	1	0
NR_024925.1	1453	3	0
NR_024919.1	1481	1	0
NR_024903.1	1409	1	0
NR_024884.1	1506	3	0
NR_024883.1	1414	10	0
NR_024879.1	1473	1	0
NR_024858.1	1547	1	0
NR_024848.1	1494	1	0
NR_024843.1	1331	1	0
NR_024840.1	1468	1	0
NR_024810.1	1411	53	0
NR_024782.1	1521	1	0
NR_024781.1	1508	1	0
NR_024773.1	1415	7	0
NR_024738.1	1411	51	0
NR_024685.1	1306	2	0
NR_024680.1	1494	1	0
NR_024665.1	1492	2	0
NR_024662.1	1498	1	0
NR_024657.1	1456	1	0
NR_024650.1	1468	1	0
NR_024646.1	1466	16	0
NR_024644.1	1442	2	0
NR_026537.1	1468	1	0
NR_026534.1	1465	1	0
NR_026519.1	1437	1	0
NR_026512.1	1408	2	0
NR_026484.1	1464	1	0
NR_026480.1	1479	1	0
NR_026463.1	1433	3	0
NR_026443.1	1423	4	0
NR_026440.1	1436	1	0
NR_026429.1	1438	1	0
NR_026412.1	1479	1	0
NR_026374.1	1442	2	0
NR_026353.1	1412	4	0
NR_026343.1	1445	1	0
NR_026337.1	1454	1	0
NR_026332.1	1487	1	0
NR_026235.1	1486	1	0
NR_026224.1	1476	98	0
NR_026198.1	1482	1	0
NR_026185.1	1481	1	0
NR_026132.1	1483	10	0
NR_026130.1	1530	1	0
NR_026118.1	1476	82	0
NR_026059.1	1477	1	0
NR_026049.1	1456	4	0
NR_026048.1	1456	1	0
NR_026045.1	1455	8	0
NR_026030.1	1466	2	0
NR_026024.1	1469	1	0
NR_026021.1	1468	1	0
NR_026015.1	1504	1	0
NR_025983.1	1519	13	0
NR_025982.1	1472	1	0
NR_025967.1	1491	1	0
NR_025937.1	1481	1	0
NR_025932.1	1512	1	0
NR_025889.1	1466	2	0
NR_025884.1	1475	1	0
NR_025881.1	1527	1	0
NR_025861.1	1368	15	0
NR_025854.1	1413	3	0
NR_025850.1	1413	2	0
NR_025849.1	1406	2	0
NR_025844.1	1436	1	0
NR_025777.1	1380	1	0
NR_025771.1	1480	1	0
NR_025764.1	1482	8	0
NR_025763.1	1482	10	0
NR_025706.1	1515	1	0
NR_025695.1	1506	5	0
NR_025688.1	1471	1	0
NR_025687.1	1489	1	0
NR_025658.1	1429	1	0
NR_025635.1	1412	1	0
NR_025631.1	1406	2	0
NR_029226.2	1501	3	0
NR_134152.1	1422	3	0
NR_028903.2	1510	5	0
NR_042178.1	1411	1	0
NR_042123.1	1419	1	0
NR_042118.1	1500	4	0
NR_042056.1	1440	1	0
NR_041980.1	1505	1	0
NR_041765.1	1509	3	0
NR_041640.1	1540	2	0
NR_041601.1	1414	32	0
NR_041591.1	1489	3	0
NR_041547.1	1450	29	0
NR_041496.1	1457	1	0
NR_041484.1	1492	1	0
NR_041441.1	1439	1	0
NR_041336.1	1409	2	0
NR_041254.1	1528	3	0
NR_041236.1	1438	2	0
NR_041050.1	1409	53	0
NR_041049.1	1409	29	0
NR_040998.1	1441	39	0
NR_040948.1	1483	1	0
NR_040947.1	1535	1	0
NR_040906.1	1475	1	0
NR_040846.1	1512	1	0
NR_041881.1	1518	1	0
NR_037066.1	1515	2	0
NR_037008.1	1561	1	0
NR_036927.1	1516	1	0
NR_036891.1	1501	1	0
NR_036842.1	1439	1	0
NR_036773.1	1415	1	0
NR_029235.1	1540	2	0
NR_029225.1	1528	310	0
NR_029200.1	1401	1	0
NR_029153.1	1432	3	0
NR_029067.1	1442	41	0
NR_028979.1	1470	24	0
NR_028923.1	1415	2	0
NR_028892.1	1470	306	0
NR_028891.1	1447	312	0
NR_028830.1	1523	2	0
NR_028814.1	1552	2	0
NR_028792.1	1452	1	0
NR_028758.1	1510	1	0
NR_028733.1	1465	1	0
NR_028652.1	1499	1	0
NR_028639.1	1493	1	0
NR_028600.1	1474	2	0
NR_027604.1	1468	1	0
NR_027601.1	1482	1	0
NR_027591.1	1485	5	0
NR_027587.1	1488	1	0
NR_027584.1	1465	1	0
NR_027561.1	1409	1	0
NR_027557.1	1482	1	0
NR_027547.1	1549	4	0
NR_027541.1	1443	1	0
NR_027540.1	1484	3	0
NR_027229.1	1490	1	0
NR_025510.1	1502	1	0
NR_025410.1	1446	2	0
NR_025270.1	1446	1	0
NR_025243.1	1403	1	0
NR_025144.1	1465	1	0
NR_025121.1	1405	1	0
NR_024996.1	1436	1	0
NR_024934.1	1487	1	0
NR_024932.1	1415	5	0
NR_024820.1	1270	16	0
NR_024795.1	1484	17	0
NR_024777.1	1506	3	0
NR_024762.1	1485	1	0
NR_024733.1	1485	1	0
NR_024728.1	1411	118	0
NR_024727.1	1472	34	0
NR_024706.1	1522	2	0
NR_024641.1	1450	1	0
NR_026513.1	1482	5	0
NR_026389.1	1502	1	0
NR_025899.1	1519	1	0
NR_025860.1	1459	1	0
NR_025758.1	1531	2	0
NR_025703.1	1378	29	0
NR_043924.1	1385	2	0
NR_036961.1	1466	2	0
NR_036878.1	1535	1	0
NR_036764.1	1524	2	0
NR_043237.1	1482	2	0
NR_042914.1	1483	1	0
NR_036912.1	1455	2	0
