NG_088149.1	1402	13	0
NG_088148.1	1379	13	0
NG_088147.1	1387	11	0
NG_088146.1	1391	42	0
NG_088141.1	1334	6	0
NG_079683.1	1329	66	0
NG_088361.1	871	1	0
NG_088360.1	859	254	0
NG_088358.1	881	3	0
NG_088356.1	958	1	0
NG_088355.1	941	1	0
NG_088352.1	1372	48	0
NG_088348.1	1048	1	0
NG_088333.1	859	2	0
NG_088329.1	909	1	0
NG_088325.1	916	1	0
NG_088322.1	824	2	0
NG_088318.1	1333	4	0
NG_088317.1	1342	279	0
NG_088316.1	1344	76	0
NG_088315.1	1344	136	0
NG_088314.1	888	1	0
NG_088313.1	879	1	0
NG_088311.1	1350	1652	0
NG_088310.1	1360	29	0
NG_088309.1	1348	19	0
NG_088307.1	1379	189	0
NG_088306.1	1388	4	0
NG_088305.1	1378	10	0
NG_088304.1	1384	11	0
NG_088301.1	913	1	0
NG_088298.1	1345	77	0
NG_088294.1	810	1409	0
NG_088292.1	893	4	0
NG_088291.1	862	6	0
NG_088285.1	1339	5	0
NG_088282.1	868	1338	0
NG_088281.1	912	5	0
NG_088280.1	1049	1	0
NG_088269.1	1379	2	0
NG_088268.1	1398	2	0
NG_088267.1	624	2	0
NG_088262.1	1379	24	0
NG_088261.1	1338	18	0
NG_088260.1	1400	18	0
NG_088259.1	1372	11	0
NG_088258.1	1348	16	0
NG_088257.1	1355	21	0
NG_088256.1	1353	16	0
NG_088255.1	1352	7	0
NG_088253.1	1385	61	0
NG_088246.1	1402	2	0
NG_088239.1	1350	72	0
NG_088237.1	1337	9	0
NG_088236.1	1283	8	0
NG_088235.1	1344	15	0
NG_088234.1	1389	14	0
NG_088232.1	929	314	0
NG_088231.1	892	1	0
NG_088230.1	1391	314	0
NG_088229.1	1390	165	0
NG_088228.1	1352	15	0
NG_088227.1	1354	12	0
NG_088221.1	668	1	0
NG_088217.1	1339	12	0
NG_088215.1	1384	130	0
NG_088214.1	1389	36	0
NG_088213.1	1390	46	0
NG_088211.1	867	2	0
NG_088210.1	888	3	0
NG_088209.1	1368	43	0
NG_088203.1	1275	36	0
NG_088202.1	1336	192	0
NG_088198.1	1392	61	0
NG_088197.1	1334	16	0
NG_088196.1	1334	6	0
NG_088195.1	1345	7	0
NG_088187.1	655	1	0
NG_088186.1	1353	17	0
NG_088185.1	970	1934	0
NG_088184.1	968	1	0
NG_088179.1	1344	58	0
NG_088178.1	881	1	0
NG_088175.1	1311	1	0
NG_088174.1	621	10	0
NG_088172.1	846	1	0
NG_088170.1	806	1	0
NG_088160.1	752	1	0
NG_088159.1	1393	19	0
NG_088158.1	869	107	0
NG_088157.1	1310	3	0
NG_088156.1	1246	3	0
NG_088152.1	945	53	0
NG_088150.1	925	3	0
NG_088144.1	1338	1	0
NG_088142.1	1390	17	0
NG_088140.1	1355	61	0
NG_088138.1	860	1	0
NG_088129.1	847	2	0
NG_088127.1	842	1	0
NG_088125.1	837	25	0
NG_088124.1	847	600	0
NG_088122.1	1310	70	0
NG_088121.1	908	2	0
NG_088120.1	1065	7	0
NG_088118.1	614	2	0
NG_088116.1	784	1	0
NG_088114.1	1339	1	0
NG_088110.1	868	62	0
NG_088109.1	1340	1	0
NG_088108.1	1355	171	0
NG_088106.1	946	9	0
NG_088104.1	1206	8	0
NG_088103.1	1354	55	0
NG_088095.1	1265	3	0
NG_088087.1	865	1	0
NG_088085.1	917	1	0
NG_088084.1	843	582	0
NG_088083.1	1297	141	0
NG_088082.1	1359	21	0
NG_088071.1	906	1	0
NG_088069.1	867	6	0
NG_088067.1	1399	25	0
NG_088066.1	1395	23	0
NG_088065.1	1399	12	0
NG_088062.1	1347	3	0
NG_088061.1	1344	57	0
NG_088060.1	1334	78	0
NG_088050.1	812	1	0
NG_088042.1	1299	27	0
NG_088041.1	1291	18	0
NG_088040.1	1291	18	0
NG_088039.1	1288	10	0
NG_088038.1	836	1	0
NG_088037.1	828	8642	0
NG_088035.1	874	3	0
NG_088034.1	872	718	0
NG_088032.1	869	1	0
NG_088027.1	1315	2	0
NG_088025.1	1350	6	0
NG_088021.1	709	5	0
NG_088020.1	1280	86	0
NG_088018.1	1314	54	0
NG_088017.1	1364	15	0
NG_088016.1	1431	104	0
NG_088011.1	1357	1	0
NG_088008.1	640	1	0
NG_088003.1	1263	3	0
NG_064334.1	882	6	0
NG_064326.1	893	10	0
NG_064075.1	910	1	0
NG_070816.1	916	2	0
NG_070626.1	845	2	0
NG_070072.1	858	5	0
NG_068751.1	892	2	0
NG_067790.1	812	2	0
NG_060792.1	862	1	0
NG_060299.1	795	58	0
NG_059749.1	805	1	0
NG_058505.1	849	2	0
NG_058263.1	1415	5	0
NG_058141.1	1380	5	0
NG_058140.1	1381	3	0
NG_058018.1	1313	1	0
NG_058017.1	1312	7	0
NG_058015.1	1303	19	0
NG_058014.1	1330	1	0
NG_058013.1	1350	4	0
NG_057991.1	793	1	0
NG_057990.1	802	2	0
NG_057987.1	798	3	0
NG_057986.1	799	2	0
NG_081533.1	885	1	0
NG_081530.1	883	3	0
NG_081529.1	907	2	0
NG_081526.1	887	1	0
NG_081522.1	873	2	0
NG_081516.1	1286	66	0
NG_081515.1	948	2	0
NG_081514.1	849	39	0
NG_081480.1	1149	1	0
NG_081479.1	1303	5	0
NG_081469.1	665	21	0
NG_081465.1	1269	2	0
NG_081464.1	847	34	0
NG_081453.1	882	1	0
NG_081445.1	1102	1	0
NG_081312.1	1315	2	0
NG_081311.1	1323	1	0
NG_081309.1	811	1	0
NG_081306.1	979	1	0
NG_081303.1	887	2	0
NG_081296.1	899	5	0
NG_081295.1	917	3	0
NG_081284.1	1330	49	0
NG_081283.1	950	3	0
NG_081282.1	946	12	0
NG_081281.1	944	6	0
NG_081280.1	944	17	0
NG_081279.1	944	3	0
NG_081277.1	836	15	0
NG_081274.1	1021	1	0
NG_075323.1	897	4	0
NG_060409.1	1367	14	0
NG_060408.1	1375	8	0
NG_069014.1	1327	3	0
NG_077388.1	922	2	0
NG_077386.1	915	7	0
NG_074502.1	937	16	0
NG_069325.1	1325	148	0
NG_069113.1	873	16	0
NG_069112.1	874	13	0
NG_068872.1	1283	66	0
NG_068871.1	1281	153	0
NG_068870.1	1255	107	0
NG_068869.1	1289	84	0
NG_068734.1	1347	11	0
NG_067783.1	941	3	0
NG_064336.1	889	1	0
NG_064332.1	877	22	0
NG_064324.1	885	2	0
NG_059107.1	1349	61	0
NG_058907.1	939	5	0
NG_058839.1	882	23	0
NG_058803.1	954	15	0
NG_058802.1	953	89	0
NG_058800.1	951	7	0
NG_058798.1	954	12	0
NG_058791.1	952	10	0
NG_058790.1	926	9	0
NG_058785.1	954	14	0
NG_058784.1	963	14	0
NG_042652.1	1344	152	0
NG_042651.1	1342	145	0
NG_042609.1	1347	54	0
NG_079710.1	1346	8	0
NG_079709.1	1340	13	0
NG_079708.1	918	7	0
NG_079707.1	1380	11	0
NG_079706.1	1324	2997	0
NG_079702.1	956	4	0
NG_079701.1	943	7	0
NG_079698.1	908	3	0
NG_079693.1	881	33	0
NG_079692.1	884	20	0
NG_079691.1	883	75	0
NG_079689.1	884	65	0
NG_079687.1	1373	115	0
NG_079686.1	1288	71	0
NG_079685.1	1316	171	0
NG_079684.1	1344	71	0
NG_079682.1	828	2	0
NG_079677.1	1303	1	0
NG_079674.1	1383	8	0
NG_079671.1	1349	8	0
NG_079670.1	914	1	0
NG_079668.1	909	1	0
NG_079667.1	921	24	0
NG_079663.1	895	3	0
NG_079661.1	1326	17	0
NG_079658.1	1404	153	0
NG_079640.1	1316	221	0
NG_079638.1	1297	10	0
NG_079637.1	1265	12	0
NG_079636.1	1291	192	0
NG_079635.1	1297	30	0
NG_079634.1	1291	202	0
NG_079633.1	1291	192	0
NG_079632.1	1291	205	0
NG_079631.1	1137	42	0
NG_079630.1	1290	199	0
NG_079629.1	1355	3	0
NG_079626.1	1350	52	0
NG_079569.1	819	1	0
NG_079567.1	840	2	0
NG_079565.1	835	1	0
NG_079564.1	836	2	0
NG_079561.1	824	19	0
NG_079540.1	1295	1	0
NG_079525.1	876	573	0
NG_079497.1	571	2	0
NG_079495.1	953	7	0
NG_079492.1	1315	3	0
NG_067775.1	1435	16	0
NG_078691.1	937	6	0
NG_078690.1	1279	11	0
NG_078689.1	815	5	0
NG_078681.1	921	135	0
NG_078678.1	946	122	0
NG_078672.1	883	5	0
NG_078668.1	942	7	0
NG_078658.1	848	2	0
NG_078648.1	909	2	0
NG_078640.1	1278	170	0
NG_078639.1	594	1	0
NG_078637.1	1391	55	0
NG_078635.1	869	5	0
NG_078634.1	880	3	0
NG_078632.1	941	5	0
NG_075331.1	1378	3	0
NG_068635.1	1244	1	0
NG_068294.1	911	1	0
NG_064005.1	931	36	0
NG_077394.1	900	1	0
NG_077393.1	906	47	0
NG_077392.1	905	1	0
NG_077391.1	903	3	0
NG_077390.1	906	1	0
NG_077389.1	865	2	0
NG_077387.1	773	29	0
NG_077380.1	1295	1	0
NG_067786.1	981	2	0
NG_064046.1	949	1	0
NG_060382.1	3250	68	0
NG_059089.1	1220	1	0
NG_054840.1	529	18	0
NG_054796.1	529	19	0
NG_066352.1	3183	64	0
NG_064396.1	907	3	0
NG_060406.1	1379	490	0
NG_060083.1	781	5	0
NG_055354.1	3283	3754	0
NG_055182.1	542	1	0
NG_076697.1	924	5	0
NG_076696.1	978	1	0
NG_070419.1	1279	1	0
NG_070418.1	1279	2	0
NG_070417.1	1290	2	0
NG_068638.1	1197	5	0
NG_067902.1	814	1	0
NG_059615.1	823	1	0
NG_058077.1	794	2	0
NG_055355.1	3269	119	0
NG_042752.1	881	1	0
NG_067823.1	878	3	0
NG_075433.1	480	4	0
NG_075430.1	940	1	0
NG_075429.1	1356	14	0
NG_075428.1	822	1	0
NG_075401.1	807	2	0
NG_075400.1	878	3	0
NG_075399.1	878	8	0
NG_075398.1	1092	1	0
NG_075397.1	1339	10	0
NG_075396.1	1357	65	0
NG_075389.1	1398	1	0
NG_075384.1	848	1	0
NG_075373.1	873	77	0
NG_075372.1	873	68	0
NG_075371.1	842	5	0
NG_075370.1	871	448	0
NG_075369.1	873	7	0
NG_075351.1	858	19	0
NG_075348.1	1730	1	0
NG_075347.1	1313	2	0
NG_075343.1	902	1	0
NG_075341.1	1367	134	0
NG_075338.1	659	3	0
NG_075336.1	1361	66	0
NG_075335.1	983	1	0
NG_075330.1	1388	20	0
NG_075329.1	1396	10	0
NG_075326.1	1312	4	0
NG_075322.1	1356	15	0
NG_075321.1	868	1	0
NG_075320.1	1389	134	0
NG_075319.1	1341	57	0
NG_075318.1	1349	47	0
NG_075317.1	1350	2	0
NG_075316.1	1349	18	0
NG_075315.1	1348	56	0
NG_075314.1	1349	14	0
NG_075311.1	1341	85	0
NG_075310.1	1339	15	0
NG_075309.1	1303	3	0
NG_075308.1	1277	5	0
NG_075306.1	935	5	0
NG_075305.1	907	7	0
NG_075304.1	935	4	0
NG_075303.1	935	9	0
NG_075300.1	3106	59	0
NG_075291.1	1352	7	0
NG_075289.1	897	2	0
NG_075288.1	1382	13	0
NG_075283.1	1395	12	0
NG_075265.1	863	1	0
NG_075247.1	983	1	0
NG_075246.1	1307	196	0
NG_075235.1	1352	8	0
NG_075234.1	794	3	0
NG_075232.1	1347	28	0
NG_075231.1	1346	11	0
NG_075230.1	1332	120	0
NG_075229.1	722	1	0
NG_075214.1	1340	57	0
NG_075213.1	1342	38	0
NG_075212.1	1345	20	0
NG_075209.1	1325	12	0
NG_075207.1	1353	13	0
NG_075206.1	1343	11	0
NG_075205.1	965	1	0
NG_075201.1	1044	8	0
NG_075194.1	950	1	0
NG_075187.1	1378	30	0
NG_075185.1	1350	58	0
NG_075184.1	1349	47	0
NG_075183.1	1347	13	0
NG_075182.1	1350	62	0
NG_075181.1	1352	64	0
NG_075180.1	1350	47	0
NG_075179.1	586	20	0
NG_075178.1	1374	57	0
NG_075171.1	867	1	0
NG_075167.1	1338	126	0
NG_075166.1	1392	13	0
NG_075164.1	1325	7	0
NG_075163.1	1389	246	0
NG_075161.1	3224	167	0
NG_075155.1	1301	232	0
NG_027566.1	3087	654	0
NG_074506.1	1028	1	0
NG_074504.1	1280	52	0
NG_074503.1	937	16	0
NG_074501.1	936	9	0
NG_074475.1	874	2	0
NG_074471.1	1018	1320	0
NG_074468.1	849	1	0
NG_074467.1	979	2	0
NG_074459.1	934	307	0
NG_074457.1	1038	2131	0
NG_074456.1	1051	28	0
NG_074455.1	1055	38	0
NG_074454.1	877	25	0
NG_074453.1	1075	1	0
NG_074436.1	1382	3	0
NG_074435.1	1298	1	0
NG_074433.1	1227	6	0
NG_074428.1	856	1	0
NG_057674.1	1078	25	0
NG_064487.1	863	27	0
NG_057852.1	3295	1503	0
NG_073871.1	825	3	0
NG_073859.1	683	1	0
NG_073828.1	882	1	0
NG_073827.1	884	149	0
NG_073826.1	891	2	0
NG_073825.1	878	5	0
NG_073821.1	1291	3	0
NG_073819.1	1291	1	0
NG_073818.1	1292	2	0
NG_073789.1	1319	1	0
NG_073788.1	850	7	0
NG_073786.1	911	921	0
NG_073785.1	835	1181	0
NG_073778.1	649	23	0
NG_073772.1	909	1	0
NG_073767.1	1301	1	0
NG_073765.1	822	1	0
NG_073762.1	1344	9	0
NG_073753.1	891	17	0
NG_073752.1	908	92	0
NG_073751.1	1098	104	0
NG_073750.1	892	104	0
NG_073695.1	863	1	0
NG_073692.1	951	9	0
NG_073691.1	907	1	0
NG_073684.1	785	1	0
NG_073683.1	785	1	0
NG_073672.1	1101	446	0
NG_073670.1	1107	2	0
NG_073660.1	878	2	0
NG_073651.1	845	225	0
NG_073632.1	759	1	0
NG_073613.1	879	9	0
NG_073610.1	905	20	0
NG_073607.1	818	2	0
NG_073606.1	940	2	0
NG_073598.1	1339	276	0
NG_073595.1	1385	125	0
NG_073589.1	1342	2	0
NG_073581.1	1333	23	0
NG_073580.1	954	4	0
NG_069680.1	911	1	0
NG_064006.1	908	1	0
NG_059993.1	1354	1	0
NG_073626.1	888	975	0
NG_064432.1	1259	5	0
NG_060125.1	1375	2325	0
NG_071251.1	915	1	0
NG_071250.1	917	349	0
NG_071249.1	863	205	0
NG_071248.1	807	2	0
NG_071246.1	1272	126	0
NG_071245.1	1326	311	0
NG_071239.1	876	3	0
NG_071238.1	994	1	0
NG_071236.1	1245	1	0
NG_071234.1	683	50	0
NG_071232.1	574	58	0
NG_068816.1	900	13	0
NG_059017.1	888	3	0
NG_070937.1	815	2	0
NG_070934.1	811	2	0
NG_070933.1	856	7	0
NG_070932.1	831	6	0
NG_070931.1	869	9	0
NG_070927.1	1224	1	0
NG_070922.1	820	109	0
NG_070522.1	1435	8	0
NG_059812.1	1305	6	0
NG_058019.1	1350	4	0
NG_057945.1	1459	10	0
NG_057900.1	1429	11	0
NG_057899.1	1405	13	0
NG_057898.1	1429	9	0
NG_057896.1	1028	1	0
NG_042568.1	1429	14	0
NG_042564.1	1258	9	0
NG_042560.1	1428	8	0
NG_042556.1	1430	5	0
NG_042555.1	1382	9	0
NG_042554.1	1401	7	0
NG_042550.1	1429	12	0
NG_042539.1	1429	13	0
NG_070846.1	1317	127	0
NG_070845.1	1319	42	0
NG_070844.1	1329	60	0
NG_070843.1	1233	1	0
NG_070841.1	943	12	0
NG_070836.1	988	120	0
NG_070834.1	873	2	0
NG_070832.1	1298	11	0
NG_070830.1	1052	2	0
NG_070829.1	1383	1	0
NG_070828.1	1066	1	0
NG_070827.1	1222	3	0
NG_070824.1	966	4	0
NG_070823.1	1359	9	0
NG_070811.1	1386	1	0
NG_070810.1	1389	14	0
NG_070809.1	1046	54	0
NG_070815.1	872	25	0
NG_070814.1	1305	1	0
NG_070812.1	944	13	0
NG_069015.1	1327	2	0
NG_067434.1	1327	3	0
NG_070610.1	1327	3	0
NG_070603.1	1327	3	0
NG_070600.1	854	1	0
NG_070598.1	1327	1	0
NG_070594.1	1327	8	0
NG_070583.1	1327	3	0
NG_070579.1	898	1	0
NG_070570.1	1327	1	0
NG_070558.1	966	10	0
NG_070556.1	937	2	0
NG_070553.1	935	5	0
NG_070552.1	936	8	0
NG_070549.1	691	2	0
NG_070548.1	920	1	0
NG_070547.1	932	1	0
NG_070545.1	927	1	0
NG_070540.1	1412	1	0
NG_070519.1	1071	12	0
NG_070518.1	1327	6	0
NG_070514.1	1322	1	0
NG_070512.1	3248	79	0
NG_070508.1	630	1	0
NG_070502.1	1319	58	0
NG_070500.1	871	2	0
NG_056936.1	1313	3	0
NG_060647.1	1379	75	0
NG_070475.1	1207	3	0
NG_070446.1	1326	3	0
NG_070445.1	908	1	0
NG_070444.1	905	1	0
NG_070438.1	1327	4	0
NG_070402.1	924	1	0
NG_070391.1	1436	62	0
NG_070388.1	983	1	0
NG_070386.1	1323	1	0
NG_070385.1	1323	1	0
NG_070368.1	1339	1	0
NG_070363.1	1207	1	0
NG_070362.1	1327	2	0
NG_070361.1	1327	3	0
NG_070356.1	1315	2	0
NG_070350.1	1288	1	0
NG_070434.1	899	1	0
NG_070392.1	1436	77	0
NG_068542.1	1334	61	0
NG_068541.1	1393	42	0
NG_070096.1	965	1	0
NG_070092.1	1306	2	0
NG_070058.1	854	1	0
NG_070052.1	915	2	0
NG_070020.1	908	1	0
NG_070015.1	904	1	0
NG_069985.1	907	1	0
NG_069965.1	898	1	0
NG_069962.1	841	1	0
NG_069930.1	903	1	0
NG_069912.1	1327	3	0
NG_069893.1	902	1	0
NG_069891.1	904	1	0
NG_069883.1	895	1	0
NG_069879.1	887	1	0
NG_069867.1	1327	6	0
NG_069864.1	1327	9	0
NG_069858.1	1327	4	0
NG_069857.1	1327	5	0
NG_069841.1	910	1	0
NG_069838.1	1327	1	0
NG_069823.1	923	1	0
NG_069819.1	1327	4	0
NG_069803.1	909	1	0
NG_069800.1	1327	4	0
NG_069796.1	935	2	0
NG_069795.1	1327	3	0
NG_069792.1	1327	6	0
NG_069787.1	1327	3	0
NG_069785.1	1327	5	0
NG_069784.1	1327	5	0
NG_069783.1	1327	6	0
NG_069782.1	1327	2	0
NG_069781.1	869	1	0
NG_069779.1	901	1	0
NG_069776.1	1327	5	0
NG_069775.1	1327	6	0
NG_069773.1	907	1	0
NG_069768.1	911	1	0
NG_069733.1	1327	5	0
NG_069730.1	853	1	0
NG_069722.1	916	1	0
NG_069706.1	907	1	0
NG_069691.1	908	1	0
NG_069647.1	910	1	0
NG_069640.1	910	1	0
NG_069624.1	906	1	0
NG_069619.1	908	1	0
NG_069573.1	841	1	0
NG_069555.1	1327	2	0
NG_069492.1	846	1	0
NG_069472.1	1315	2	0
NG_069471.1	1315	2	0
NG_069470.1	1315	4	0
NG_069419.1	942	38	0
NG_069418.1	935	40	0
NG_069413.1	931	5	0
NG_069409.1	937	2	0
NG_069408.1	778	1	0
NG_069407.1	928	1	0
NG_069385.1	1322	5	0
NG_069384.1	1322	3	0
NG_069380.1	881	1	0
NG_069369.1	1305	6	0
NG_069368.1	1302	6	0
NG_069330.1	1695	3	0
NG_069324.1	885	156	0
NG_069323.1	871	59	0
NG_069322.1	870	38	0
NG_069319.1	995	1	0
NG_069299.1	1314	1	0
NG_069286.1	772	1	0
NG_069275.1	886	4	0
NG_069264.1	868	127	0
NG_069197.1	838	1	0
NG_069171.1	874	2	0
NG_069151.1	2040	93	0
NG_069150.1	2035	73	0
NG_069149.1	2029	78	0
NG_069120.1	1327	1	0
NG_069119.1	1327	5	0
NG_069114.1	1293	55	0
NG_069111.1	1327	3	0
NG_069079.1	1312	1	0
NG_069075.1	623	6	0
NG_069074.1	628	1	0
NG_069073.1	1281	5	0
NG_069072.1	1281	3	0
NG_069071.1	1281	2	0
NG_069070.1	1281	3	0
NG_069067.1	1281	6	0
NG_069065.1	1281	1	0
NG_069064.1	1281	7	0
NG_069063.1	1281	2	0
NG_069062.1	1281	4	0
NG_069061.1	1341	4	0
NG_069060.1	1327	5	0
NG_069058.1	1327	5	0
NG_069057.1	1327	3	0
NG_069056.1	1327	1	0
NG_069055.1	1327	4	0
NG_069054.1	1327	3	0
NG_069053.1	1327	3	0
NG_069052.1	1327	5	0
NG_069051.1	1327	2	0
NG_069050.1	1327	4	0
NG_069049.1	1327	6	0
NG_069048.1	1327	3	0
NG_069047.1	1327	5	0
NG_069046.1	1327	4	0
NG_069045.1	1327	2	0
NG_069044.1	1327	5	0
NG_069043.1	1327	2	0
NG_069042.1	1327	3	0
NG_069040.1	1327	3	0
NG_069039.1	1327	2	0
NG_069038.1	1327	3	0
NG_069037.1	1327	2	0
NG_069035.1	1327	4	0
NG_069034.1	1327	6	0
NG_069033.1	1327	3	0
NG_069025.1	1326	1	0
NG_069016.1	1327	3	0
NG_069012.1	1327	4	0
NG_069011.1	1327	3	0
NG_069005.1	1409	2	0
NG_069004.1	3250	1986	0
NG_069003.1	3257	154	0
NG_069000.1	1272	3	0
NG_068999.1	1288	5	0
NG_068998.1	1274	1	0
NG_068997.1	1270	2	0
NG_068995.1	791	1	0
NG_068994.1	791	1	0
NG_068983.1	1771	4	0
NG_068969.1	973	19	0
NG_068965.1	630	3	0
NG_068961.1	1311	3	0
NG_068960.1	1312	2	0
NG_069826.1	1327	4	0
NG_069818.1	1327	2	0
NG_069069.1	1281	3	0
NG_069068.1	1281	3	0
NG_069066.1	1281	7	0
NG_069059.1	1327	5	0
NG_069041.1	1327	3	0
NG_069036.1	1327	2	0
NG_069010.1	1326	2	0
NG_068968.1	973	12	0
NG_068782.1	1371	769	0
NG_068930.1	1414	2	0
NG_068910.1	915	10	0
NG_068907.1	906	32	0
NG_068906.1	1190	13	0
NG_068905.1	1194	6	0
NG_068904.1	1366	16	0
NG_068898.1	902	5	0
NG_068897.1	892	2	0
NG_068896.1	871	6	0
NG_068895.1	914	5	0
NG_068892.1	863	1	0
NG_068890.1	853	2	0
NG_068882.1	1310	53	0
NG_068881.1	1378	111	0
NG_068880.1	833	4	0
NG_068874.1	820	2	0
NG_068873.1	1287	9260	0
NG_068868.1	1293	58	0
NG_068867.1	1273	75	0
NG_068866.1	1348	3	0
NG_068864.1	873	1	0
NG_068861.1	947	1	0
NG_068860.1	1031	39	0
NG_068859.1	1024	6	0
NG_068856.1	901	1	0
NG_068850.1	1312	1483	0
NG_068846.1	1343	78	0
NG_068845.1	815	1	0
NG_068844.1	1304	9	0
NG_068843.1	1353	3	0
NG_068822.1	1372	54	0
NG_068821.1	1312	154	0
NG_068820.1	923	18	0
NG_068818.1	852	17	0
NG_068814.1	1411	88	0
NG_068813.1	1401	12	0
NG_068812.1	1401	14	0
NG_068811.1	1401	18	0
NG_068810.1	1409	2	0
NG_068808.1	935	8	0
NG_068806.1	1381	69	0
NG_068805.1	1378	63	0
NG_068795.1	896	36	0
NG_068793.1	894	747	0
NG_068788.1	1321	3	0
NG_068786.1	1345	21	0
NG_068777.1	927	209	0
NG_068769.1	1385	17	0
NG_068767.1	862	1	0
NG_068766.1	1309	2	0
NG_068765.1	1397	138	0
NG_068764.1	1343	51	0
NG_068763.1	1362	196	0
NG_068759.1	1326	1	0
NG_068758.1	969	1	0
NG_068757.1	959	4	0
NG_068756.1	876	1	0
NG_068755.1	1369	3	0
NG_068754.1	836	1	0
NG_068753.1	1305	1	0
NG_068750.1	1420	5	0
NG_068749.1	1375	1	0
NG_068747.1	2044	16	0
NG_068744.1	1317	2	0
NG_068743.1	1326	3	0
NG_068737.1	1397	42	0
NG_068732.1	939	1	0
NG_068724.1	1333	3	0
NG_068658.1	832	816	0
NG_068655.1	1392	190	0
NG_068654.1	1389	175	0
NG_068651.1	1206	1	0
NG_068644.1	1088	1	0
NG_068636.1	1216	1	0
NG_068632.1	1191	1	0
NG_068631.1	1193	1	0
NG_068585.1	1363	11	0
NG_068584.1	1351	17	0
NG_068583.1	1408	1	0
NG_068572.1	1318	1	0
NG_068568.1	1391	13	0
NG_068564.1	1344	11	0
NG_068543.1	1394	56	0
NG_068538.1	1330	1	0
NG_068536.1	1386	18	0
NG_068534.1	1384	50	0
NG_068533.1	983	98	0
NG_068523.1	1323	1	0
NG_068522.1	1321	1	0
NG_068514.1	1055	1	0
NG_068513.1	1328	1	0
NG_068659.1	858	1	0
NG_068605.1	1292	2	0
NG_059831.1	919	1	0
NG_059101.1	920	2556	0
NG_055136.1	3235	309	0
NG_060065.1	632	1	0
NG_059967.1	2045	16	0
NG_059834.1	905	1	0
NG_057229.1	1390	75	0
NG_057016.1	2028	800	0
NG_054792.1	579	1	0
NG_068350.1	774	1	0
NG_068347.1	870	1	0
NG_068334.1	834	65	0
NG_068332.1	862	2	0
NG_068322.1	870	4	0
NG_068313.1	821	4	0
NG_068308.1	1270	5	0
NG_068306.1	900	3	0
NG_068295.1	862	1	0
NG_068273.1	1377	1	0
NG_068272.1	1176	1	0
NG_068271.1	1350	5	0
NG_068264.1	842	1	0
NG_068289.1	1417	227	0
NG_068265.1	1368	2703	0
NG_068253.1	1342	2	0
NG_068252.1	2422	2623	0
NG_068234.1	708	1	0
NG_066407.1	1353	78	0
NG_064382.1	902	2	0
NG_057285.1	857	1	0
NG_057276.1	935	21	0
NG_057274.1	870	111	0
NG_057263.1	869	1	0
NG_057260.1	1392	56	0
NG_057259.1	1407	252	0
NG_057248.1	1431	1156	0
NG_057200.1	1428	417	0
NG_057196.1	1436	27	0
NG_057188.1	947	15	0
NG_060356.1	695	10	0
NG_042597.1	1429	203	0
NG_067888.1	845	1	0
NG_067833.1	1337	1	0
NG_067824.1	1382	108	0
NG_067816.1	1369	91	0
NG_067813.1	812	1	0
NG_067810.1	951	1	0
NG_067801.1	927	1	0
NG_067800.1	1311	20	0
NG_067799.1	893	7	0
NG_067791.1	773	16	0
NG_067784.1	1359	2	0
NG_067777.1	853	6	0
NG_067767.1	832	1	0
NG_067908.1	898	21	0
NG_067822.1	1439	483	0
NG_067785.1	1371	49	0
NG_067776.1	1073	40	0
NG_067772.1	3257	258	0
NG_067565.1	1271	122	0
NG_067564.1	1290	115	0
NG_058739.1	5088	393	0
NG_067480.1	849	1	0
NG_067468.1	896	1	0
NG_067460.1	891	1	0
NG_067445.1	1327	4	0
NG_067432.1	939	5	0
NG_067431.1	914	7	0
NG_067415.1	1327	2	0
NG_067374.1	1327	3	0
NG_067373.1	1328	3	0
NG_067371.1	1017	1	0
NG_067368.1	1326	8	0
NG_067357.1	1329	2	0
NG_067356.1	895	1	0
NG_067351.1	896	7	0
NG_067342.1	1169	1	0
NG_067341.1	911	1	0
NG_067315.1	937	9	0
NG_067314.1	935	31	0
NG_067306.1	1326	5	0
NG_067298.1	1289	1	0
NG_067271.1	1327	2	0
NG_067270.1	1327	2	0
NG_067267.1	1326	4	0
NG_067264.1	1318	1	0
NG_067262.1	1326	2	0
NG_067261.1	1327	3	0
NG_067260.1	1253	1	0
NG_066146.1	630	2	0
NG_059088.1	952	9	0
NG_059086.1	952	7	0
NG_058402.1	599	86	0
NG_066408.1	857	397	0
NG_060308.1	1477	1	0
NG_059851.1	886	3	0
NG_059052.1	888	1	0
NG_058594.1	842	2	0
NG_057090.1	933	28	0
NG_066463.1	1995	24	0
NG_066462.1	564	4	0
NG_066443.1	1331	1	0
NG_066439.1	909	2	0
NG_066431.1	885	1	0
NG_066430.1	1318	1	0
NG_066418.1	1389	5	0
NG_066405.1	957	47	0
NG_066400.1	935	10	0
NG_066390.1	1291	4	0
NG_066389.1	1291	2	0
NG_066387.1	1293	3543	0
NG_066385.1	758	406	0
NG_066384.1	643	1	0
NG_066378.1	1315	1	0
NG_066373.1	982	1	0
NG_066371.1	997	1	0
NG_066355.1	3249	69	0
NG_066354.1	3259	135	0
NG_066353.1	3102	518	0
NG_066351.1	3592	250	0
NG_066350.1	3251	263	0
NG_066349.1	3228	93	0
NG_066348.1	5042	83	0
NG_066345.1	1250	106	0
NG_066337.1	865	2	0
NG_066316.1	899	1	0
NG_066254.1	936	1	0
NG_066247.1	943	21	0
NG_066187.1	833	1	0
NG_066184.1	932	61	0
NG_066179.1	936	13	0
NG_066171.1	1273	2	0
NG_066158.1	919	2	0
NG_066155.1	676	1	0
NG_066154.1	3243	616	0
NG_066153.1	1281	2	0
NG_066152.1	1328	4	0
NG_060800.1	736	1	0
NG_060641.1	1386	16	0
NG_060640.1	1398	22	0
NG_064598.1	877	23	0
NG_064597.1	869	1	0
NG_064595.1	864	2	0
NG_064593.1	882	4	0
NG_064591.1	879	1	0
NG_064590.1	872	49	0
NG_064589.1	894	20	0
NG_064588.1	888	40	0
NG_064587.1	863	177	0
NG_064586.1	915	1	0
NG_064584.1	865	6	0
NG_064582.1	881	2	0
NG_064581.1	883	23	0
NG_064580.1	881	1	0
NG_064578.1	818	1	0
NG_064575.1	856	9	0
NG_064574.1	873	7	0
NG_064572.1	856	5	0
NG_064571.1	885	1	0
NG_064570.1	860	79	0
NG_064568.1	884	1	0
NG_064566.1	855	74	0
NG_064562.1	876	1	0
NG_064561.1	869	5	0
NG_064560.1	832	25	0
NG_064559.1	878	18	0
NG_064558.1	798	1	0
NG_064557.1	888	1	0
NG_064556.1	869	43	0
NG_064554.1	1296	2	0
NG_064543.1	838	9	0
NG_064537.1	890	2	0
NG_064522.1	607	1	0
NG_064509.1	890	2	0
NG_064505.1	916	3	0
NG_064500.1	846	10	0
NG_064499.1	866	6	0
NG_064473.1	883	1	0
NG_064472.1	886	1	0
NG_064471.1	1218	2	0
NG_064464.1	912	8	0
NG_064451.1	578	4	0
NG_064448.1	1595	3	0
NG_064441.1	966	12	0
NG_064440.1	964	5	0
NG_064439.1	967	562	0
NG_064438.1	952	276	0
NG_064437.1	950	2	0
NG_064436.1	948	41	0
NG_064435.1	941	10	0
NG_064434.1	956	9	0
NG_064433.1	956	3	0
NG_064504.1	1021	1	0
NG_064491.1	661	35	0
NG_064489.1	1380	444	0
NG_064486.1	1128	60	0
NG_064481.1	904	3	0
NG_064470.1	867	4	0
NG_064468.1	867	2	0
NG_064465.1	1253	2	0
NG_064445.1	1383	107	0
NG_064444.1	1425	90	0
NG_064443.1	881	1	0
NG_058984.1	651	2	0
NG_058982.1	821	1	0
NG_064421.1	1239	743	0
NG_064418.1	1365	253	0
NG_064412.1	1344	8	0
NG_064411.1	1328	50	0
NG_064410.1	636	2	0
NG_064409.1	881	7	0
NG_064403.1	926	11	0
NG_064402.1	952	668	0
NG_064401.1	914	608	0
NG_064387.1	1374	7	0
NG_064386.1	1293	10	0
NG_064383.1	878	1	0
NG_064381.1	864	1	0
NG_064414.1	817	2	0
NG_064404.1	1120	22	0
NG_064398.1	881	1	0
NG_064389.1	950	5	0
NG_064365.1	936	4	0
NG_064355.1	1363	5	0
NG_064354.1	1374	59	0
NG_064353.1	927	8	0
NG_064352.1	823	1	0
NG_064351.1	1344	2	0
NG_064350.1	1302	1	0
NG_064342.1	877	2	0
NG_064341.1	873	2	0
NG_064339.1	898	8	0
NG_064337.1	876	3	0
NG_064335.1	881	5	0
NG_064333.1	884	6	0
NG_064331.1	875	2	0
NG_064330.1	860	3	0
NG_064329.1	918	12	0
NG_064328.1	883	6	0
NG_064327.1	888	2	0
NG_064325.1	882	4	0
NG_064323.1	869	6	0
NG_064318.1	784	1	0
NG_064315.1	2846	1420	0
NG_064313.1	3248	81	0
NG_064312.1	3260	94	0
NG_064306.1	943	7	0
NG_064305.1	865	6	0
NG_064285.1	828	2	0
NG_064271.1	809	1	0
NG_064270.1	1207	1	0
NG_064243.1	899	1	0
NG_064233.1	951	2	0
NG_064232.1	887	1	0
NG_064218.1	905	1	0
NG_064191.1	906	1	0
NG_064176.1	893	6	0
NG_064171.1	942	1	0
NG_064161.1	906	3	0
NG_064155.1	894	1	0
NG_064152.1	909	2	0
NG_064143.1	902	11	0
NG_064140.1	1327	4	0
NG_064137.1	1329	2	0
NG_064126.1	935	19	0
NG_064124.1	970	4	0
NG_064121.1	932	4	0
NG_064108.1	916	1	0
NG_064102.1	1061	1	0
NG_064095.1	914	18	0
NG_064079.1	1061	2	0
NG_064072.1	912	1	0
NG_064059.1	940	6	0
NG_064050.1	903	3	0
NG_064047.1	985	2	0
NG_064042.1	984	1	0
NG_064031.1	865	1	0
NG_064011.1	918	1	0
NG_063987.1	962	16	0
NG_063978.1	909	1	0
NG_063966.1	939	5	0
NG_063948.1	1545	966	0
NG_063944.1	915	1	0
NG_042328.1	1291	3	0
NG_059217.1	810	3	0
NG_055737.1	1325	2	0
NG_055732.1	640	4	0
NG_055731.1	3250	41	0
NG_055729.1	1390	17	0
NG_055728.1	1350	1	0
NG_055705.1	567	1	0
NG_055690.1	3298	48	0
NG_055395.1	3301	57	0
NG_055394.1	3280	194	0
NG_055393.1	3076	393	0
NG_055392.1	3308	141	0
NG_055391.1	3243	919	0
NG_055384.1	902	2	0
NG_055365.1	3272	78	0
NG_055364.1	3249	19	0
NG_055363.1	3282	36	0
NG_055362.1	3284	33	0
NG_055361.1	3290	93	0
NG_055360.1	3275	80	0
NG_055359.1	3238	35	0
NG_055358.1	3270	44	0
NG_055357.1	3238	33	0
NG_055353.1	4349	309	0
NG_055352.1	3285	411	0
NG_055351.1	4174	860	0
NG_055350.1	4553	534	0
NG_055349.1	4788	895	0
NG_055348.1	3265	858	0
NG_055347.1	3269	865	0
NG_055346.1	3282	336	0
NG_055345.1	3282	134	0
NG_055343.1	4469	10	0
NG_055342.1	3584	353	0
NG_055341.1	4578	367	0
NG_055340.1	3718	455	0
NG_055339.1	3244	159	0
NG_055338.1	3260	352	0
NG_055337.1	3664	339	0
NG_055336.1	3678	346	0
NG_055335.1	3265	86	0
NG_055334.1	3253	115	0
NG_055333.1	3659	468	0
NG_055332.1	4949	436	0
NG_055331.1	3244	38	0
NG_055330.1	3264	25	0
NG_055329.1	3257	213	0
NG_055328.1	3242	222	0
NG_055324.1	3258	105	0
NG_055323.1	3246	38	0
NG_055322.1	3207	82	0
NG_055321.1	3258	2788	0
NG_055320.1	3198	112	0
NG_055319.1	3205	53	0
NG_055239.1	523	1	0
NG_055214.1	3242	219	0
NG_055213.1	3241	539	0
NG_055211.1	3223	147	0
NG_055210.1	3242	232	0
NG_055202.1	3279	106	0
NG_055200.1	3260	67	0
NG_055199.1	3257	128	0
NG_055198.1	3257	68	0
NG_055197.1	3257	93	0
NG_055196.1	3231	137	0
NG_055195.1	3227	161	0
NG_055194.1	3225	332	0
NG_055193.1	3277	93	0
NG_055192.1	3278	140	0
NG_055191.1	3259	148	0
NG_055190.1	3270	366	0
NG_055189.1	4208	126	0
NG_055188.1	3269	125	0
NG_055187.1	3262	142	0
NG_055186.1	4439	97	0
NG_055185.1	3292	844	0
NG_055184.1	4689	281	0
NG_055183.1	3249	105	0
NG_055181.1	3663	111	0
NG_055180.1	3038	67	0
NG_055179.1	3231	180	0
NG_055170.1	559	1	0
NG_055169.1	2129	1	0
NG_055168.1	2138	1	0
NG_055166.1	604	1	0
NG_055160.1	3278	114	0
NG_055159.1	3273	43	0
NG_055158.1	3282	55	0
NG_055157.1	3242	398	0
NG_055156.1	3243	423	0
NG_055154.1	3178	181	0
NG_055153.1	3180	151	0
NG_055152.1	3235	235	0
NG_055151.1	3237	208	0
NG_055150.1	3233	200	0
NG_055149.1	3181	166	0
NG_055148.1	3210	213	0
NG_055147.1	3187	189	0
NG_055146.1	3191	330	0
NG_055145.1	3229	202	0
NG_055144.1	3234	116	0
NG_055143.1	3234	371	0
NG_055142.1	3232	228	0
NG_055141.1	3211	335	0
NG_055140.1	3227	230	0
NG_055139.1	3226	120	0
NG_055138.1	3237	124	0
NG_055137.1	3230	253	0
NG_055135.1	3191	162	0
NG_055134.1	3232	171	0
NG_055133.1	3242	157	0
NG_055132.1	3238	200	0
NG_055131.1	3229	168	0
NG_055130.1	3258	134	0
NG_055129.1	3263	510	0
NG_055128.1	3209	105	0
NG_055127.1	3214	119	0
NG_055126.1	3270	32	0
NG_055125.1	3197	29	0
NG_055124.1	3321	28	0
NG_055122.1	3218	133	0
NG_055121.1	3218	72	0
NG_055120.1	3219	111	0
NG_055119.1	3220	94	0
NG_055118.1	3231	104	0
NG_055117.1	3208	409	0
NG_055116.1	3240	119	0
NG_055115.1	3233	123	0
NG_055114.1	3234	119	0
NG_055113.1	3252	63	0
NG_055112.1	3197	130	0
NG_055111.1	3199	120	0
NG_055110.1	3197	124	0
NG_055108.1	3166	230	0
NG_055107.1	3195	1038	0
NG_055106.1	3199	362	0
NG_055105.1	3199	389	0
NG_055104.1	3231	93	0
NG_055103.1	3169	198	0
NG_055102.1	3166	233	0
NG_055101.1	3159	201	0
NG_055100.1	3162	226	0
NG_055099.1	3160	199	0
NG_055098.1	3098	5857	0
NG_055097.1	3158	1624	0
NG_055096.1	3157	95	0
NG_055084.1	531	1	0
NG_055074.1	573	1	0
NG_055065.1	574	19	0
NG_055063.1	3297	48	0
NG_055048.1	3213	48	0
NG_055039.1	572	1	0
NG_055036.1	3309	50	0
NG_055033.1	3315	63	0
NG_055032.1	3315	73	0
NG_055031.1	3301	46	0
NG_055030.1	3272	102	0
NG_055029.1	3277	56	0
NG_055028.1	3276	48	0
NG_055017.1	606	1	0
NG_055016.1	575	1	0
NG_054831.1	3230	86	0
NG_054830.1	3198	245	0
NG_054819.1	3183	73	0
NG_054806.1	570	1	0
NG_054805.1	3284	218	0
NG_054804.1	3284	234	0
NG_042775.1	1318	1	0
NG_042750.1	903	1	0
NG_042748.1	882	1	0
NG_042747.1	1737	16	0
NG_042744.1	798	1	0
NG_042711.1	1317	1	0
NG_042710.1	1320	1	0
NG_042706.1	1323	3	0
NG_042703.1	1320	6	0
NG_042701.1	1310	4	0
NG_042695.1	1789	6461	0
NG_042694.1	1788	9894	0
NG_042693.1	1795	6530	0
NG_042692.1	1781	13012	0
NG_042690.1	1251	1	0
NG_042689.1	872	1	0
NG_042679.1	900	1	0
NG_042667.1	1346	4	0
NG_042666.1	1299	3	0
NG_042665.1	1344	2	0
NG_042664.1	1353	1	0
NG_042663.1	885	1	0
NG_042660.1	965	2	0
NG_042649.1	3385	5226	0
NG_042648.1	3094	2679	0
NG_042647.1	3263	833	0
NG_042646.1	3262	51	0
NG_042645.1	3222	22	0
NG_042644.1	3246	56	0
NG_042643.1	3234	18	0
NG_042642.1	3219	69	0
NG_042641.1	3217	87	0
NG_042640.1	3261	182	0
NG_042639.1	3266	107	0
NG_042638.1	3255	241	0
NG_042637.1	3256	162	0
NG_042636.1	3260	158	0
NG_042635.1	3259	165	0
NG_042634.1	3260	84	0
NG_042633.1	3251	99	0
NG_042632.1	3253	180	0
NG_042631.1	3199	2269	0
NG_042630.1	3271	50	0
NG_042629.1	3279	61	0
NG_042628.1	3278	64	0
NG_042627.1	3243	56	0
NG_042626.1	3266	73	0
NG_042625.1	3278	56	0
NG_042624.1	3282	136	0
NG_042623.1	3284	57	0
NG_042622.1	3312	508	0
NG_042621.1	3298	57	0
NG_042610.1	1350	12	0
NG_042608.1	1349	6	0
NG_042607.1	1350	57	0
NG_042604.1	1339	4	0
NG_042596.1	1423	445	0
NG_042595.1	889	4	0
NG_042594.1	888	2	0
NG_042593.1	894	1	0
NG_042589.1	1287	3	0
NG_042588.1	1291	3	0
NG_042585.1	621	1	0
NG_042570.1	1429	5	0
NG_042569.1	1429	7	0
NG_042566.1	1428	8	0
NG_042565.1	1356	8	0
NG_042563.1	1428	8	0
NG_042553.1	1424	11	0
NG_042549.1	1429	4	0
NG_042548.1	1428	10	0
NG_042547.1	1429	13	0
NG_042545.1	916	3	0
NG_042543.1	1398	3	0
NG_042542.1	1372	2023	0
NG_042540.1	1406	10	0
NG_042538.1	1429	8	0
NG_042529.1	619	1	0
NG_042528.1	3268	346	0
NG_042527.1	2990	122	0
NG_042524.1	3678	1192	0
NG_042523.1	1395	138	0
NG_042521.1	1769	91	0
NG_042480.1	600	12	0
NG_042479.1	1102	12	0
NG_042478.1	1074	12	0
NG_042467.1	619	2	0
NG_042464.1	1371	499	0
NG_042447.1	855	3	0
NG_042446.1	3238	1649	0
NG_042445.1	3211	140	0
NG_042444.1	3212	422	0
NG_042439.1	3260	77	0
NG_042438.1	3251	88	0
NG_042437.1	3261	81	0
NG_042436.1	3619	486	0
NG_042435.1	3255	475	0
NG_042434.1	3255	458	0
NG_042433.1	3807	685	0
NG_042432.1	3271	68	0
NG_042431.1	3710	80	0
NG_042430.1	3687	65	0
NG_042429.1	3701	79	0
NG_042428.1	3250	78	0
NG_042427.1	3256	34	0
NG_042426.1	3256	77	0
NG_042425.1	4685	26	0
NG_042424.1	3235	101	0
NG_042415.1	3162	1732	0
NG_042414.1	3334	2091	0
NG_042408.1	1370	2	0
NG_042406.1	1813	2	0
NG_042401.1	1020	2	0
NG_042388.1	702	1	0
NG_042374.1	629	10	0
NG_042351.1	626	1	0
NG_042350.1	629	1	0
NG_042338.1	1292	1	0
NG_042333.1	1233	2	0
NG_042332.1	1282	4	0
NG_042331.1	1282	8	0
NG_042329.1	1281	5	0
NG_042327.1	1282	3	0
NG_042326.1	1282	3	0
NG_042325.1	1282	5	0
NG_042324.1	1283	3	0
NG_042323.1	1288	1	0
NG_042322.1	1282	3	0
NG_042321.1	1282	2	0
NG_042318.1	1315	3	0
NG_042317.1	627	1	0
NG_042311.1	648	9	0
NG_027648.1	3459	2603	0
NG_027646.1	2771	1232	0
NG_027645.1	3237	224	0
NG_027642.1	961	1	0
NG_027634.1	1184	8	0
NG_027621.1	1394	1	0
NG_027618.1	3799	3968	0
NG_027616.1	3270	2191	0
NG_027613.1	3188	1622	0
NG_027611.1	1394	2	0
NG_027595.1	1409	2	0
NG_027577.1	1358	3	0
NG_027568.1	1157	631	0
NG_027567.1	3255	9798	0
NG_027564.1	3237	837	0
NG_027561.1	3189	2462	0
NG_027560.1	4318	6788	0
NG_057858.1	1327	2	0
NG_060249.1	3172	1558	0
NG_060070.1	969	3	0
NG_060069.1	3174	2278	0
NG_060067.1	984	96	0
NG_060066.1	1356	1	0
NG_059912.1	958	1117	0
NG_059518.1	3062	1798	0
NG_059517.1	3072	1710	0
NG_057757.1	1427	2	0
NG_057023.1	942	6	0
NG_060630.1	1399	42	0
NG_027623.1	3134	2821	0
NG_060251.1	2970	2177	0
NG_060250.1	3180	410	0
NG_059934.1	1207	1	0
NG_060831.1	862	166	0
NG_060818.1	907	18	0
NG_060809.1	858	1	0
NG_060805.1	705	1	0
NG_060795.1	1381	8	0
NG_060704.1	666	1	0
NG_060689.1	1373	15	0
NG_060688.1	1289	1543	0
NG_060687.1	1353	15	0
NG_060686.1	920	6	0
NG_060685.1	1322	5	0
NG_060684.1	1459	76	0
NG_060682.1	963	3	0
NG_060677.1	932	4	0
NG_060676.1	860	7	0
NG_060672.1	865	11	0
NG_060671.1	865	5	0
NG_060670.1	654	1	0
NG_060666.1	840	1	0
NG_060665.1	971	35	0
NG_060656.1	959	786	0
NG_060655.1	961	4860	0
NG_060654.1	964	1303	0
NG_060650.1	1341	16	0
NG_060649.1	1335	36	0
NG_060648.1	1329	62	0
NG_060646.1	1338	80	0
NG_060645.1	1359	27	0
NG_060643.1	946	1	0
NG_060642.1	1319	80	0
NG_060639.1	1148	128	0
NG_060638.1	1366	14	0
NG_060637.1	1364	19	0
NG_060636.1	853	1	0
NG_060635.1	1354	137	0
NG_060633.1	1039	2	0
NG_060632.1	1044	1	0
NG_060628.1	1164	1	0
NG_060624.1	1412	10	0
NG_060621.1	886	1	0
NG_060154.1	1365	20	0
NG_060153.1	1392	1744	0
NG_058520.1	850	1	0
NG_057277.1	924	14	0
NG_060398.1	1295	85	0
NG_060397.1	1242	71	0
NG_060260.1	893	1	0
NG_059244.1	783	3	0
NG_059226.1	665	1	0
NG_060441.1	1333	8	0
NG_060440.1	1397	15	0
NG_060438.1	1313	4	0
NG_060432.1	1385	1	0
NG_060430.1	1402	10	0
NG_060429.1	1402	19	0
NG_060428.1	803	1	0
NG_060425.1	1296	18	0
NG_060423.1	1292	19	0
NG_060421.1	895	1	0
NG_060420.1	2073	1532	0
NG_060417.1	1356	11	0
NG_060415.1	870	271	0
NG_060413.1	1355	5	0
NG_060410.1	877	1	0
NG_060405.1	1451	61	0
NG_060404.1	1329	1	0
NG_060403.1	1308	1	0
NG_060402.1	1045	47	0
NG_060400.1	2969	1432	0
NG_060393.1	743	2	0
NG_060392.1	1277	1	0
NG_060391.1	1043	1	0
NG_060390.1	1043	2	0
NG_060387.1	977	2	0
NG_060384.1	917	3	0
NG_060381.1	3260	142	0
NG_060380.1	3253	148	0
NG_060379.1	3075	841	0
NG_060364.1	991	4	0
NG_060363.1	991	2	0
NG_060362.1	704	19	0
NG_060360.1	1233	4	0
NG_060355.1	651	2	0
NG_060354.1	682	1	0
NG_060346.1	1349	13	0
NG_060343.1	872	1	0
NG_060335.1	874	2	0
NG_060332.1	927	1	0
NG_060331.1	927	1	0
NG_060330.1	920	1	0
NG_060327.1	935	1	0
NG_060324.1	993	2	0
NG_060322.1	599	6	0
NG_060318.1	946	1	0
NG_060310.1	1384	173	0
NG_060307.1	863	2	0
NG_060304.1	1397	213	0
NG_060301.1	833	3	0
NG_060298.1	1350	60	0
NG_060289.1	553	3	0
NG_060286.1	827	6	0
NG_060285.1	940	9	0
NG_060284.1	900	290	0
NG_060278.1	891	5	0
NG_060272.1	873	1	0
NG_060271.1	943	4	0
NG_060267.1	1118	262	0
NG_060264.1	1074	1	0
NG_060263.1	1097	1	0
NG_060258.1	862	98	0
NG_060241.1	675	1	0
NG_060236.1	592	9	0
NG_060187.1	885	1	0
NG_060184.1	882	1	0
NG_060181.1	990	2	0
NG_060180.1	990	1	0
NG_060179.1	1392	57	0
NG_060178.1	1379	10	0
NG_060177.1	888	8	0
NG_060176.1	813	1	0
NG_060171.1	1054	10	0
NG_060169.1	1027	9	0
NG_060167.1	830	1	0
NG_060163.1	1393	62	0
NG_060162.1	887	1	0
NG_060161.1	1355	23	0
NG_060159.1	1795	1	0
NG_060157.1	908	2	0
NG_060151.1	865	1	0
NG_060150.1	652	3	0
NG_060149.1	1357	5	0
NG_060148.1	879	14	0
NG_060147.1	875	131	0
NG_060137.1	814	1	0
NG_060133.1	927	9	0
NG_060131.1	1347	7	0
NG_060130.1	1347	8	0
NG_060129.1	1341	10	0
NG_060128.1	1345	13	0
NG_060127.1	1762	2	0
NG_060126.1	852	1	0
NG_060124.1	850	1	0
NG_060117.1	1784	2	0
NG_060115.1	856	3	0
NG_060114.1	1381	10	0
NG_060111.1	839	1	0
NG_060110.1	874	2	0
NG_060108.1	868	1	0
NG_060102.1	1387	10	0
NG_060101.1	1387	14	0
NG_060100.1	1377	15	0
NG_060099.1	1402	11	0
NG_060098.1	1184	1	0
NG_060096.1	1449	1	0
NG_060095.1	1442	2	0
NG_060076.1	762	1	0
NG_060075.1	3083	484	0
NG_060074.1	3061	270	0
NG_060072.1	886	513	0
NG_060068.1	819	849	0
NG_060064.1	1074	71	0
NG_060022.1	1408	126	0
NG_060020.1	1342	7	0
NG_060018.1	1122	1	0
NG_060017.1	938	56	0
NG_060016.1	1315	68	0
NG_060015.1	806	1	0
NG_060014.1	1318	1	0
NG_060013.1	1204	1980	0
NG_060012.1	1339	10	0
NG_060010.1	1322	3	0
NG_060009.1	1322	4	0
NG_060003.1	1361	181	0
NG_059999.1	891	7	0
NG_059998.1	910	2	0
NG_059996.1	967	4	0
NG_059990.1	1059	1	0
NG_059989.1	910	6	0
NG_059979.1	1037	1	0
NG_059978.1	953	6	0
NG_059977.1	1378	9	0
NG_059972.1	818	1	0
NG_059971.1	870	2	0
NG_059970.1	1364	10	0
NG_059961.1	1670	1	0
NG_059960.1	1312	3	0
NG_059959.1	1313	18	0
NG_059948.1	1386	8	0
NG_059947.1	1342	100	0
NG_059916.1	3265	150	0
NG_059915.1	3254	278	0
NG_059905.1	935	7	0
NG_055326.1	3221	106	0
NG_059841.1	901	589	0
NG_059839.1	859	6	0
NG_059828.1	902	541	0
NG_059826.1	1244	2	0
NG_059825.1	1247	5	0
NG_059811.1	1291	2	0
NG_059810.1	1315	1	0
NG_059809.1	1321	1	0
NG_059808.1	1315	1	0
NG_059805.1	1271	5	0
NG_059803.1	1292	4	0
NG_059802.1	1157	1	0
NG_059798.1	1857	1	0
NG_059778.1	1236	2	0
NG_059760.1	792	2	0
NG_059747.1	1012	1	0
NG_059734.1	878	1	0
NG_059716.1	897	2	0
NG_059700.1	849	244	0
NG_059696.1	1212	1	0
NG_059683.1	984	4	0
NG_059679.1	1311	3	0
NG_059657.1	896	4	0
NG_059656.1	1322	5	0
NG_059650.1	652	1	0
NG_059647.1	987	15	0
NG_059646.1	1041	13	0
NG_059644.1	882	1	0
NG_059636.1	837	1	0
NG_059626.1	833	1	0
NG_059620.1	806	1	0
NG_059606.1	901	8	0
NG_059605.1	1306	90	0
NG_059596.1	1306	1	0
NG_059586.1	895	1	0
NG_059582.1	914	1	0
NG_059571.1	1322	2	0
NG_059552.1	942	125	0
NG_059549.1	815	1	0
NG_059548.1	1328	4	0
NG_059544.1	951	2	0
NG_059543.1	801	2	0
NG_059538.1	961	3	0
NG_059528.1	866	1	0
NG_059524.1	882	1	0
NG_059523.1	913	1	0
NG_059522.1	1328	2	0
NG_059521.1	1064	1	0
NG_059516.1	905	1	0
NG_059514.1	884	1	0
NG_059506.1	866	1	0
NG_059505.1	881	1	0
NG_059503.1	1053	15	0
NG_059499.1	1405	183	0
NG_059491.1	1324	18	0
NG_059490.1	912	6	0
NG_059476.1	1298	1	0
NG_059475.1	1339	1	0
NG_059471.1	849	5	0
NG_059465.1	872	130	0
NG_059464.1	871	665	0
NG_059456.1	1384	1	0
NG_059446.1	1073	14	0
NG_059445.1	1071	141	0
NG_059444.1	1340	4	0
NG_059443.1	1369	2	0
NG_059442.1	1335	3	0
NG_059434.1	1398	37	0
NG_059428.1	1312	3	0
NG_059409.1	1297	1	0
NG_059408.1	1310	1	0
NG_059407.1	1313	1	0
NG_059402.1	1309	6	0
NG_059401.1	1309	8	0
NG_059400.1	1309	4	0
NG_059399.1	1308	5	0
NG_059398.1	1311	4	0
NG_059397.1	1306	1	0
NG_059395.1	1311	5	0
NG_059394.1	1289	6	0
NG_059393.1	1289	7	0
NG_059392.1	1315	1	0
NG_059391.1	1315	2	0
NG_059389.1	1302	2	0
NG_059387.1	1285	2	0
NG_059386.1	1286	3	0
NG_059384.1	645	1	0
NG_055327.1	3211	1135	0
NG_055325.1	3224	75	0
NG_055172.1	521	1	0
NG_042330.1	1285	3	0
NG_059268.1	1371	16	0
NG_059266.1	889	22	0
NG_059265.1	888	3491	0
NG_059262.1	741	1	0
NG_059257.1	817	8	0
NG_059255.1	792	14	0
NG_059250.1	861	5	0
NG_059241.1	880	1	0
NG_059231.1	1065	1	0
NG_059229.1	1051	1	0
NG_059218.1	859	2	0
NG_059216.1	944	24	0
NG_059194.1	1306	6	0
NG_059193.1	1127	13	0
NG_059192.1	1356	2	0
NG_059179.1	935	11	0
NG_059171.1	831	1	0
NG_059170.1	829	50	0
NG_059169.1	825	3	0
NG_059167.1	836	3	0
NG_059158.1	795	1	0
NG_059156.1	963	3	0
NG_059154.1	655	4	0
NG_059153.1	935	6	0
NG_059148.1	932	5	0
NG_059112.1	1320	140	0
NG_059106.1	1150	5	0
NG_059105.1	1154	11	0
NG_059102.1	920	2	0
NG_059093.1	917	1	0
NG_059092.1	695	7	0
NG_059082.1	685	2	0
NG_059081.1	674	4	0
NG_059080.1	1326	1	0
NG_059079.1	810	2	0
NG_059076.1	3295	1071	0
NG_059075.1	777	7	0
NG_059069.1	611	3	0
NG_059068.1	1364	1	0
NG_059067.1	628	4	0
NG_059064.1	1313	1	0
NG_059049.1	803	2	0
NG_059042.1	892	789	0
NG_059039.1	1239	1	0
NG_059036.1	1315	4	0
NG_059035.1	1315	3	0
NG_059034.1	1315	4	0
NG_059033.1	1306	4	0
NG_059032.1	1307	5	0
NG_059031.1	1317	2	0
NG_059030.1	1305	5	0
NG_059026.1	985	143	0
NG_059023.1	1226	1	0
NG_059011.1	659	1	0
NG_059010.1	937	3	0
NG_058990.1	938	5	0
NG_058981.1	837	46	0
NG_058969.1	1137	1	0
NG_058962.1	796	1	0
NG_058960.1	1269	2	0
NG_058953.1	1386	24	0
NG_058951.1	1314	24	0
NG_058950.1	1305	64	0
NG_058940.1	859	7	0
NG_058939.1	858	17	0
NG_058938.1	1256	1	0
NG_058937.1	1255	12	0
NG_058936.1	1393	104	0
NG_058931.1	1305	147	0
NG_058923.1	863	1	0
NG_058918.1	819	244	0
NG_058909.1	1350	2	0
NG_058908.1	2165	11	0
NG_058887.1	912	5	0
NG_058886.1	950	10	0
NG_058885.1	921	8	0
NG_058881.1	915	1	0
NG_058872.1	966	79	0
NG_058868.1	1397	33	0
NG_058861.1	832	16	0
NG_058856.1	1400	59	0
NG_058847.1	1377	10	0
NG_058845.1	1372	16	0
NG_058844.1	628	1	0
NG_058836.1	906	11	0
NG_058821.1	1327	4	0
NG_058817.1	1081	1	0
NG_058816.1	1274	57	0
NG_058804.1	952	9	0
NG_058801.1	953	828	0
NG_058799.1	955	24	0
NG_058797.1	902	6	0
NG_058796.1	933	6	0
NG_058795.1	942	9	0
NG_058794.1	940	9	0
NG_058793.1	954	21	0
NG_058792.1	938	9	0
NG_058789.1	956	10	0
NG_058788.1	949	11	0
NG_058787.1	963	2	0
NG_058786.1	951	5	0
NG_058783.1	955	10	0
NG_058782.1	3290	1538	0
NG_058776.1	1407	587	0
NG_058757.1	886	2	0
NG_058755.1	3255	75	0
NG_058754.1	3255	65	0
NG_058753.1	3262	56	0
NG_058752.1	3250	64	0
NG_058751.1	3250	42	0
NG_058750.1	3254	49	0
NG_058749.1	3258	67	0
NG_058748.1	3257	69	0
NG_058747.1	3273	185	0
NG_058746.1	1459	1	0
NG_058743.1	993	4	0
NG_058742.1	1427	20	0
NG_058741.1	1357	2	0
NG_058740.1	790	1	0
NG_058738.1	897	1	0
NG_058736.1	1315	5	0
NG_058728.1	922	1	0
NG_058716.1	1268	3	0
NG_058715.1	1268	3	0
NG_058711.1	937	2	0
NG_058710.1	879	1	0
NG_058707.1	926	1	0
NG_058704.1	919	1	0
NG_058701.1	684	400	0
NG_058699.1	910	11	0
NG_058690.1	833	1	0
NG_058686.1	1665	5	0
NG_058685.1	1718	2	0
NG_058684.1	906	15	0
NG_058683.1	890	16	0
NG_058682.1	847	4	0
NG_058680.1	951	3	0
NG_058676.1	1321	2	0
NG_058675.1	1306	2	0
NG_058674.1	1824	10	0
NG_058673.1	1776	12	0
NG_058672.1	1693	12	0
NG_058661.1	604	104	0
NG_058660.1	633	110	0
NG_058656.1	1182	8	0
NG_058653.1	950	11	0
NG_058644.1	882	1	0
NG_058630.1	3329	146	0
NG_058629.1	3261	170	0
NG_058628.1	3336	118	0
NG_058624.1	1179	1	0
NG_058623.1	1412	5	0
NG_058613.1	557	6	0
NG_058609.1	648	13	0
NG_058607.1	893	1	0
NG_058606.1	1385	152	0
NG_058603.1	881	1	0
NG_058602.1	845	1	0
NG_058599.1	934	8	0
NG_058598.1	863	3	0
NG_058597.1	1342	216	0
NG_058595.1	842	4	0
NG_058593.1	870	585	0
NG_058592.1	870	61	0
NG_058591.1	871	3	0
NG_058590.1	871	2	0
NG_058589.1	870	5	0
NG_058588.1	870	7	0
NG_058587.1	871	5	0
NG_058585.1	882	4	0
NG_058581.1	1338	19	0
NG_058580.1	1339	21	0
NG_058579.1	1341	14	0
NG_058577.1	882	4	0
NG_058576.1	885	46	0
NG_058575.1	885	53	0
NG_058574.1	885	52	0
NG_058573.1	885	44	0
NG_058572.1	885	8	0
NG_058571.1	859	3	0
NG_058565.1	1492	1	0
NG_058548.1	1425	184	0
NG_058547.1	683	1	0
NG_058546.1	586	1	0
NG_058545.1	644	4	0
NG_058542.1	1413	3	0
NG_058475.1	1289	4	0
NG_058470.1	797	1	0
NG_058438.1	818	1	0
NG_058432.1	931	1	0
NG_058431.1	917	1	0
NG_058423.1	877	1	0
NG_058406.1	703	2	0
NG_058399.1	924	1	0
NG_058397.1	853	2	0
NG_058393.1	866	1	0
NG_058375.1	940	3	0
NG_058373.1	901	1	0
NG_058368.1	931	1	0
NG_058356.1	929	1	0
NG_058352.1	658	1365	0
NG_058351.1	918	4	0
NG_058350.1	639	3	0
NG_058349.1	941	1	0
NG_058343.1	864	2	0
NG_058340.1	842	1	0
NG_058317.1	930	1	0
NG_058304.1	933	1	0
NG_058297.1	851	4	0
NG_058296.1	850	3	0
NG_058291.1	668	1	0
NG_058288.1	801	11	0
NG_058287.1	930	13	0
NG_058286.1	810	4	0
NG_058285.1	657	1	0
NG_058277.1	656	21	0
NG_058271.1	1261	1	0
NG_058261.1	1324	2	0
NG_058240.1	798	1	0
NG_058200.1	1287	1	0
NG_058198.1	1205	5	0
NG_058157.1	1350	17	0
NG_058156.1	1350	12	0
NG_058038.1	1830	1	0
NG_058037.1	1067	5	0
NG_058036.1	1069	1	0
NG_058035.1	1067	1	0
NG_058034.1	1067	7	0
NG_058033.1	1067	5	0
NG_058032.1	1066	6	0
NG_058031.1	1067	4	0
NG_058030.1	1368	3	0
NG_058029.1	1329	4	0
NG_058028.1	1843	770	0
NG_058027.1	932	1	0
NG_058016.1	1324	1	0
NG_058012.1	1343	10	0
NG_057985.1	799	1	0
NG_057984.1	790	1	0
NG_057974.1	988	1	0
NG_057972.1	1435	1	0
NG_057971.1	1434	9	0
NG_057951.1	1182	1	0
NG_057937.1	659	1	0
NG_057936.1	649	3	0
NG_057910.1	954	487	0
NG_057902.1	1430	8	0
NG_057901.1	1430	16	0
NG_057897.1	1429	8	0
NG_057895.1	1429	7	0
NG_057892.1	883	1	0
NG_057882.1	920	1	0
NG_057881.1	669	1	0
NG_057880.1	588	103	0
NG_057879.1	586	123	0
NG_057870.1	676	2	0
NG_057859.1	1281	6	0
NG_057855.1	3279	7119	0
NG_057854.1	4009	681	0
NG_057848.1	3299	1217	0
NG_057845.1	1182	2	0
NG_057840.1	1357	3	0
NG_057838.1	1327	1	0
NG_057837.1	1325	1	0
NG_057836.1	1327	4	0
NG_057813.1	1356	3	0
NG_057808.1	1338	1	0
NG_057807.1	1389	2	0
NG_057806.1	1378	1	0
NG_057801.1	1327	2	0
NG_057800.1	1330	2	0
NG_057799.1	1326	3	0
NG_057798.1	1329	4	0
NG_057796.1	1367	14	0
NG_057793.1	888	2	0
NG_057788.1	923	1	0
NG_057783.1	935	3	0
NG_057777.1	3283	922	0
NG_057774.1	3286	2315	0
NG_057772.1	3296	1023	0
NG_057771.1	1720	93	0
NG_057760.1	669	3	0
NG_057758.1	1426	17	0
NG_057756.1	1259	1	0
NG_057754.1	1244	1	0
NG_057750.1	1315	5	0
NG_057749.1	1093	1	0
NG_057733.1	1441	3	0
NG_057732.1	1432	1	0
NG_057731.1	1385	3	0
NG_057729.1	1413	1	0
NG_057725.1	1305	109	0
NG_057714.1	872	1	0
NG_057705.1	582	11	0
NG_057662.1	627	35	0
NG_057652.1	899	4	0
NG_057636.1	595	1	0
NG_057291.1	676	2	0
NG_057290.1	684	2	0
NG_057289.1	674	125	0
NG_057287.1	818	1	0
NG_057283.1	899	17	0
NG_057280.1	782	6	0
NG_057273.1	1429	104	0
NG_057272.1	1389	50	0
NG_057271.1	938	1	0
NG_057270.1	1434	83	0
NG_057269.1	1437	23	0
NG_057268.1	1424	395	0
NG_057267.1	1395	126	0
NG_057266.1	1431	74	0
NG_057265.1	1418	129	0
NG_057264.1	1360	79	0
NG_057262.1	1396	134	0
NG_057261.1	1397	36	0
NG_057258.1	1358	91	0
NG_057257.1	1429	53	0
NG_057256.1	1387	13	0
NG_057255.1	1384	131	0
NG_057254.1	944	1	0
NG_057253.1	936	7	0
NG_057252.1	1364	243	0
NG_057251.1	945	5	0
NG_057250.1	1088	14	0
NG_057249.1	1389	220	0
NG_057247.1	1403	240	0
NG_057246.1	1427	399	0
NG_057245.1	1436	321	0
NG_057244.1	1389	104	0
NG_057243.1	1448	100	0
NG_057242.1	1301	49	0
NG_057241.1	1387	120	0
NG_057240.1	1419	21	0
NG_057239.1	1389	117	0
NG_057238.1	1442	111	0
NG_057237.1	1028	29	0
NG_057236.1	1395	68	0
NG_057235.1	1351	141	0
NG_057234.1	1389	45	0
NG_057230.1	937	232	0
NG_057228.1	906	4	0
NG_057227.1	1429	446	0
NG_057226.1	1386	202	0
NG_057225.1	1381	15	0
NG_057224.1	911	1	0
NG_057223.1	1398	26	0
NG_057222.1	1352	130	0
NG_057221.1	1424	146	0
NG_057220.1	1312	111	0
NG_057219.1	1363	50	0
NG_057218.1	1429	83	0
NG_057217.1	1397	99	0
NG_057216.1	1361	129	0
NG_057215.1	1420	122	0
NG_057214.1	1385	201	0
NG_057213.1	1426	122	0
NG_057212.1	1383	121	0
NG_057211.1	939	5	0
NG_057210.1	1421	1480	0
NG_057209.1	1386	116	0
NG_057208.1	1428	139	0
NG_057207.1	929	5	0
NG_057206.1	1422	100	0
NG_057205.1	1387	75	0
NG_057204.1	1385	121	0
NG_057203.1	1425	102	0
NG_057202.1	1385	99	0
NG_057201.1	1354	94	0
NG_057199.1	1425	435	0
NG_057198.1	1421	109	0
NG_057197.1	1433	87	0
NG_057195.1	1432	1921	0
NG_057194.1	884	5	0
NG_057193.1	1442	295	0
NG_057192.1	921	21	0
NG_057191.1	1427	66	0
NG_057190.1	1430	1371	0
NG_057189.1	1430	140	0
NG_057182.1	927	1	0
NG_057178.1	3253	187	0
NG_057177.1	3253	138	0
NG_057176.1	3254	26	0
NG_057175.1	3254	25	0
NG_057174.1	3258	91	0
NG_057173.1	3254	25	0
NG_057172.1	3250	22	0
NG_057171.1	3249	21	0
NG_057170.1	3251	148	0
NG_057169.1	3256	150	0
NG_057168.1	3253	168	0
NG_057167.1	3255	93	0
NG_057166.1	3259	130	0
NG_057165.1	3261	140	0
NG_057164.1	3255	139	0
NG_057163.1	3282	162	0
NG_057162.1	3299	241	0
NG_057161.1	3264	167	0
NG_057160.1	3267	150	0
NG_057159.1	3267	127	0
NG_057158.1	3273	145	0
NG_057146.1	708	1	0
NG_057145.1	715	15	0
NG_057144.1	936	1	0
NG_057141.1	1309	5	0
NG_057140.1	1314	4	0
NG_057138.1	1331	3	0
NG_057128.1	927	2	0
NG_057107.1	878	6	0
NG_057106.1	873	7	0
NG_057098.1	1344	16	0
NG_057094.1	837	7	0
NG_057092.1	850	3	0
NG_057091.1	1345	6	0
NG_057081.1	1832	1	0
NG_057072.1	839	15	0
NG_057067.1	1349	7846	0
NG_057066.1	1374	8	0
NG_057065.1	1388	29	0
NG_057062.1	1454	595	0
NG_057061.1	1442	1097	0
NG_057060.1	1452	5	0
NG_057043.1	1392	20	0
NG_057042.1	968	232	0
NG_057041.1	1388	22	0
NG_057040.1	918	1	0
NG_057039.1	855	1	0
NG_057038.1	864	1	0
NG_057032.1	858	6	0
NG_057020.1	1309	325	0
NG_057015.1	1389	14	0
NG_057010.1	873	1	0
NG_056999.1	988	199	0
NG_056996.1	924	3	0
NG_056992.1	870	1	0
NG_056969.1	1348	1	0
NG_056968.1	3289	1197	0
NG_056965.1	934	1	0
NG_056960.1	587	2	0
NG_056959.1	1326	5	0
NG_056957.1	1041	1	0
NG_056956.1	619	383	0
NG_056949.1	947	1	0
NG_056937.1	1305	2	0
NG_056290.1	1270	3	0
NG_056281.1	1071	2	0
NG_056278.1	3263	4564	0
NG_056275.1	600	1	0
NG_056269.1	628	68	0
NG_056267.1	1283	6	0
NG_042761.1	1797	1	0
NG_042733.1	936	1	0
