NG_088171.1	904	15	0
NG_088147.1	1387	2	0
NG_088141.1	1334	1	0
NG_079683.1	1329	49	0
NG_088360.1	859	175	0
NG_088358.1	881	1	0
NG_088352.1	1372	1	0
NG_088325.1	916	1	0
NG_088322.1	824	1	0
NG_088319.1	800	1	0
NG_088317.1	1342	24	0
NG_088316.1	1344	2	0
NG_088315.1	1344	6	0
NG_088313.1	879	1	0
NG_088311.1	1350	927	0
NG_088310.1	1360	897	0
NG_088309.1	1348	29	0
NG_088307.1	1379	8	0
NG_088306.1	1388	1	0
NG_088305.1	1378	3	0
NG_088298.1	1345	1	0
NG_088294.1	810	218	0
NG_088291.1	862	1	0
NG_088282.1	868	98	0
NG_088281.1	912	2	0
NG_088262.1	1379	4	0
NG_088261.1	1338	2	0
NG_088260.1	1400	3	0
NG_088259.1	1372	1	0
NG_088258.1	1348	2	0
NG_088257.1	1355	2	0
NG_088256.1	1353	1	0
NG_088255.1	1352	1	0
NG_088253.1	1385	4	0
NG_088251.1	875	2	0
NG_088250.1	878	1	0
NG_088249.1	873	1	0
NG_088248.1	868	2	0
NG_088246.1	1402	19	0
NG_088239.1	1350	2	0
NG_088237.1	1337	2	0
NG_088236.1	1283	1	0
NG_088232.1	929	41	0
NG_088230.1	1391	47	0
NG_088229.1	1390	9	0
NG_088228.1	1352	5	0
NG_088227.1	1354	3	0
NG_088217.1	1339	5	0
NG_088215.1	1384	18	0
NG_088214.1	1389	2	0
NG_088213.1	1390	2	0
NG_088209.1	1368	3	0
NG_088203.1	1275	4	0
NG_088202.1	1336	16	0
NG_088198.1	1392	5	0
NG_088197.1	1334	2	0
NG_088193.1	897	1	0
NG_088189.1	822	1	0
NG_088186.1	1353	2	0
NG_088185.1	970	315	0
NG_088184.1	968	138	0
NG_088179.1	1344	4	0
NG_088159.1	1393	1	0
NG_088158.1	869	18	0
NG_088157.1	1310	1	0
NG_088156.1	1246	1	0
NG_088152.1	945	5	0
NG_088150.1	925	3	0
NG_088145.1	913	1	0
NG_088140.1	1355	890	0
NG_088139.1	860	1	0
NG_088135.1	837	1	0
NG_088130.1	842	1	0
NG_088128.1	837	1	0
NG_088125.1	837	1	0
NG_088124.1	847	50	0
NG_088122.1	1310	11	0
NG_088112.1	828	1	0
NG_088110.1	868	3	0
NG_088108.1	1355	22	0
NG_088103.1	1354	3	0
NG_088095.1	1265	6	0
NG_088091.1	872	2	0
NG_088089.1	865	4	0
NG_088083.1	1297	6	0
NG_088082.1	1359	4	0
NG_088069.1	867	871	0
NG_088067.1	1399	5	0
NG_088066.1	1395	919	0
NG_088065.1	1399	1	0
NG_088062.1	1347	2	0
NG_088061.1	1344	2	0
NG_088060.1	1334	7	0
NG_088042.1	1299	5	0
NG_088041.1	1291	1	0
NG_088039.1	1288	3	0
NG_088037.1	828	84	0
NG_088027.1	1315	1	0
NG_088025.1	1350	3	0
NG_088020.1	1280	9	0
NG_088019.1	614	25	0
NG_088018.1	1314	3	0
NG_088016.1	1431	7	0
NG_068751.1	892	1	0
NG_067790.1	812	1	0
NG_060299.1	795	5	0
NG_059749.1	805	1	0
NG_058505.1	849	1	0
NG_058263.1	1415	2	0
NG_058140.1	1381	1	0
NG_058017.1	1312	3	0
NG_058015.1	1303	21	0
NG_057991.1	793	1	0
NG_057988.1	800	1	0
NG_081528.1	902	4	0
NG_081527.1	909	2	0
NG_081516.1	1286	6	0
NG_081515.1	948	4	0
NG_081488.1	854	1	0
NG_081479.1	1303	1	0
NG_081471.1	669	1	0
NG_081469.1	665	3	0
NG_081453.1	882	2	0
NG_081447.1	871	964	0
NG_081317.1	889	1	0
NG_081310.1	945	2	0
NG_081296.1	899	1	0
NG_081295.1	917	2	0
NG_081284.1	1330	2	0
NG_081281.1	944	1	0
NG_081280.1	944	2	0
NG_081277.1	836	36	0
NG_075323.1	897	1	0
NG_067807.1	876	1	0
NG_067381.1	812	1	0
NG_060409.1	1367	4	0
NG_060408.1	1375	1	0
NG_069014.1	1327	1	0
NG_069325.1	1325	3	0
NG_069113.1	873	2	0
NG_068872.1	1283	1	0
NG_068871.1	1281	5	0
NG_068870.1	1255	6	0
NG_068869.1	1289	1	0
NG_064324.1	885	1	0
NG_059107.1	1349	3	0
NG_058907.1	939	1	0
NG_058802.1	953	16	0
NG_058798.1	954	1	0
NG_042652.1	1344	17	0
NG_042651.1	1342	18	0
NG_042609.1	1347	2	0
NG_079710.1	1346	1	0
NG_079706.1	1324	572	0
NG_079700.1	787	3	0
NG_079698.1	908	2	0
NG_079693.1	881	1	0
NG_079692.1	884	2	0
NG_079691.1	883	2	0
NG_079689.1	884	1	0
NG_079687.1	1373	9	0
NG_079686.1	1288	6	0
NG_079685.1	1316	12	0
NG_079684.1	1344	3	0
NG_079678.1	1303	1	0
NG_079674.1	1383	1	0
NG_079667.1	921	1	0
NG_079662.1	769	1	0
NG_079658.1	1404	23	0
NG_079646.1	1380	2	0
NG_079645.1	875	1	0
NG_079643.1	875	1	0
NG_079642.1	874	1	0
NG_079640.1	1316	32	0
NG_079636.1	1291	18	0
NG_079635.1	1297	1	0
NG_079634.1	1291	18	0
NG_079633.1	1291	22	0
NG_079632.1	1291	23	0
NG_079630.1	1290	16	0
NG_079572.1	1327	1	0
NG_079571.1	1316	1	0
NG_079569.1	819	1	0
NG_079565.1	835	2	0
NG_079561.1	824	2	0
NG_079546.1	848	1	0
NG_079525.1	876	47	0
NG_079516.1	531	8	0
NG_079495.1	953	1	0
NG_079492.1	1315	3	0
NG_067775.1	1435	1	0
NG_059645.1	947	7	0
NG_078690.1	1279	2	0
NG_078681.1	921	4	0
NG_078678.1	946	103	0
NG_078677.1	883	1	0
NG_078672.1	883	1	0
NG_078670.1	578	1	0
NG_078660.1	876	3	0
NG_078658.1	848	2	0
NG_078656.1	898	1	0
NG_078651.1	877	1	0
NG_078640.1	1278	5	0
NG_078637.1	1391	1	0
NG_078634.1	880	2	0
NG_064005.1	931	21	0
NG_077395.1	880	1	0
NG_077393.1	906	52	0
NG_077391.1	903	976	0
NG_077390.1	906	892	0
NG_064046.1	949	1	0
NG_060810.1	700	1	0
NG_060382.1	3250	18	0
NG_058848.1	956	1	0
NG_058827.1	996	2	0
NG_058745.1	940	2	0
NG_054840.1	529	1	0
NG_054796.1	529	3	0
NG_066352.1	3183	8	0
NG_064396.1	907	1	0
NG_060406.1	1379	8	0
NG_055354.1	3283	302	0
NG_076741.1	876	1	0
NG_076698.1	691	38	0
NG_070418.1	1279	1	0
NG_068638.1	1197	4	0
NG_058077.1	794	1	0
NG_055355.1	3269	23	0
NG_075433.1	480	2	0
NG_075429.1	1356	4	0
NG_075400.1	878	1	0
NG_075397.1	1339	2	0
NG_075396.1	1357	4	0
NG_075391.1	997	1	0
NG_075384.1	848	1	0
NG_075373.1	873	6	0
NG_075372.1	873	9	0
NG_075370.1	871	79	0
NG_075369.1	873	1	0
NG_075368.1	925	3	0
NG_075367.1	908	46	0
NG_075359.1	825	1	0
NG_075348.1	1730	2	0
NG_075341.1	1367	6	0
NG_075336.1	1361	3	0
NG_075333.1	981	1	0
NG_075330.1	1388	1	0
NG_075322.1	1356	3	0
NG_075320.1	1389	19	0
NG_075319.1	1341	4	0
NG_075318.1	1349	7	0
NG_075316.1	1349	3	0
NG_075315.1	1348	7	0
NG_075314.1	1349	2	0
NG_075311.1	1341	5	0
NG_075310.1	1339	2	0
NG_075308.1	1277	1	0
NG_075300.1	3106	7	0
NG_075292.1	913	1	0
NG_075291.1	1352	1	0
NG_075289.1	897	1	0
NG_075288.1	1382	1	0
NG_075253.1	542	2	0
NG_075246.1	1307	21	0
NG_075242.1	1079	1	0
NG_075238.1	979	3	0
NG_075235.1	1352	2	0
NG_075234.1	794	1	0
NG_075232.1	1347	1	0
NG_075231.1	1346	2	0
NG_075230.1	1332	8	0
NG_075229.1	722	1	0
NG_075214.1	1340	3	0
NG_075212.1	1345	10	0
NG_075209.1	1325	1	0
NG_075206.1	1343	1	0
NG_075202.1	605	1	0
NG_075194.1	950	1	0
NG_075187.1	1378	1	0
NG_075185.1	1350	5	0
NG_075184.1	1349	3	0
NG_075183.1	1347	2	0
NG_075182.1	1350	6	0
NG_075181.1	1352	3	0
NG_075180.1	1350	3	0
NG_075178.1	1374	1	0
NG_075177.1	563	19	0
NG_075176.1	494	3	0
NG_075174.1	607	3	0
NG_075173.1	720	20	0
NG_075167.1	1338	5	0
NG_075166.1	1392	1	0
NG_075165.1	1353	1	0
NG_075163.1	1389	22	0
NG_075161.1	3224	25	0
NG_075155.1	1301	4	0
NG_075151.1	499	1	0
NG_058996.1	655	4	0
NG_027566.1	3087	84	0
NG_074504.1	1280	42	0
NG_074501.1	936	2	0
NG_074498.1	888	3	0
NG_074489.1	856	1	0
NG_074474.1	910	1	0
NG_074471.1	1018	12	0
NG_074468.1	849	22	0
NG_074462.1	905	2	0
NG_074459.1	934	37	0
NG_074457.1	1038	41	0
NG_074456.1	1051	18	0
NG_074455.1	1055	26	0
NG_074440.1	586	1	0
NG_074439.1	587	1	0
NG_074438.1	887	1	0
NG_074436.1	1382	2	0
NG_074435.1	1298	1	0
NG_074433.1	1227	1	0
NG_067549.1	888	1	0
NG_057852.1	3295	341	0
NG_073871.1	825	5	0
NG_073848.1	864	1	0
NG_073827.1	884	17	0
NG_073826.1	891	1	0
NG_073821.1	1291	1	0
NG_073788.1	850	6	0
NG_073786.1	911	109	0
NG_073785.1	835	149	0
NG_073778.1	649	2	0
NG_073753.1	891	9	0
NG_073752.1	908	14	0
NG_073751.1	1098	19	0
NG_073750.1	892	11	0
NG_073672.1	1101	86	0
NG_073670.1	1107	1	0
NG_073660.1	878	1	0
NG_073651.1	845	161	0
NG_073630.1	894	2	0
NG_073610.1	905	11	0
NG_073598.1	1339	14	0
NG_073595.1	1385	20	0
NG_073593.1	614	1	0
NG_073591.1	691	9	0
NG_073590.1	483	5	0
NG_073589.1	1342	2	0
NG_073580.1	954	1	0
NG_073579.1	619	1	0
NG_059993.1	1354	2	0
NG_073626.1	888	161	0
NG_060125.1	1375	257	0
NG_071250.1	917	63	0
NG_071249.1	863	86	0
NG_071248.1	807	5	0
NG_071246.1	1272	5	0
NG_071245.1	1326	24	0
NG_071241.1	834	1	0
NG_071234.1	683	9	0
NG_071232.1	574	46	0
NG_068816.1	900	1	0
NG_070934.1	811	6	0
NG_070933.1	856	4	0
NG_070932.1	831	6	0
NG_070931.1	869	6	0
NG_070923.1	807	4	0
NG_070922.1	820	109	0
NG_070921.1	804	10	0
NG_070919.1	705	4	0
NG_058019.1	1350	2	0
NG_057899.1	1405	1	0
NG_042560.1	1428	1	0
NG_042555.1	1382	1	0
NG_055060.2	605	1	0
NG_070846.1	1317	21	0
NG_070845.1	1319	5	0
NG_070844.1	1329	1	0
NG_070837.1	1287	1	0
NG_070836.1	988	139	0
NG_070830.1	1052	1	0
NG_070821.1	1021	1	0
NG_070818.1	819	2	0
NG_070817.1	913	2	0
NG_070809.1	1046	2	0
NG_070815.1	872	1329	0
NG_069015.1	1327	1	0
NG_070610.1	1327	1	0
NG_070603.1	1327	1	0
NG_070594.1	1327	2	0
NG_070583.1	1327	3	0
NG_070580.1	1007	9	0
NG_070570.1	1327	1	0
NG_070557.1	663	1	0
NG_070556.1	937	2	0
NG_070555.1	827	3	0
NG_070552.1	936	3	0
NG_070548.1	920	3	0
NG_070547.1	932	1	0
NG_070545.1	927	1	0
NG_070544.1	910	6	0
NG_070540.1	1412	1	0
NG_070519.1	1071	1	0
NG_070514.1	1322	2	0
NG_070512.1	3248	18	0
NG_070511.1	600	1	0
NG_070508.1	630	2	0
NG_070507.1	624	5	0
NG_070502.1	1319	62	0
NG_070497.1	660	1	0
NG_058420.1	630	1	0
NG_060647.1	1379	4	0
NG_070446.1	1326	1	0
NG_070391.1	1436	2	0
NG_070362.1	1327	1	0
NG_070356.1	1315	6	0
NG_070392.1	1436	3	0
NG_068542.1	1334	5	0
NG_068541.1	1393	1	0
NG_070098.1	826	1	0
NG_070052.1	915	1	0
NG_069947.1	899	1	0
NG_069939.1	898	1	0
NG_069912.1	1327	1	0
NG_069905.1	853	1	0
NG_069867.1	1327	2	0
NG_069864.1	1327	3	0
NG_069838.1	1327	1	0
NG_069823.1	923	1	0
NG_069819.1	1327	1	0
NG_069806.1	879	1	0
NG_069736.1	1013	54	0
NG_069733.1	1327	1	0
NG_069709.1	912	1	0
NG_069689.1	1010	1	0
NG_069605.1	911	1	0
NG_069499.1	869	1	0
NG_069471.1	1315	3	0
NG_069470.1	1315	5	0
NG_069419.1	942	26	0
NG_069418.1	935	27	0
NG_069417.1	785	2	0
NG_069413.1	931	4	0
NG_069409.1	937	4	0
NG_069407.1	928	3	0
NG_069387.1	1172	2	0
NG_069385.1	1322	1	0
NG_069384.1	1322	1	0
NG_069369.1	1305	5	0
NG_069368.1	1302	3	0
NG_069324.1	885	7	0
NG_069323.1	871	1	0
NG_069264.1	868	7	0
NG_069151.1	2040	61	0
NG_069150.1	2035	54	0
NG_069149.1	2029	56	0
NG_069122.1	597	1	0
NG_069120.1	1327	1	0
NG_069119.1	1327	1	0
NG_069114.1	1293	5	0
NG_069073.1	1281	1	0
NG_069071.1	1281	1	0
NG_069065.1	1281	3	0
NG_069064.1	1281	3	0
NG_069062.1	1281	1	0
NG_069061.1	1341	1	0
NG_069060.1	1327	1	0
NG_069057.1	1327	3	0
NG_069056.1	1327	4	0
NG_069055.1	1327	2	0
NG_069053.1	1327	1	0
NG_069052.1	1327	1	0
NG_069049.1	1327	1	0
NG_069046.1	1327	1	0
NG_069039.1	1327	1	0
NG_069016.1	1327	1	0
NG_069011.1	1327	1	0
NG_069004.1	3250	27	0
NG_069003.1	3257	11	0
NG_069001.1	1348	1	0
NG_069000.1	1272	1	0
NG_068999.1	1288	2	0
NG_068998.1	1274	1	0
NG_068967.1	590	2	0
NG_068964.1	627	1	0
NG_068961.1	1311	1	0
NG_068960.1	1312	1	0
NG_068956.1	597	4	0
NG_069745.1	931	7	0
NG_069410.1	931	1	0
NG_069069.1	1281	1	0
NG_069066.1	1281	1	0
NG_069059.1	1327	3	0
NG_069036.1	1327	4	0
NG_069010.1	1326	3	0
NG_068968.1	973	1	0
NG_068782.1	1371	112	0
NG_068930.1	1414	35	0
NG_068929.1	1393	2	0
NG_068907.1	906	23	0
NG_068906.1	1190	2	0
NG_068904.1	1366	1	0
NG_068890.1	853	12	0
NG_068889.1	894	1	0
NG_068885.1	908	1	0
NG_068882.1	1310	10	0
NG_068881.1	1378	9	0
NG_068873.1	1287	351	0
NG_068867.1	1273	2	0
NG_068866.1	1348	2	0
NG_068863.1	872	4	0
NG_068861.1	947	2	0
NG_068860.1	1031	1	0
NG_068856.1	901	5937	0
NG_068850.1	1312	1014	0
NG_068846.1	1343	3	0
NG_068845.1	815	14	0
NG_068822.1	1372	2	0
NG_068821.1	1312	18	0
NG_068820.1	923	1	0
NG_068818.1	852	5	0
NG_068814.1	1411	7	0
NG_068813.1	1401	2	0
NG_068812.1	1401	895	0
NG_068811.1	1401	2	0
NG_068809.1	943	2	0
NG_068808.1	935	4	0
NG_068806.1	1381	8	0
NG_068805.1	1378	5	0
NG_068793.1	894	7	0
NG_068788.1	1321	2	0
NG_068786.1	1345	7	0
NG_068780.1	602	1	0
NG_068777.1	927	190	0
NG_068776.1	855	1	0
NG_068771.1	874	1	0
NG_068769.1	1385	6	0
NG_068765.1	1397	15	0
NG_068764.1	1343	1	0
NG_068763.1	1362	26	0
NG_068758.1	969	3	0
NG_068757.1	959	29	0
NG_068756.1	876	1	0
NG_068755.1	1369	1	0
NG_068750.1	1420	1	0
NG_068747.1	2044	7	0
NG_068743.1	1326	1	0
NG_068737.1	1397	2	0
NG_068728.1	654	1	0
NG_068727.1	1307	1	0
NG_068726.1	1377	3	0
NG_068724.1	1333	1	0
NG_068720.1	573	1	0
NG_068725.1	613	1	0
NG_068683.1	836	2	0
NG_068658.1	832	12	0
NG_068655.1	1392	7	0
NG_068654.1	1389	7	0
NG_068632.1	1191	2	0
NG_068631.1	1193	4	0
NG_068616.1	610	1	0
NG_068598.1	543	1	0
NG_068597.1	542	4	0
NG_068595.1	543	1	0
NG_068593.1	542	2	0
NG_068591.1	542	2	0
NG_068590.1	543	4	0
NG_068589.1	544	2	0
NG_068585.1	1363	1	0
NG_068584.1	1351	3	0
NG_068568.1	1391	2	0
NG_068564.1	1344	1	0
NG_068543.1	1394	3	0
NG_068538.1	1330	1	0
NG_068536.1	1386	1	0
NG_068534.1	1384	1	0
NG_068533.1	983	14	0
NG_068528.1	929	1	0
NG_068523.1	1323	1	0
NG_068521.1	560	1	0
NG_060062.1	603	1	0
NG_059101.1	920	400	0
NG_058539.1	613	2	0
NG_057669.1	621	1	0
NG_055136.1	3235	32	0
NG_060065.1	632	3	0
NG_059967.1	2045	8	0
NG_057229.1	1390	1	0
NG_057016.1	2028	520	0
NG_056279.1	645	5	0
NG_056283.1	691	10	0
NG_068334.1	834	2	0
NG_068332.1	862	1	0
NG_068322.1	870	11	0
NG_068273.1	1377	3	0
NG_068271.1	1350	3	0
NG_068259.1	685	2	0
NG_068289.1	1417	39	0
NG_068265.1	1368	608	0
NG_068254.1	819	1	0
NG_068252.1	2422	390	0
NG_068228.1	625	1	0
NG_066407.1	1353	2	0
NG_057274.1	870	23	0
NG_057260.1	1392	1	0
NG_057259.1	1407	3	0
NG_057248.1	1431	158	0
NG_057200.1	1428	1	0
NG_057196.1	1436	3	0
NG_060356.1	695	3	0
NG_042597.1	1429	27	0
NG_067844.1	542	1	0
NG_067842.1	543	1	0
NG_067841.1	542	5	0
NG_067837.1	648	2	0
NG_067836.1	614	1	0
NG_067833.1	1337	1	0
NG_067824.1	1382	1	0
NG_067816.1	1369	1	0
NG_067810.1	951	26	0
NG_067801.1	927	1	0
NG_067799.1	893	2	0
NG_067791.1	773	5	0
NG_067784.1	1359	2	0
NG_067822.1	1439	4	0
NG_067785.1	1371	1	0
NG_067772.1	3257	21	0
NG_067565.1	1271	4	0
NG_067564.1	1290	2	0
NG_067562.1	846	6	0
NG_067515.1	500	1	0
NG_058986.1	822	1	0
NG_058739.1	5088	46	0
NG_067432.1	939	1	0
NG_067415.1	1327	2	0
NG_067399.1	907	1	0
NG_067374.1	1327	1	0
NG_067371.1	1017	10	0
NG_067365.1	1017	39	0
NG_067357.1	1329	1	0
NG_067351.1	896	3	0
NG_067314.1	935	2	0
NG_067306.1	1326	2	0
NG_067280.1	1119	1	0
NG_067271.1	1327	1	0
NG_067267.1	1326	1	0
NG_067255.1	629	1	0
NG_067254.1	628	1	0
NG_067252.1	600	3	0
NG_066146.1	630	2	0
NG_059088.1	952	1	0
NG_058402.1	599	3	0
NG_066408.1	857	27	0
NG_059058.1	846	1	0
NG_058594.1	842	2	0
NG_057090.1	933	1	0
NG_066463.1	1995	8	0
NG_066446.1	883	1	0
NG_066431.1	885	1	0
NG_066405.1	957	1	0
NG_066389.1	1291	2	0
NG_066387.1	1293	100	0
NG_066385.1	758	38	0
NG_066373.1	982	1	0
NG_066371.1	997	1	0
NG_066361.1	501	2	0
NG_066355.1	3249	10	0
NG_066354.1	3259	12	0
NG_066353.1	3102	56	0
NG_066351.1	3592	48	0
NG_066350.1	3251	51	0
NG_066349.1	3228	50	0
NG_066348.1	5042	8	0
NG_066345.1	1250	17	0
NG_066271.1	888	1	0
NG_066247.1	943	34	0
NG_066243.1	983	1	0
NG_066233.1	1259	3	0
NG_066188.1	1284	3	0
NG_066187.1	833	1	0
NG_066185.1	895	1	0
NG_066184.1	932	1	0
NG_066181.1	940	3	0
NG_066180.1	927	1	0
NG_066179.1	936	1	0
NG_066176.1	844	25	0
NG_066174.1	892	2	0
NG_066171.1	1273	1	0
NG_066158.1	919	1	0
NG_066156.1	695	1	0
NG_066154.1	3243	619	0
NG_066153.1	1281	1	0
NG_066152.1	1328	1	0
NG_066145.1	619	1	0
NG_060827.1	751	16	0
NG_060812.1	816	1	0
NG_060808.1	735	1	0
NG_060806.1	779	9	0
NG_060801.1	559	5	0
NG_060800.1	736	5	0
NG_060641.1	1386	6	0
NG_060640.1	1398	3	0
NG_058427.1	616	2	0
NG_058724.1	626	3	0
NG_064598.1	877	15	0
NG_064597.1	869	9	0
NG_064596.1	909	18	0
NG_064595.1	864	16	0
NG_064592.1	910	19	0
NG_064590.1	872	20	0
NG_064588.1	888	5	0
NG_064587.1	863	31	0
NG_064581.1	883	15	0
NG_064576.1	564	1	0
NG_064574.1	873	1	0
NG_064573.1	908	19	0
NG_064572.1	856	20	0
NG_064570.1	860	2	0
NG_064569.1	896	1	0
NG_064563.1	893	15	0
NG_064561.1	869	1	0
NG_064556.1	869	2	0
NG_064554.1	1296	1	0
NG_064543.1	838	2	0
NG_064533.1	956	12	0
NG_064531.1	782	1	0
NG_064529.1	891	1	0
NG_064523.1	619	3	0
NG_064520.1	615	3	0
NG_064509.1	890	2	0
NG_064505.1	916	2	0
NG_064493.1	896	1	0
NG_064479.1	874	1	0
NG_064478.1	881	2	0
NG_064473.1	883	1	0
NG_064472.1	886	6	0
NG_064451.1	578	1	0
NG_064448.1	1595	1	0
NG_064439.1	967	110	0
NG_064438.1	952	74	0
NG_064436.1	948	17	0
NG_064491.1	661	1	0
NG_064489.1	1380	12	0
NG_064486.1	1128	19	0
NG_064470.1	867	1	0
NG_064467.1	870	2	0
NG_064447.1	539	11	0
NG_064445.1	1383	7	0
NG_064444.1	1425	1	0
NG_060814.1	739	7	0
NG_058984.1	651	1	0
NG_058982.1	821	1	0
NG_055218.1	565	1	0
NG_064421.1	1239	37	0
NG_064418.1	1365	24	0
NG_064412.1	1344	1	0
NG_064411.1	1328	2	0
NG_064408.1	1312	2	0
NG_064403.1	926	1	0
NG_064402.1	952	99	0
NG_064401.1	914	1	0
NG_064392.1	841	1	0
NG_064386.1	1293	3	0
NG_064414.1	817	3	0
NG_064406.1	565	5	0
NG_064397.1	879	1	0
NG_064385.1	873	3	0
NG_064365.1	936	4	0
NG_064355.1	1363	1	0
NG_064354.1	1374	4	0
NG_064330.1	860	3	0
NG_064328.1	883	1	0
NG_064318.1	784	2	0
NG_064315.1	2846	267	0
NG_064314.1	538	2	0
NG_064313.1	3248	15	0
NG_064312.1	3260	44	0
NG_064267.1	888	2	0
NG_064265.1	914	1	0
NG_064264.1	889	3	0
NG_064233.1	951	3	0
NG_064176.1	893	12	0
NG_064172.1	947	2	0
NG_064171.1	942	1	0
NG_064143.1	902	5	0
NG_064137.1	1329	1	0
NG_064124.1	970	6	0
NG_064097.1	911	3	0
NG_064095.1	914	3	0
NG_064057.1	946	2	0
NG_064050.1	903	1	0
NG_063987.1	962	3	0
NG_063971.1	838	1	0
NG_063948.1	1545	403	0
NG_063944.1	915	4	0
NG_059217.1	810	21	0
NG_055737.1	1325	2	0
NG_055735.1	698	7	0
NG_055734.1	587	2	0
NG_055731.1	3250	14	0
NG_055729.1	1390	4	0
NG_055724.1	621	1	0
NG_055720.1	627	2	0
NG_055715.1	629	2	0
NG_055706.1	568	1	0
NG_055690.1	3298	35	0
NG_055415.1	570	1	0
NG_055408.1	517	207	0
NG_055395.1	3301	68	0
NG_055394.1	3280	350	0
NG_055393.1	3076	54	0
NG_055392.1	3308	13	0
NG_055391.1	3243	743	0
NG_055379.1	500	1	0
NG_055365.1	3272	7	0
NG_055364.1	3249	3	0
NG_055363.1	3282	24	0
NG_055362.1	3284	19	0
NG_055361.1	3290	12	0
NG_055360.1	3275	23	0
NG_055359.1	3238	10	0
NG_055358.1	3270	7	0
NG_055357.1	3238	9	0
NG_055353.1	4349	49	0
NG_055352.1	3285	50	0
NG_055351.1	4174	57	0
NG_055350.1	4553	59	0
NG_055349.1	4788	95	0
NG_055348.1	3265	47	0
NG_055347.1	3269	65	0
NG_055346.1	3282	31	0
NG_055345.1	3282	35	0
NG_055343.1	4469	22	0
NG_055342.1	3584	215	0
NG_055341.1	4578	248	0
NG_055340.1	3718	235	0
NG_055339.1	3244	29	0
NG_055338.1	3260	52	0
NG_055337.1	3664	56	0
NG_055336.1	3678	67	0
NG_055335.1	3265	6	0
NG_055334.1	3253	13	0
NG_055333.1	3659	29	0
NG_055332.1	4949	19	0
NG_055331.1	3244	7	0
NG_055329.1	3257	15	0
NG_055328.1	3242	168	0
NG_055324.1	3258	19	0
NG_055323.1	3246	145	0
NG_055322.1	3207	17	0
NG_055321.1	3258	264	0
NG_055320.1	3198	74	0
NG_055319.1	3205	36	0
NG_055214.1	3242	42	0
NG_055213.1	3241	115	0
NG_055211.1	3223	20	0
NG_055210.1	3242	44	0
NG_055206.1	554	1	0
NG_055202.1	3279	9	0
NG_055200.1	3260	1	0
NG_055199.1	3257	9	0
NG_055198.1	3257	5	0
NG_055197.1	3257	10	0
NG_055196.1	3231	16	0
NG_055195.1	3227	10	0
NG_055194.1	3225	49	0
NG_055193.1	3277	10	0
NG_055192.1	3278	3	0
NG_055191.1	3259	8	0
NG_055190.1	3270	31	0
NG_055189.1	4208	7	0
NG_055188.1	3269	26	0
NG_055187.1	3262	29	0
NG_055186.1	4439	19	0
NG_055185.1	3292	60	0
NG_055184.1	4689	29	0
NG_055183.1	3249	22	0
NG_055181.1	3663	16	0
NG_055180.1	3038	8	0
NG_055179.1	3231	48	0
NG_055168.1	2138	3	0
NG_055160.1	3278	9	0
NG_055159.1	3273	5	0
NG_055158.1	3282	17	0
NG_055157.1	3242	32	0
NG_055156.1	3243	40	0
NG_055154.1	3178	15	0
NG_055153.1	3180	103	0
NG_055152.1	3235	11	0
NG_055151.1	3237	14	0
NG_055150.1	3233	8	0
NG_055149.1	3181	13	0
NG_055148.1	3210	14	0
NG_055147.1	3187	11	0
NG_055146.1	3191	17	0
NG_055145.1	3229	11	0
NG_055144.1	3234	14	0
NG_055143.1	3234	21	0
NG_055142.1	3232	6	0
NG_055141.1	3211	24	0
NG_055140.1	3227	15	0
NG_055139.1	3226	12	0
NG_055138.1	3237	13	0
NG_055137.1	3230	14	0
NG_055135.1	3191	14	0
NG_055134.1	3232	14	0
NG_055133.1	3242	11	0
NG_055132.1	3238	11	0
NG_055131.1	3229	9	0
NG_055130.1	3258	18	0
NG_055129.1	3263	97	0
NG_055128.1	3209	8	0
NG_055127.1	3214	2	0
NG_055126.1	3270	4	0
NG_055125.1	3197	9	0
NG_055124.1	3321	6	0
NG_055122.1	3218	20	0
NG_055121.1	3218	12	0
NG_055120.1	3219	15	0
NG_055119.1	3220	8	0
NG_055118.1	3231	16	0
NG_055117.1	3208	66	0
NG_055116.1	3240	13	0
NG_055115.1	3233	12	0
NG_055114.1	3234	18	0
NG_055113.1	3252	6	0
NG_055112.1	3197	11	0
NG_055111.1	3199	16	0
NG_055110.1	3197	26	0
NG_055108.1	3166	117	0
NG_055107.1	3195	20	0
NG_055106.1	3199	68	0
NG_055105.1	3199	66	0
NG_055104.1	3231	43	0
NG_055103.1	3169	26	0
NG_055102.1	3166	25	0
NG_055101.1	3159	29	0
NG_055100.1	3162	21	0
NG_055099.1	3160	23	0
NG_055098.1	3098	103	0
NG_055097.1	3158	157	0
NG_055096.1	3157	11	0
NG_055094.1	531	12	0
NG_055084.1	531	5	0
NG_055065.1	574	3	0
NG_055063.1	3297	37	0
NG_055054.1	604	51	0
NG_055053.1	576	1	0
NG_055049.1	649	29	0
NG_055048.1	3213	7	0
NG_055036.1	3309	65	0
NG_055033.1	3315	9	0
NG_055032.1	3315	23	0
NG_055031.1	3301	6	0
NG_055030.1	3272	14	0
NG_055029.1	3277	15	0
NG_055028.1	3276	61	0
NG_055024.1	570	4	0
NG_055023.1	571	1	0
NG_055020.1	585	1	0
NG_054865.1	570	1	0
NG_054851.1	569	1	0
NG_054831.1	3230	18	0
NG_054830.1	3198	60	0
NG_054819.1	3183	13	0
NG_054805.1	3284	39	0
NG_054804.1	3284	42	0
NG_042774.1	1034	1	0
NG_042747.1	1737	16	0
NG_042703.1	1320	1	0
NG_042695.1	1789	373	0
NG_042694.1	1788	412	0
NG_042693.1	1795	481	0
NG_042692.1	1781	498	0
NG_042668.1	1344	1	0
NG_042664.1	1353	1	0
NG_042663.1	885	1	0
NG_042660.1	965	17	0
NG_042649.1	3385	512	0
NG_042648.1	3094	319	0
NG_042647.1	3263	70	0
NG_042646.1	3262	9	0
NG_042645.1	3222	29	0
NG_042644.1	3246	10	0
NG_042643.1	3234	12	0
NG_042642.1	3219	8	0
NG_042641.1	3217	7	0
NG_042640.1	3261	19	0
NG_042639.1	3266	13	0
NG_042638.1	3255	19	0
NG_042637.1	3256	31	0
NG_042636.1	3260	17	0
NG_042635.1	3259	21	0
NG_042634.1	3260	16	0
NG_042633.1	3251	15	0
NG_042632.1	3253	18	0
NG_042631.1	3199	62	0
NG_042630.1	3271	13	0
NG_042629.1	3279	15	0
NG_042628.1	3278	21	0
NG_042627.1	3243	18	0
NG_042626.1	3266	43	0
NG_042625.1	3278	31	0
NG_042624.1	3282	71	0
NG_042623.1	3284	50	0
NG_042622.1	3312	170	0
NG_042621.1	3298	57	0
NG_042611.1	889	11	0
NG_042607.1	1350	3	0
NG_042602.1	714	4	0
NG_042601.1	696	5	0
NG_042596.1	1423	20	0
NG_042595.1	889	6	0
NG_042593.1	894	8	0
NG_042589.1	1287	1	0
NG_042588.1	1291	1	0
NG_042566.1	1428	1	0
NG_042563.1	1428	1	0
NG_042553.1	1424	2	0
NG_042545.1	916	1	0
NG_042544.1	980	1	0
NG_042543.1	1398	1	0
NG_042542.1	1372	314	0
NG_042540.1	1406	1	0
NG_042538.1	1429	2	0
NG_042528.1	3268	41	0
NG_042527.1	2990	23	0
NG_042524.1	3678	86	0
NG_042523.1	1395	43	0
NG_042521.1	1769	9	0
NG_042515.1	621	3	0
NG_042483.1	630	1	0
NG_042482.1	629	2	0
NG_042479.1	1102	1	0
NG_042478.1	1074	2	0
NG_042474.1	802	11	0
NG_042471.1	581	22	0
NG_042464.1	1371	392	0
NG_042448.1	872	2	0
NG_042446.1	3238	39	0
NG_042445.1	3211	20	0
NG_042444.1	3212	71	0
NG_042442.1	1400	4	0
NG_042441.1	631	1	0
NG_042439.1	3260	8	0
NG_042438.1	3251	13	0
NG_042437.1	3261	9	0
NG_042436.1	3619	54	0
NG_042435.1	3255	22	0
NG_042434.1	3255	18	0
NG_042433.1	3807	62	0
NG_042432.1	3271	10	0
NG_042431.1	3710	21	0
NG_042430.1	3687	9	0
NG_042429.1	3701	10	0
NG_042428.1	3250	16	0
NG_042427.1	3256	6	0
NG_042426.1	3256	16	0
NG_042425.1	4685	22	0
NG_042424.1	3235	9	0
NG_042415.1	3162	1112	0
NG_042414.1	3334	441	0
NG_042393.1	624	2	0
NG_042391.1	629	3	0
NG_042390.1	626	4	0
NG_042389.1	627	1	0
NG_042385.1	626	2	0
NG_042384.1	599	1	0
NG_042371.1	638	2	0
NG_042368.1	634	4	0
NG_042366.1	640	1	0
NG_042363.1	634	1	0
NG_042361.1	636	2	0
NG_042357.1	629	1	0
NG_042356.1	629	1	0
NG_042355.1	630	2	0
NG_042354.1	632	1	0
NG_042345.1	604	1	0
NG_042344.1	604	2	0
NG_042343.1	604	1	0
NG_042342.1	601	1	0
NG_042339.1	604	1	0
NG_042331.1	1282	1	0
NG_042322.1	1282	1	0
NG_042321.1	1282	1	0
NG_027648.1	3459	244	0
NG_027646.1	2771	235	0
NG_027645.1	3237	58	0
NG_027634.1	1184	1	0
NG_027618.1	3799	158	0
NG_027616.1	3270	632	0
NG_027613.1	3188	917	0
NG_027611.1	1394	2	0
NG_027595.1	1409	3	0
NG_027584.1	1388	1	0
NG_027568.1	1157	8	0
NG_027567.1	3255	619	0
NG_027564.1	3237	125	0
NG_027561.1	3189	1542	0
NG_027560.1	4318	1068	0
NG_060249.1	3172	107	0
NG_060069.1	3174	263	0
NG_060067.1	984	59	0
NG_060066.1	1356	1	0
NG_059912.1	958	231	0
NG_059518.1	3062	1012	0
NG_059517.1	3072	456	0
NG_059418.1	1128	2	0
NG_057757.1	1427	5	0
NG_060630.1	1399	14	0
NG_027623.1	3134	263	0
NG_060251.1	2970	262	0
NG_060250.1	3180	56	0
NG_060831.1	862	17	0
NG_060824.1	656	76	0
NG_060819.1	871	4	0
NG_060818.1	907	4	0
NG_060816.1	816	2	0
NG_060809.1	858	12	0
NG_060805.1	705	5	0
NG_060804.1	817	2	0
NG_060783.1	595	4	0
NG_060705.1	918	1	0
NG_060689.1	1373	1	0
NG_060688.1	1289	268	0
NG_060686.1	920	1	0
NG_060684.1	1459	2	0
NG_060677.1	932	21	0
NG_060676.1	860	31	0
NG_060656.1	959	31	0
NG_060655.1	961	154	0
NG_060654.1	964	35	0
NG_060650.1	1341	1	0
NG_060649.1	1335	1	0
NG_060648.1	1329	1	0
NG_060646.1	1338	2	0
NG_060642.1	1319	5	0
NG_060639.1	1148	28	0
NG_060638.1	1366	1	0
NG_060637.1	1364	1	0
NG_060635.1	1354	17	0
NG_060632.1	1044	1	0
NG_060621.1	886	1	0
NG_060619.1	597	1	0
NG_060427.1	891	1	0
NG_060165.1	600	4	0
NG_060154.1	1365	6	0
NG_060153.1	1392	39	0
NG_060398.1	1295	3	0
NG_060397.1	1242	8	0
NG_060275.1	890	1	0
NG_059244.1	783	18	0
NG_059226.1	665	15	0
NG_060441.1	1333	5	0
NG_060440.1	1397	2	0
NG_060430.1	1402	2	0
NG_060429.1	1402	13	0
NG_060425.1	1296	1	0
NG_060423.1	1292	1	0
NG_060421.1	895	1	0
NG_060420.1	2073	191	0
NG_060417.1	1356	1	0
NG_060415.1	870	49	0
NG_060414.1	910	14	0
NG_060411.1	867	2	0
NG_060405.1	1451	4	0
NG_060403.1	1308	1	0
NG_060402.1	1045	1	0
NG_060400.1	2969	103	0
NG_060390.1	1043	1	0
NG_060384.1	917	1	0
NG_060381.1	3260	12	0
NG_060380.1	3253	15	0
NG_060379.1	3075	50	0
NG_060360.1	1233	2	0
NG_060351.1	922	3	0
NG_060346.1	1349	2	0
NG_060338.1	1386	3	0
NG_060336.1	569	1	0
NG_060335.1	874	3	0
NG_060328.1	1019	1	0
NG_060324.1	993	25	0
NG_060310.1	1384	4	0
NG_060305.1	946	1	0
NG_060304.1	1397	19	0
NG_060298.1	1350	9	0
NG_060288.1	919	1	0
NG_060285.1	940	2	0
NG_060284.1	900	2	0
NG_060281.1	591	1	0
NG_060278.1	891	1	0
NG_060267.1	1118	5	0
NG_060258.1	862	3	0
NG_060257.1	1538	1	0
NG_060248.1	578	1	0
NG_060242.1	633	2	0
NG_060234.1	598	1	0
NG_060181.1	990	2	0
NG_060179.1	1392	3	0
NG_060177.1	888	1	0
NG_060176.1	813	1	0
NG_060171.1	1054	4	0
NG_060169.1	1027	4	0
NG_060163.1	1393	2	0
NG_060152.1	756	23	0
NG_060151.1	865	1	0
NG_060149.1	1357	2	0
NG_060148.1	879	31	0
NG_060147.1	875	20	0
NG_060133.1	927	2	0
NG_060128.1	1345	1	0
NG_060124.1	850	906	0
NG_060121.1	566	1	0
NG_060120.1	872	5	0
NG_060114.1	1381	4	0
NG_060110.1	874	938	0
NG_060109.1	567	4	0
NG_060102.1	1387	2	0
NG_060100.1	1377	1	0
NG_060099.1	1402	1	0
NG_060098.1	1184	1	0
NG_060076.1	762	1	0
NG_060075.1	3083	29	0
NG_060074.1	3061	45	0
NG_060073.1	848	1	0
NG_060072.1	886	512	0
NG_060071.1	592	2	0
NG_060068.1	819	116	0
NG_060064.1	1074	2	0
NG_060063.1	597	1	0
NG_060022.1	1408	3	0
NG_060017.1	938	2	0
NG_060016.1	1315	8	0
NG_060014.1	1318	1	0
NG_060013.1	1204	223	0
NG_060012.1	1339	3	0
NG_060010.1	1322	2	0
NG_060004.1	894	1	0
NG_060003.1	1361	18	0
NG_060002.1	908	1	0
NG_059998.1	910	1	0
NG_059997.1	966	4	0
NG_059996.1	967	85	0
NG_059979.1	1037	2	0
NG_059978.1	953	1	0
NG_059977.1	1378	3	0
NG_059971.1	870	1	0
NG_059970.1	1364	1	0
NG_059959.1	1313	1	0
NG_059954.1	599	1	0
NG_059948.1	1386	2	0
NG_059947.1	1342	2	0
NG_059943.1	500	1	0
NG_059925.1	1090	1	0
NG_059923.1	1131	1	0
NG_059917.1	624	1	0
NG_059916.1	3265	10	0
NG_059915.1	3254	28	0
NG_059905.1	935	2	0
NG_055326.1	3221	17	0
NG_059883.1	814	1	0
NG_059841.1	901	50	0
NG_059839.1	859	4	0
NG_059828.1	902	47	0
NG_059824.1	1253	1	0
NG_059809.1	1321	1	0
NG_059808.1	1315	2	0
NG_059805.1	1271	1	0
NG_059802.1	1157	2	0
NG_059798.1	1857	3	0
NG_059778.1	1236	2	0
NG_059712.1	825	4	0
NG_059700.1	849	194	0
NG_059696.1	1212	2	0
NG_059683.1	984	1	0
NG_059658.1	930	1	0
NG_059657.1	896	1	0
NG_059656.1	1322	1	0
NG_059647.1	987	1	0
NG_059646.1	1041	1	0
NG_059641.1	1040	2	0
NG_059630.1	823	1	0
NG_059626.1	833	4	0
NG_059622.1	840	4	0
NG_059605.1	1306	4	0
NG_059585.1	806	1	0
NG_059584.1	795	1	0
NG_059552.1	942	11	0
NG_059542.1	566	2	0
NG_059538.1	961	39	0
NG_059525.1	874	1	0
NG_059522.1	1328	2	0
NG_059521.1	1064	2	0
NG_059519.1	870	2	0
NG_059503.1	1053	5	0
NG_059499.1	1405	12	0
NG_059491.1	1324	5	0
NG_059481.1	807	1	0
NG_059476.1	1298	1	0
NG_059475.1	1339	1	0
NG_059471.1	849	1	0
NG_059464.1	871	81	0
NG_059446.1	1073	5	0
NG_059445.1	1071	7	0
NG_059444.1	1340	1	0
NG_059436.1	901	1	0
NG_059434.1	1398	1	0
NG_059401.1	1309	2	0
NG_059400.1	1309	1	0
NG_059399.1	1308	1	0
NG_059395.1	1311	1	0
NG_059394.1	1289	1	0
NG_059392.1	1315	2	0
NG_059391.1	1315	2	0
NG_059389.1	1302	1	0
NG_056285.1	1400	1	0
NG_055327.1	3211	212	0
NG_055325.1	3224	19	0
NG_042330.1	1285	1	0
NG_059265.1	888	21	0
NG_059257.1	817	4	0
NG_059243.1	906	1	0
NG_059241.1	880	12	0
NG_059218.1	859	17	0
NG_059193.1	1127	2	0
NG_059171.1	831	2	0
NG_059169.1	825	1	0
NG_059167.1	836	5	0
NG_059166.1	839	1	0
NG_059156.1	963	1	0
NG_059154.1	655	1	0
NG_059153.1	935	1	0
NG_059148.1	932	3	0
NG_059147.1	553	1	0
NG_059112.1	1320	24	0
NG_059102.1	920	1	0
NG_059100.1	917	1	0
NG_059096.1	917	1	0
NG_059095.1	920	1	0
NG_059079.1	810	1	0
NG_059076.1	3295	87	0
NG_059069.1	611	2	0
NG_059059.1	597	1	0
NG_059042.1	892	8	0
NG_059036.1	1315	1	0
NG_059034.1	1315	4	0
NG_059032.1	1307	1	0
NG_059031.1	1317	1	0
NG_059030.1	1305	1	0
NG_059029.1	819	2	0
NG_059026.1	985	23	0
NG_059011.1	659	2	0
NG_059010.1	937	1	0
NG_058998.1	931	16	0
NG_058981.1	837	7	0
NG_058979.1	582	1	0
NG_058967.1	1171	1	0
NG_058966.1	1172	1	0
NG_058953.1	1386	1	0
NG_058951.1	1314	968	0
NG_058950.1	1305	896	0
NG_058939.1	858	1	0
NG_058938.1	1256	1	0
NG_058937.1	1255	1	0
NG_058936.1	1393	5	0
NG_058931.1	1305	5	0
NG_058918.1	819	37	0
NG_058908.1	2165	26	0
NG_058885.1	921	1	0
NG_058876.1	849	3	0
NG_058872.1	966	11	0
NG_058856.1	1400	1	0
NG_058849.1	918	1	0
NG_058847.1	1377	1	0
NG_058833.1	703	1	0
NG_058819.1	637	1	0
NG_058816.1	1274	4	0
NG_058801.1	953	9	0
NG_058797.1	902	3	0
NG_058789.1	956	2	0
NG_058788.1	949	1	0
NG_058782.1	3290	108	0
NG_058776.1	1407	25	0
NG_058766.1	629	3	0
NG_058764.1	1321	2	0
NG_058758.1	610	1	0
NG_058755.1	3255	13	0
NG_058754.1	3255	10	0
NG_058753.1	3262	109	0
NG_058752.1	3250	7	0
NG_058751.1	3250	10	0
NG_058750.1	3254	13	0
NG_058749.1	3258	7	0
NG_058748.1	3257	37	0
NG_058747.1	3273	17	0
NG_058743.1	993	1409	0
NG_058742.1	1427	7	0
NG_058736.1	1315	1	0
NG_058710.1	879	4	0
NG_058708.1	652	1	0
NG_058707.1	926	1	0
NG_058701.1	684	75	0
NG_058698.1	955	1	0
NG_058696.1	695	4	0
NG_058686.1	1665	1	0
NG_058685.1	1718	1	0
NG_058684.1	906	1	0
NG_058682.1	847	1	0
NG_058677.1	1329	1	0
NG_058674.1	1824	5	0
NG_058673.1	1776	5	0
NG_058672.1	1693	2	0
NG_058661.1	604	20	0
NG_058660.1	633	10	0
NG_058653.1	950	3	0
NG_058648.1	692	1	0
NG_058642.1	1326	4	0
NG_058641.1	1327	1	0
NG_058633.1	916	1	0
NG_058630.1	3329	23	0
NG_058629.1	3261	29	0
NG_058628.1	3336	6	0
NG_058623.1	1412	1	0
NG_058617.1	616	14	0
NG_058615.1	627	1	0
NG_058614.1	624	2	0
NG_058610.1	609	1	0
NG_058606.1	1385	25	0
NG_058604.1	799	1	0
NG_058602.1	845	18	0
NG_058601.1	561	17	0
NG_058597.1	1342	23	0
NG_058595.1	842	38	0
NG_058593.1	870	10	0
NG_058592.1	870	6	0
NG_058589.1	870	2	0
NG_058587.1	871	4	0
NG_058585.1	882	22	0
NG_058582.1	731	1855	0
NG_058580.1	1339	1	0
NG_058576.1	885	1	0
NG_058574.1	885	1	0
NG_058573.1	885	1	0
NG_058572.1	885	1	0
NG_058566.1	898	4	0
NG_058565.1	1492	1	0
NG_058562.1	698	2	0
NG_058561.1	698	234	0
NG_058560.1	702	1853	0
NG_058548.1	1425	19	0
NG_058546.1	586	1	0
NG_058542.1	1413	1	0
NG_058540.1	602	1	0
NG_058475.1	1289	2	0
NG_058450.1	902	2	0
NG_058448.1	678	6	0
NG_058447.1	916	90	0
NG_058444.1	543	1	0
NG_058435.1	617	1	0
NG_058434.1	932	1	0
NG_058433.1	931	1	0
NG_058432.1	931	1	0
NG_058431.1	917	7	0
NG_058430.1	934	2	0
NG_058429.1	924	1	0
NG_058424.1	933	1	0
NG_058417.1	930	5	0
NG_058416.1	635	2	0
NG_058410.1	931	1	0
NG_058409.1	849	3	0
NG_058408.1	818	3	0
NG_058403.1	978	1	0
NG_058401.1	678	1	0
NG_058399.1	924	3	0
NG_058389.1	597	2	0
NG_058387.1	639	1	0
NG_058386.1	901	4	0
NG_058383.1	906	3	0
NG_058379.1	938	5	0
NG_058378.1	900	1	0
NG_058374.1	591	23	0
NG_058372.1	939	1	0
NG_058371.1	939	1	0
NG_058368.1	931	2	0
NG_058367.1	937	1	0
NG_058364.1	742	7	0
NG_058356.1	929	1	0
NG_058355.1	841	1	0
NG_058352.1	658	11	0
NG_058351.1	918	1	0
NG_058350.1	639	2	0
NG_058346.1	852	1	0
NG_058343.1	864	2	0
NG_058337.1	700	1	0
NG_058327.1	934	2	0
NG_058324.1	923	1	0
NG_058323.1	636	1	0
NG_058321.1	719	8	0
NG_058320.1	636	1	0
NG_058318.1	931	1	0
NG_058314.1	580	1	0
NG_058307.1	937	1	0
NG_058306.1	629	4	0
NG_058305.1	897	3	0
NG_058304.1	933	1	0
NG_058300.1	1170	111	0
NG_058299.1	761	2	0
NG_058298.1	658	1	0
NG_058297.1	851	1	0
NG_058291.1	668	2	0
NG_058290.1	580	1	0
NG_058289.1	592	1	0
NG_058288.1	801	6	0
NG_058287.1	930	7	0
NG_058286.1	810	13	0
NG_058277.1	656	1	0
NG_058262.1	1940	1	0
NG_058198.1	1205	2	0
NG_058157.1	1350	2	0
NG_058156.1	1350	2	0
NG_058037.1	1067	3	0
NG_058036.1	1069	2	0
NG_058035.1	1067	1	0
NG_058034.1	1067	2	0
NG_058033.1	1067	2	0
NG_058031.1	1067	3	0
NG_058029.1	1329	2	0
NG_058028.1	1843	106	0
NG_058016.1	1324	1	0
NG_058012.1	1343	3	0
NG_057996.1	835	1	0
NG_057972.1	1435	34	0
NG_057971.1	1434	70	0
NG_057954.1	945	1	0
NG_057910.1	954	363	0
NG_057906.1	886	1	0
NG_057881.1	669	1	0
NG_057880.1	588	20	0
NG_057879.1	586	42	0
NG_057877.1	699	1	0
NG_057855.1	3279	301	0
NG_057854.1	4009	48	0
NG_057848.1	3299	139	0
NG_057838.1	1327	1	0
NG_057833.1	629	1	0
NG_057825.1	594	1	0
NG_057811.1	1353	1	0
NG_057807.1	1389	1	0
NG_057806.1	1378	1	0
NG_057805.1	604	1	0
NG_057801.1	1327	3	0
NG_057798.1	1329	1	0
NG_057793.1	888	1	0
NG_057783.1	935	1	0
NG_057777.1	3283	92	0
NG_057774.1	3286	386	0
NG_057772.1	3296	73	0
NG_057771.1	1720	66	0
NG_057760.1	669	2	0
NG_057758.1	1426	2	0
NG_057750.1	1315	1	0
NG_057733.1	1441	2	0
NG_057732.1	1432	2	0
NG_057729.1	1413	2	0
NG_057728.1	572	3	0
NG_057725.1	1305	19	0
NG_057723.1	593	1896	0
NG_057722.1	631	3	0
NG_057720.1	801	19	0
NG_057714.1	872	2	0
NG_057713.1	876	2	0
NG_057712.1	871	2	0
NG_057707.1	584	1	0
NG_057706.1	582	1	0
NG_057690.1	627	1	0
NG_057685.1	870	3	0
NG_057681.1	626	1	0
NG_057680.1	627	3	0
NG_057677.1	626	1	0
NG_057670.1	627	1	0
NG_057667.1	603	2	0
NG_057665.1	557	1	0
NG_057664.1	624	2	0
NG_057662.1	627	16	0
NG_057660.1	627	1	0
NG_057658.1	629	1	0
NG_057656.1	630	1	0
NG_057653.1	612	1	0
NG_057649.1	627	1	0
NG_057646.1	623	2	0
NG_057640.1	623	1	0
NG_057289.1	674	13	0
NG_057273.1	1429	2	0
NG_057272.1	1389	3	0
NG_057270.1	1434	2	0
NG_057269.1	1437	3	0
NG_057268.1	1424	17	0
NG_057267.1	1395	1	0
NG_057266.1	1431	3	0
NG_057265.1	1418	5	0
NG_057264.1	1360	2	0
NG_057262.1	1396	3	0
NG_057258.1	1358	6	0
NG_057256.1	1387	1	0
NG_057255.1	1384	8	0
NG_057252.1	1364	7	0
NG_057249.1	1389	15	0
NG_057247.1	1403	5	0
NG_057246.1	1427	7	0
NG_057245.1	1436	5	0
NG_057244.1	1389	2	0
NG_057243.1	1448	3	0
NG_057242.1	1301	3	0
NG_057241.1	1387	2	0
NG_057239.1	1389	3	0
NG_057238.1	1442	5	0
NG_057236.1	1395	3	0
NG_057235.1	1351	6	0
NG_057234.1	1389	1	0
NG_057230.1	937	17	0
NG_057227.1	1429	3	0
NG_057226.1	1386	4	0
NG_057225.1	1381	2	0
NG_057223.1	1398	3	0
NG_057222.1	1352	7	0
NG_057221.1	1424	1	0
NG_057220.1	1312	6	0
NG_057219.1	1363	2	0
NG_057218.1	1429	2	0
NG_057217.1	1397	3	0
NG_057216.1	1361	3	0
NG_057215.1	1420	8	0
NG_057214.1	1385	25	0
NG_057213.1	1426	7	0
NG_057212.1	1383	2	0
NG_057211.1	939	1	0
NG_057210.1	1421	104	0
NG_057209.1	1386	3	0
NG_057208.1	1428	11	0
NG_057206.1	1422	3	0
NG_057205.1	1387	7	0
NG_057204.1	1385	2	0
NG_057203.1	1425	4	0
NG_057202.1	1385	5	0
NG_057201.1	1354	1	0
NG_057199.1	1425	4	0
NG_057198.1	1421	2	0
NG_057197.1	1433	5	0
NG_057195.1	1432	23	0
NG_057193.1	1442	7	0
NG_057191.1	1427	1	0
NG_057190.1	1430	17	0
NG_057189.1	1430	1	0
NG_057179.1	594	1	0
NG_057178.1	3253	38	0
NG_057177.1	3253	21	0
NG_057176.1	3254	6	0
NG_057175.1	3254	16	0
NG_057174.1	3258	19	0
NG_057173.1	3254	14	0
NG_057172.1	3250	8	0
NG_057171.1	3249	10	0
NG_057170.1	3251	11	0
NG_057169.1	3256	15	0
NG_057168.1	3253	16	0
NG_057167.1	3255	5	0
NG_057166.1	3259	10	0
NG_057165.1	3261	11	0
NG_057164.1	3255	44	0
NG_057163.1	3282	7	0
NG_057162.1	3299	24	0
NG_057161.1	3264	34	0
NG_057160.1	3267	8	0
NG_057159.1	3267	10	0
NG_057158.1	3273	10	0
NG_057141.1	1309	1	0
NG_057140.1	1314	1	0
NG_057128.1	927	4	0
NG_057126.1	936	1	0
NG_057125.1	926	2	0
NG_057123.1	928	5	0
NG_057122.1	909	1	0
NG_057119.1	1303	1	0
NG_057106.1	873	2	0
NG_057098.1	1344	1	0
NG_057095.1	1829	1	0
NG_057074.1	838	2	0
NG_057072.1	839	11	0
NG_057067.1	1349	233	0
NG_057066.1	1374	2	0
NG_057062.1	1454	25	0
NG_057061.1	1442	60	0
NG_057060.1	1452	14	0
NG_057058.1	1382	11	0
NG_057042.1	968	16	0
NG_057038.1	864	20	0
NG_057033.1	794	15	0
NG_057032.1	858	24	0
NG_057020.1	1309	240	0
NG_057015.1	1389	1	0
NG_057010.1	873	1	0
NG_057009.1	874	2	0
NG_057008.1	873	3	0
NG_057000.1	873	1	0
NG_056999.1	988	34	0
NG_056996.1	924	18	0
NG_056968.1	3289	81	0
NG_056962.1	587	1	0
NG_056960.1	587	12	0
NG_056956.1	619	1	0
NG_056937.1	1305	1	0
NG_056290.1	1270	2	0
NG_056284.1	873	5	0
NG_056280.1	696	7	0
NG_056278.1	3263	107	0
NG_056274.1	625	2	0
NG_056273.1	619	3	0
NG_056272.1	626	2	0
NG_056270.1	626	2	0
NG_056269.1	628	2	0
NG_027589.1	1217	1	0
