NG_087918.1	1699	1	0
NG_087914.1	998	1	0
NG_087910.1	1026	1229	0
NG_087909.1	1029	1270	0
NG_087908.1	935	9	0
NG_087906.1	1013	1	0
NG_087901.1	1695	1	0
NG_087894.1	2070	1	0
NG_087891.1	1084	31	0
NG_087890.1	1084	28	0
NG_087889.1	1084	27	0
NG_087888.1	1084	24	0
NG_087887.1	1084	26	0
NG_087886.1	1071	26	0
NG_087885.1	1084	49	0
NG_087884.1	1084	43	0
NG_087883.1	1255	2	0
NG_087875.1	1678	1	0
NG_087872.1	1620	1	0
NG_087871.1	1009	101	0
NG_087870.1	1009	232	0
NG_087869.1	1009	258	0
NG_087868.1	1006	237	0
NG_087867.1	1089	1	0
NG_087859.1	1602	1	0
NG_087858.1	1627	2	0
NG_087857.1	1728	2	0
NG_064877.1	1700	6	0
NG_062606.1	1685	1	0
NG_063049.1	1651	1	0
NG_063048.1	1650	1	0
NG_062997.1	1699	1	0
NG_062985.1	1463	1	0
NG_062602.1	1686	2	0
NG_061019.1	1738	2	0
NG_081434.1	1696	11	0
NG_081431.1	1136	1211	0
NG_081430.1	1135	1220	0
NG_081429.1	1127	1302	0
NG_081428.1	1130	38	0
NG_081427.1	1128	40	0
NG_081424.1	1013	915	0
NG_081423.1	749	39	0
NG_081420.1	1028	31	0
NG_081419.1	1029	29	0
NG_081418.1	1018	30	0
NG_081417.1	1029	27	0
NG_081416.1	1027	27	0
NG_081412.1	1098	40	0
NG_081411.1	1071	45	0
NG_081410.1	1093	36	0
NG_081409.1	1134	31	0
NG_081401.1	1054	1	0
NG_081398.1	1028	2638	0
NG_081396.1	1664	8	0
NG_081383.1	1014	6	0
NG_081380.1	1645	714	0
NG_081378.1	1491	3	0
NG_081377.1	1653	16	0
NG_081375.1	1723	2	0
NG_081374.1	1776	3	0
NG_081372.1	1601	3	0
NG_081367.1	1011	1	0
NG_081366.1	1736	984	0
NG_081364.1	1737	4003	0
NG_081361.1	1036	1	0
NG_081360.1	1741	3	0
NG_065067.1	1010	253	0
NG_065066.1	1009	224	0
NG_064993.1	1712	3	0
NG_067668.1	1106	16	0
NG_067667.1	1106	25	0
NG_078770.1	1106	907	0
NG_078757.1	1647	1219	0
NG_078756.1	1595	81	0
NG_078755.1	1607	341	0
NG_078753.1	578	1357	0
NG_078750.1	1648	2	0
NG_078744.1	1010	1	0
NG_078741.1	1765	673	0
NG_078738.1	1008	601	0
NG_078737.1	1007	30	0
NG_078736.1	894	18	0
NG_078735.1	1008	35	0
NG_078734.1	1008	34	0
NG_078733.1	1008	32	0
NG_078732.1	1008	37	0
NG_078730.1	1727	3	0
NG_078729.1	1057	1	0
NG_078728.1	1733	8	0
NG_078727.1	1690	6	0
NG_078724.1	1782	1708	0
NG_078723.1	1782	9	0
NG_077396.1	1775	2	0
NG_073507.1	1027	28	0
NG_070125.1	945	1	0
NG_064964.1	1091	1	0
NG_062617.1	1723	1	0
NG_065099.1	1008	27	0
NG_062621.1	1757	12	0
NG_077449.1	1006	51	0
NG_077448.1	1128	239	0
NG_077447.1	1100	930	0
NG_077445.1	1001	17	0
NG_077444.1	1008	3	0
NG_077443.1	1000	5	0
NG_077442.1	985	14	0
NG_077440.1	996	619	0
NG_077439.1	1014	1	0
NG_077438.1	1014	1	0
NG_077437.1	1009	3	0
NG_077432.1	1658	1	0
NG_077431.1	1177	90	0
NG_077430.1	1014	9	0
NG_077429.1	1013	13	0
NG_077428.1	1030	52	0
NG_077427.1	1038	49	0
NG_077426.1	1029	39	0
NG_077425.1	1022	49	0
NG_077424.1	1032	39	0
NG_077423.1	1023	44	0
NG_077406.1	1594	40	0
NG_077405.1	1552	3	0
NG_077404.1	1718	1	0
NG_077403.1	1718	8	0
NG_077401.1	1617	4	0
NG_077397.1	2045	19	0
NG_070848.1	1732	5	0
NG_065470.1	1744	1	0
NG_063443.1	1763	12	0
NG_063441.1	1763	6	0
NG_065501.1	1787	1421	0
NG_062664.1	1726	2	0
NG_076804.1	1013	10	0
NG_076803.1	1013	9	0
NG_076802.1	1013	12	0
NG_076801.1	1013	11	0
NG_076800.1	1010	7	0
NG_076799.1	1005	11	0
NG_076798.1	986	14	0
NG_076797.1	1014	13	0
NG_076796.1	1013	8	0
NG_076795.1	1008	14	0
NG_076794.1	1012	9	0
NG_076793.1	1012	21	0
NG_076792.1	1013	8	0
NG_076791.1	1013	13	0
NG_076790.1	1012	11	0
NG_076789.1	1014	11	0
NG_076788.1	1006	4	0
NG_076787.1	1007	12	0
NG_076786.1	1006	11	0
NG_076785.1	1013	8	0
NG_076784.1	1005	9	0
NG_076783.1	1008	14	0
NG_076782.1	1008	11	0
NG_076781.1	1011	10	0
NG_076780.1	1006	12	0
NG_076779.1	1011	13	0
NG_076778.1	1012	11	0
NG_076777.1	1011	4	0
NG_076776.1	1011	15	0
NG_076775.1	995	7	0
NG_076773.1	1013	6	0
NG_076772.1	1013	6	0
NG_076771.1	1013	8	0
NG_076770.1	1012	10	0
NG_076769.1	1013	10	0
NG_076768.1	1013	13	0
NG_076767.1	1012	14	0
NG_076766.1	1013	9	0
NG_076765.1	1013	7	0
NG_076764.1	1010	16	0
NG_076763.1	1010	12	0
NG_076762.1	1011	12	0
NG_076761.1	1013	10	0
NG_076760.1	1011	14	0
NG_076759.1	1005	10	0
NG_076758.1	1011	10	0
NG_076757.1	1015	10	0
NG_076754.1	990	10	0
NG_070165.1	999	1	0
NG_065542.1	1724	1	0
NG_065129.1	1454	2	0
NG_064798.1	1736	2	0
NG_063405.1	1781	5	0
NG_063238.1	1751	2	0
NG_062713.1	1696	5	0
NG_062712.1	1701	3	0
NG_062663.1	2451	1	0
NG_062114.1	1006	1	0
NG_061072.1	1598	2	0
NG_017171.1	1771	409	0
NG_064936.1	2057	1	0
NG_063063.1	1054	1	0
NG_062940.1	1654	9	0
NG_074968.1	1102	37	0
NG_074967.1	985	38	0
NG_074961.1	1025	326	0
NG_074959.1	2668	1	0
NG_074958.1	2084	2	0
NG_074957.1	991	43	0
NG_074954.1	1678	4	0
NG_074927.1	1011	2	0
NG_074922.1	1423	1	0
NG_074918.1	1013	1	0
NG_074915.1	1360	1	0
NG_074914.1	1670	1	0
NG_074913.1	1669	1	0
NG_074908.1	1046	44	0
NG_074907.1	1107	1	0
NG_074906.1	1625	3	0
NG_074905.1	1607	13	0
NG_074904.1	1626	5	0
NG_074903.1	885	2	0
NG_074900.1	985	1	0
NG_074895.1	1688	1	0
NG_074891.1	914	1	0
NG_074890.1	839	1	0
NG_074879.1	1683	3	0
NG_065105.1	1770	3	0
NG_064992.1	1183	49	0
NG_062360.1	1770	1	0
NG_073571.1	1084	42	0
NG_073570.1	1088	44	0
NG_073569.1	1084	239	0
NG_073567.1	1714	1	0
NG_073566.1	1729	1	0
NG_073565.1	1673	2	0
NG_073564.1	1714	6	0
NG_073563.1	1700	2	0
NG_073562.1	1651	1	0
NG_073561.1	1179	8	0
NG_073560.1	854	1	0
NG_073543.1	984	1	0
NG_073541.1	753	9	0
NG_073536.1	1307	1	0
NG_073535.1	1043	1	0
NG_073528.1	1327	2	0
NG_073524.1	1184	3	0
NG_073523.1	1211	1	0
NG_073522.1	1135	2	0
NG_073521.1	1654	291	0
NG_073520.1	1657	88	0
NG_073514.1	1028	56	0
NG_073510.1	1001	2	0
NG_073503.1	1686	11	0
NG_073502.1	1680	4	0
NG_073500.1	1665	2	0
NG_073499.1	1705	5	0
NG_073498.1	1737	2	0
NG_073497.1	1589	8	0
NG_073496.1	1971	1	0
NG_073495.1	1684	2	0
NG_073493.1	1771	10	0
NG_062166.1	1714	1	0
NG_065069.1	1009	675	0
NG_070910.1	1672	2	0
NG_070907.1	551	3	0
NG_070906.1	551	1	0
NG_070905.1	551	3	0
NG_070276.1	996	4	0
NG_070273.1	995	3	0
NG_070271.1	998	2	0
NG_070270.1	996	8	0
NG_070269.1	996	2	0
NG_070268.1	998	5	0
NG_070267.1	998	3	0
NG_070265.1	996	2	0
NG_070263.1	997	3	0
NG_070262.1	997	2	0
NG_070261.1	997	2	0
NG_070259.1	995	1	0
NG_070257.1	996	2	0
NG_070255.1	996	1	0
NG_070254.1	996	5	0
NG_070250.1	995	1	0
NG_070247.1	996	12	0
NG_070246.1	996	17	0
NG_070242.1	996	4	0
NG_016524.2	1711	2	0
NG_070882.1	1802	62	0
NG_070881.1	1781	673	0
NG_070878.1	1761	498	0
NG_070877.1	1964	2473	0
NG_070875.1	1792	2483	0
NG_070874.1	1766	1019	0
NG_070871.1	1689	1	0
NG_070868.1	1801	4	0
NG_070867.1	1810	3	0
NG_070866.1	2272	5	0
NG_070865.1	1810	5	0
NG_070864.1	1085	29	0
NG_070862.1	2650	8	0
NG_070860.1	1140	42	0
NG_070857.1	1119	1	0
NG_070855.1	1782	5	0
NG_070854.1	1786	5	0
NG_070853.1	2071	4	0
NG_070852.1	1748	3	0
NG_070851.1	1748	2	0
NG_070850.1	1849	1532	0
NG_070849.1	1741	16	0
NG_070847.1	1780	18	0
NG_070863.1	1771	8	0
NG_070808.1	1738	3334	0
NG_070807.1	1686	167	0
NG_070806.1	1771	248	0
NG_070805.1	1771	256	0
NG_070804.1	1788	6	0
NG_070803.1	1787	5	0
NG_070802.1	1783	6	0
NG_070801.1	1776	1303	0
NG_070800.1	1756	3	0
NG_070797.1	1774	4456	0
NG_070795.1	1696	16	0
NG_070794.1	1241	14	0
NG_070792.1	1718	21	0
NG_070791.1	1787	8	0
NG_070790.1	1802	6	0
NG_070788.1	1748	2	0
NG_070787.1	1788	4	0
NG_070789.1	1348	1	0
NG_070697.1	1839	1430	0
NG_070695.1	1592	85	0
NG_070694.1	1667	53	0
NG_070693.1	1698	77	0
NG_070692.1	1170	114	0
NG_070691.1	1731	307	0
NG_070690.1	1757	156	0
NG_070687.1	1770	68	0
NG_070686.1	1776	1	0
NG_070685.1	1760	176	0
NG_070678.1	1027	1	0
NG_070676.1	918	4	0
NG_070668.1	786	1	0
NG_070641.1	1667	4	0
NG_070638.1	1772	942	0
NG_070637.1	1033	42	0
NG_070635.1	1741	743	0
NG_070634.1	1701	3	0
NG_062677.1	1683	1	0
NG_063530.1	1738	3	0
NG_070325.1	1029	41	0
NG_070324.1	1013	56	0
NG_070313.1	1060	1	0
NG_070311.1	937	4	0
NG_070310.1	1640	4	0
NG_070309.1	1791	7	0
NG_070308.1	1640	1	0
NG_070307.1	1637	2	0
NG_070306.1	1641	2	0
NG_070305.1	1640	173	0
NG_070304.1	1640	4	0
NG_070303.1	1641	3	0
NG_070302.1	1640	2	0
NG_070299.1	1027	1	0
NG_070295.1	1002	4	0
NG_070294.1	1721	15	0
NG_070292.1	1105	33	0
NG_070289.1	1106	268	0
NG_070288.1	1106	28	0
NG_070287.1	1713	205	0
NG_070286.1	2045	3	0
NG_070285.1	1673	1	0
NG_070284.1	767	2	0
NG_070283.1	1664	44	0
NG_070282.1	1719	59	0
NG_070281.1	1809	4	0
NG_070280.1	1573	2	0
NG_070279.1	1765	1	0
NG_070278.1	996	4	0
NG_070277.1	996	5	0
NG_070275.1	995	8	0
NG_070274.1	995	4	0
NG_070272.1	996	1	0
NG_070266.1	995	7	0
NG_070260.1	996	2	0
NG_070258.1	996	1	0
NG_070256.1	996	2	0
NG_070253.1	997	7	0
NG_070252.1	996	1	0
NG_070251.1	996	3	0
NG_070249.1	996	6	0
NG_070248.1	996	1	0
NG_070244.1	997	2	0
NG_070243.1	996	5	0
NG_070241.1	993	5	0
NG_070240.1	996	6	0
NG_070239.1	551	6	0
NG_070238.1	1058	14	0
NG_070237.1	1022	1	0
NG_070235.1	1750	12	0
NG_070234.1	1628	1	0
NG_070233.1	1782	27	0
NG_070232.1	503	4	0
NG_070231.1	1762	16	0
NG_064913.1	1922	2	0
NG_070172.1	996	1	0
NG_070163.1	992	1	0
NG_070158.1	1054	1	0
NG_070151.1	1000	3	0
NG_070133.1	1031	1	0
NG_070132.1	741	98	0
NG_070131.1	1132	1293	0
NG_070130.1	1126	1117	0
NG_070129.1	1133	1212	0
NG_070122.1	986	50	0
NG_070119.1	1025	2	0
NG_070118.1	1024	1	0
NG_070117.1	1663	4	0
NG_070115.1	1106	26	0
NG_070114.1	1011	37	0
NG_070110.1	1650	1	0
NG_070108.1	1116	2	0
NG_070107.1	1116	2	0
NG_070106.1	1115	3	0
NG_070102.1	1115	6	0
NG_070101.1	1615	1	0
NG_070105.1	1117	4	0
NG_070104.1	1116	2	0
NG_070103.1	1116	1	0
NG_064857.1	2250	9	0
NG_063521.1	1753	3	0
NG_063015.1	1587	62	0
NG_062040.1	1670	2	0
NG_068402.1	1137	1	0
NG_068400.1	967	2	0
NG_068367.1	1028	1	0
NG_068361.1	1115	3	0
NG_068360.1	1739	1465	0
NG_068429.1	999	2	0
NG_068427.1	1023	3	0
NG_068426.1	948	1	0
NG_068425.1	941	1	0
NG_068420.1	1015	3	0
NG_068415.1	1016	1	0
NG_068406.1	1030	6	0
NG_065592.1	1733	10	0
NG_065591.1	1728	18	0
NG_065590.1	1705	10	0
NG_065487.1	1756	3	0
NG_063248.1	1737	1	0
NG_062857.1	1663	7	0
NG_067721.1	1029	1	0
NG_067720.1	1042	1	0
NG_067712.1	1026	27	0
NG_067709.1	1611	1	0
NG_067705.1	1774	4860	0
NG_067704.1	1773	608	0
NG_067699.1	982	1	0
NG_067698.1	982	1	0
NG_067696.1	1113	46	0
NG_067695.1	1024	1	0
NG_067694.1	1675	1	0
NG_067689.1	1564	1	0
NG_067688.1	1643	3	0
NG_067684.1	1229	1	0
NG_067679.1	1034	1	0
NG_067673.1	1744	1	0
NG_067672.1	958	48	0
NG_067669.1	1107	2029	0
NG_067666.1	1025	245	0
NG_067665.1	1025	257	0
NG_067659.1	1015	40	0
NG_067658.1	1021	59	0
NG_067653.1	1062	1	0
NG_067650.1	986	1	0
NG_067647.1	1691	1	0
NG_067646.1	1115	2	0
NG_067645.1	1115	1	0
NG_067636.1	1020	1	0
NG_067631.1	1597	1	0
NG_067627.1	1710	2	0
NG_067626.1	1148	9	0
NG_067623.1	1771	2	0
NG_063686.1	1066	2	0
NG_063433.1	1762	1	0
NG_062957.1	1655	8	0
NG_065473.1	1711	8	0
NG_065481.1	1679	1	0
NG_064883.1	1762	2	0
NG_063445.1	1739	5	0
NG_063429.1	1721	1	0
NG_063428.1	1721	1	0
NG_063427.1	1708	1	0
NG_061036.1	1735	1	0
NG_065804.1	1748	1	0
NG_065803.1	1776	3	0
NG_065802.1	1743	1	0
NG_065777.1	1023	2	0
NG_065774.1	1031	2	0
NG_065773.1	1036	2	0
NG_065771.1	1032	2	0
NG_065764.1	1026	1	0
NG_065763.1	1724	4	0
NG_065759.1	987	1	0
NG_065733.1	995	29	0
NG_065732.1	1025	218	0
NG_065729.1	1031	1	0
NG_065722.1	1897	49	0
NG_065720.1	984	1	0
NG_065717.1	744	7	0
NG_065707.1	1715	11	0
NG_065706.1	1565	1	0
NG_065700.1	1030	55	0
NG_065699.1	1025	51	0
NG_065698.1	1601	72	0
NG_065697.1	1575	69	0
NG_065696.1	1598	83	0
NG_065695.1	1007	1	0
NG_065694.1	1011	1	0
NG_065684.1	1891	44	0
NG_065682.1	1021	1	0
NG_065677.1	999	7	0
NG_065676.1	999	1	0
NG_065675.1	999	5	0
NG_065674.1	1629	1	0
NG_065669.1	1629	1	0
NG_065668.1	1013	44	0
NG_065666.1	1639	4	0
NG_065660.1	1071	12	0
NG_065659.1	1675	1	0
NG_065653.1	1106	21	0
NG_065652.1	1106	33	0
NG_065651.1	1566	161	0
NG_065650.1	1595	191	0
NG_065647.1	1057	1	0
NG_065644.1	1097	67	0
NG_065643.1	2170	27	0
NG_065642.1	1999	41	0
NG_065641.1	1701	8	0
NG_065637.1	1054	1	0
NG_065631.1	1596	4	0
NG_065630.1	1602	1	0
NG_065629.1	1611	6	0
NG_065626.1	1575	1	0
NG_065624.1	1744	6	0
NG_065623.1	1118	4	0
NG_065622.1	1613	76	0
NG_065621.1	1608	68	0
NG_065619.1	1600	66	0
NG_065617.1	1584	63	0
NG_065616.1	1615	87	0
NG_065615.1	1618	64	0
NG_065614.1	1582	64	0
NG_065613.1	1578	61	0
NG_065612.1	1617	68	0
NG_065611.1	1574	75	0
NG_065610.1	1574	51	0
NG_065609.1	2130	1	0
NG_065608.1	1571	2	0
NG_065607.1	1585	2	0
NG_065606.1	1491	2	0
NG_065603.1	1551	1	0
NG_065602.1	1700	2	0
NG_065601.1	1755	69	0
NG_065599.1	1156	13	0
NG_065598.1	1356	2	0
NG_065597.1	1746	5	0
NG_065589.1	1753	73	0
NG_065588.1	1747	8	0
NG_065587.1	1752	12	0
NG_065584.1	1717	1	0
NG_065583.1	1772	1	0
NG_065582.1	1152	12	0
NG_065581.1	1722	8	0
NG_065577.1	1728	1	0
NG_065574.1	1602	1	0
NG_065573.1	2009	1	0
NG_065560.1	1154	11	0
NG_065552.1	1665	1	0
NG_065549.1	1711	3	0
NG_065548.1	1538	3	0
NG_065547.1	1538	2	0
NG_065546.1	1719	5	0
NG_065539.1	1030	1	0
NG_065538.1	1770	1	0
NG_065536.1	2306	1	0
NG_065534.1	1698	1	0
NG_065533.1	1648	13	0
NG_065532.1	1722	361	0
NG_065530.1	1705	1	0
NG_065529.1	1687	13	0
NG_065527.1	1705	1	0
NG_065526.1	1687	6	0
NG_065525.1	1707	2	0
NG_065521.1	1700	2	0
NG_065519.1	1656	1	0
NG_065518.1	1661	9	0
NG_065517.1	1658	20	0
NG_065516.1	1661	9	0
NG_065515.1	1661	17	0
NG_065514.1	1690	1	0
NG_065513.1	1694	1	0
NG_065512.1	1713	1	0
NG_065511.1	1689	2	0
NG_065510.1	1699	1	0
NG_065507.1	1680	1	0
NG_065505.1	1498	5	0
NG_065503.1	1756	5	0
NG_065500.1	1766	3	0
NG_065498.1	1760	11	0
NG_065497.1	1787	22	0
NG_065496.1	1784	14	0
NG_065493.1	1731	1	0
NG_065492.1	1663	9	0
NG_065491.1	1654	2	0
NG_065489.1	1715	4	0
NG_065488.1	1721	5	0
NG_065485.1	1758	68	0
NG_065484.1	1706	32	0
NG_065483.1	1754	21	0
NG_065482.1	1683	2	0
NG_065479.1	1710	3	0
NG_065478.1	1708	6	0
NG_065475.1	1724	4	0
NG_065472.1	1746	1	0
NG_065469.1	1639	7	0
NG_065468.1	1748	11	0
NG_065467.1	1745	1	0
NG_065466.1	1740	106	0
NG_065464.1	1750	973	0
NG_013120.1	1647	4	0
NG_063460.1	1781	7	0
NG_062980.1	1656	5	0
NG_065158.1	1775	14	0
NG_065157.1	1804	408	0
NG_065156.1	1806	5	0
NG_065155.1	1801	5	0
NG_065151.1	1033	1	0
NG_065112.1	1723	36	0
NG_065110.1	1758	1	0
NG_065108.1	1871	46	0
NG_065107.1	1779	45	0
NG_065106.1	1602	45	0
NG_065098.1	1006	27	0
NG_065096.1	1069	1	0
NG_065083.1	1019	1	0
NG_065082.1	907	1	0
NG_065080.1	1708	11	0
NG_065078.1	1081	1	0
NG_065077.1	1004	94	0
NG_065076.1	1044	14	0
NG_065070.1	1644	26	0
NG_065068.1	1009	94	0
NG_065065.1	1025	45	0
NG_065062.1	1544	7	0
NG_065059.1	1083	1	0
NG_065057.1	1652	206	0
NG_065054.1	1116	4	0
NG_065053.1	1179	3	0
NG_065052.1	963	2	0
NG_065051.1	1179	5	0
NG_065050.1	1178	6	0
NG_065049.1	1179	3	0
NG_065048.1	1179	8	0
NG_065047.1	1179	6	0
NG_065046.1	1534	7	0
NG_065045.1	1725	1	0
NG_065042.1	1614	3	0
NG_065041.1	1656	1	0
NG_065040.1	1722	2	0
NG_065039.1	1582	2	0
NG_065020.1	1718	4	0
NG_065019.1	1708	2	0
NG_065009.1	1017	35	0
NG_065008.1	970	1	0
NG_065007.1	592	1	0
NG_065000.1	1585	3	0
NG_064999.1	2408	3	0
NG_064998.1	1052	21	0
NG_064997.1	1066	17	0
NG_064995.1	1702	1	0
NG_064994.1	1706	1	0
NG_064991.1	1138	29	0
NG_064990.1	1748	2	0
NG_064987.1	1041	1	0
NG_064986.1	1036	1200	0
NG_064985.1	1028	1532	0
NG_064984.1	1024	51	0
NG_064983.1	1085	28	0
NG_064982.1	1096	34	0
NG_064977.1	1735	2	0
NG_064976.1	1776	790	0
NG_064974.1	1628	10	0
NG_064973.1	1628	9	0
NG_064972.1	1628	6	0
NG_064971.1	1628	5	0
NG_064970.1	1628	4	0
NG_064969.1	1667	48	0
NG_064968.1	1663	31	0
NG_064965.1	1699	4	0
NG_064963.1	1717	1	0
NG_064959.1	1073	4759	0
NG_064958.1	1724	2782	0
NG_064957.1	1698	6	0
NG_064956.1	1766	1	0
NG_064955.1	1134	25	0
NG_064954.1	1717	7	0
NG_064953.1	1718	4	0
NG_064950.1	1645	1	0
NG_064943.1	1734	1	0
NG_064942.1	1773	2	0
NG_064941.1	1691	1	0
NG_064939.1	1779	2	0
NG_064938.1	1880	3	0
NG_064930.1	1717	7	0
NG_064926.1	1736	1	0
NG_064921.1	1714	2724	0
NG_064920.1	1733	4	0
NG_064917.1	2226	6	0
NG_064916.1	1682	1	0
NG_064915.1	2035	2	0
NG_064914.1	1704	1	0
NG_064912.1	1762	1	0
NG_064910.1	2070	1	0
NG_064909.1	1663	2	0
NG_064908.1	1724	47	0
NG_064907.1	1767	52	0
NG_064906.1	1786	56	0
NG_064905.1	1624	1	0
NG_064904.1	1700	1	0
NG_064903.1	1707	1	0
NG_064902.1	1196	16	0
NG_064901.1	1668	5	0
NG_064899.1	1788	9	0
NG_064897.1	1783	3	0
NG_064896.1	1735	11	0
NG_064895.1	1704	55	0
NG_064890.1	1736	9	0
NG_064889.1	2050	55	0
NG_064888.1	1804	3	0
NG_064886.1	1743	1	0
NG_064880.1	1652	2	0
NG_064879.1	1684	5	0
NG_064878.1	1787	119	0
NG_064876.1	1770	1	0
NG_064873.1	1784	2	0
NG_064872.1	942	5	0
NG_064871.1	1781	5	0
NG_064870.1	1777	4	0
NG_064869.1	1781	5	0
NG_064867.1	958	13	0
NG_064864.1	1745	3	0
NG_064863.1	1777	3	0
NG_064862.1	1148	8	0
NG_064859.1	2522	10	0
NG_064858.1	1750	5	0
NG_064839.1	1687	75	0
NG_064838.1	1721	16	0
NG_064829.1	1771	4	0
NG_064828.1	1775	5	0
NG_064827.1	1772	1	0
NG_064825.1	1798	2	0
NG_064824.1	1757	279	0
NG_064821.1	1793	1	0
NG_064819.1	1755	1	0
NG_064818.1	1755	1	0
NG_064816.1	1730	5	0
NG_064813.1	1723	1	0
NG_064810.1	1735	1	0
NG_064808.1	1759	1	0
NG_064805.1	1751	1	0
NG_064804.1	1733	6	0
NG_064801.1	1777	1	0
NG_064800.1	1447	11	0
NG_064799.1	2107	2	0
NG_064797.1	1750	1033	0
NG_064796.1	1748	4	0
NG_064795.1	1752	1848	0
NG_064794.1	1753	850	0
NG_063410.1	1743	2	0
NG_062811.1	1771	1	0
NG_062808.1	1766	2	0
NG_063676.1	1146	1	0
NG_063667.1	858	1	0
NG_063646.1	1030	5	0
NG_063645.1	1029	8	0
NG_063624.1	1076	1	0
NG_063622.1	809	1	0
NG_063570.1	980	1	0
NG_063569.1	868	1	0
NG_063564.1	1025	1	0
NG_063560.1	1036	1	0
NG_063559.1	1001	1	0
NG_063556.1	1026	1	0
NG_063550.1	1006	1	0
NG_063548.1	1007	1	0
NG_063547.1	1089	1	0
NG_063542.1	1733	3	0
NG_063541.1	1770	58	0
NG_063540.1	1617	1	0
NG_063539.1	1609	3	0
NG_063537.1	1125	2	0
NG_063536.1	1132	4	0
NG_063535.1	1125	12	0
NG_063534.1	1125	4	0
NG_063532.1	1734	1	0
NG_063531.1	1734	4	0
NG_063529.1	1736	3	0
NG_063528.1	2044	20	0
NG_063527.1	1757	3	0
NG_063526.1	1753	603	0
NG_063525.1	1744	4	0
NG_063524.1	1754	6	0
NG_063523.1	1777	27	0
NG_063522.1	1755	20	0
NG_063520.1	1777	137	0
NG_063519.1	1784	13	0
NG_063517.1	1782	54	0
NG_063515.1	1753	2	0
NG_063513.1	1765	1	0
NG_063510.1	1789	122	0
NG_063509.1	1767	6	0
NG_063507.1	1767	1	0
NG_063504.1	1757	1	0
NG_063499.1	1754	56	0
NG_063495.1	1760	1	0
NG_063491.1	1753	1	0
NG_063490.1	1751	4	0
NG_063489.1	1751	1	0
NG_063488.1	1752	5	0
NG_063487.1	1751	3	0
NG_063486.1	1750	8	0
NG_063483.1	1752	8	0
NG_063480.1	1753	6	0
NG_063479.1	1752	2	0
NG_063478.1	1735	1	0
NG_063477.1	1735	5	0
NG_063475.1	1735	77	0
NG_063474.1	1782	6	0
NG_063473.1	1754	5	0
NG_063472.1	1776	7	0
NG_063471.1	1791	3	0
NG_063470.1	1782	11	0
NG_063469.1	1782	13	0
NG_063468.1	1782	37	0
NG_063467.1	1781	6	0
NG_063466.1	1782	283	0
NG_063465.1	1782	14	0
NG_063464.1	1782	4	0
NG_063463.1	1782	10	0
NG_063462.1	1782	7	0
NG_063461.1	1782	38	0
NG_063459.1	1782	12	0
NG_063458.1	1783	35	0
NG_063457.1	1782	4	0
NG_063456.1	1756	68	0
NG_063455.1	1780	10	0
NG_063454.1	1780	3	0
NG_063453.1	1780	4	0
NG_063452.1	1781	96	0
NG_063451.1	2088	18	0
NG_063450.1	1668	7	0
NG_063449.1	1761	1	0
NG_063448.1	1785	2	0
NG_063447.1	1780	1	0
NG_063446.1	1790	2	0
NG_063444.1	1766	15	0
NG_063442.1	1788	2	0
NG_063440.1	1750	5	0
NG_063439.1	1757	29	0
NG_063438.1	1786	1	0
NG_063437.1	1758	2	0
NG_063436.1	1756	16	0
NG_063435.1	1772	23	0
NG_063434.1	1766	2	0
NG_063431.1	1778	30	0
NG_063430.1	1701	5	0
NG_063426.1	1766	8	0
NG_063425.1	1766	14	0
NG_063424.1	1772	19	0
NG_063423.1	1772	18	0
NG_063422.1	1766	3	0
NG_063421.1	1781	8	0
NG_063420.1	1784	3	0
NG_063419.1	1768	7	0
NG_063417.1	1781	5	0
NG_063413.1	1759	2	0
NG_063411.1	1773	3	0
NG_063407.1	1767	5	0
NG_063404.1	1781	8	0
NG_063403.1	1780	2	0
NG_063402.1	1783	1	0
NG_063400.1	1772	4	0
NG_063399.1	1782	4	0
NG_063398.1	1783	13	0
NG_063397.1	1782	6	0
NG_063396.1	1783	7	0
NG_063394.1	1781	6	0
NG_063392.1	1749	1	0
NG_063391.1	1733	2	0
NG_063388.1	1757	4	0
NG_063387.1	1751	2	0
NG_063386.1	1778	172	0
NG_063385.1	1755	6	0
NG_063384.1	1744	37	0
NG_063383.1	1737	1	0
NG_063379.1	1734	3	0
NG_063376.1	1737	2	0
NG_063370.1	1718	4	0
NG_063368.1	1718	2	0
NG_063367.1	1757	4	0
NG_063364.1	1755	9	0
NG_063363.1	1749	2	0
NG_063362.1	1748	1	0
NG_063361.1	1752	3	0
NG_063359.1	1726	2	0
NG_063357.1	1738	1	0
NG_063355.1	1621	251	0
NG_063354.1	1697	1	0
NG_063352.1	1691	4	0
NG_063349.1	1767	1	0
NG_063348.1	1784	1	0
NG_063346.1	1784	2	0
NG_063342.1	1776	1	0
NG_063339.1	1724	1	0
NG_063338.1	1722	5	0
NG_063334.1	1709	1	0
NG_063328.1	1724	2	0
NG_063323.1	1701	1	0
NG_063322.1	1720	1	0
NG_063321.1	1718	1	0
NG_063314.1	1666	2	0
NG_063312.1	1661	1	0
NG_063311.1	1629	7	0
NG_063303.1	1674	4	0
NG_063300.1	1661	1	0
NG_063298.1	1655	6	0
NG_063297.1	1671	2	0
NG_063294.1	1646	1	0
NG_063291.1	1734	1	0
NG_063288.1	1737	89	0
NG_063287.1	1764	84	0
NG_063286.1	1752	87	0
NG_063285.1	1724	49	0
NG_063284.1	1724	45	0
NG_063283.1	1724	35	0
NG_063282.1	1724	28	0
NG_063281.1	1726	43	0
NG_063280.1	1724	8	0
NG_063279.1	1700	8	0
NG_063278.1	1729	5	0
NG_063277.1	1699	6	0
NG_063276.1	1721	1	0
NG_063275.1	1722	49	0
NG_063274.1	1696	2	0
NG_063273.1	1717	2	0
NG_063272.1	1715	5	0
NG_063270.1	1718	5	0
NG_063268.1	1752	2	0
NG_063267.1	1753	2	0
NG_063266.1	1752	3	0
NG_063265.1	1752	1	0
NG_063264.1	1717	1	0
NG_063260.1	1707	1	0
NG_063256.1	1748	1	0
NG_063250.1	1737	7	0
NG_063249.1	1737	4	0
NG_063247.1	1737	27	0
NG_063241.1	1753	3	0
NG_063235.1	1787	1851	0
NG_063234.1	1794	48	0
NG_063233.1	1801	5	0
NG_063232.1	1777	108	0
NG_063231.1	1751	8	0
NG_063230.1	1771	2	0
NG_063229.1	1778	2	0
NG_063081.1	1783	3	0
NG_063055.1	1687	1	0
NG_063047.1	2053	6	0
NG_063046.1	2055	8	0
NG_063011.1	1036	13	0
NG_062774.1	1067	7	0
NG_062729.1	1619	2	0
NG_062720.1	1070	1	0
NG_062682.1	1753	4	0
NG_062675.1	1650	4	0
NG_062674.1	1671	1	0
NG_062672.1	1723	4	0
NG_062669.1	1716	1	0
NG_062649.1	1318	3	0
NG_063109.1	1787	3	0
NG_063106.1	1771	1	0
NG_063105.1	1766	1	0
NG_063103.1	1769	2	0
NG_063101.1	1731	4	0
NG_063098.1	1614	137	0
NG_063091.1	1709	82	0
NG_063085.1	1628	3	0
NG_063084.1	1628	2	0
NG_063083.1	1750	1	0
NG_063080.1	1632	44	0
NG_063078.1	1687	1	0
NG_063077.1	1738	3	0
NG_063076.1	1631	1	0
NG_063074.1	1510	1	0
NG_063073.1	1599	2	0
NG_063069.1	1597	2	0
NG_063067.1	1066	1	0
NG_063061.1	1086	2	0
NG_063060.1	1538	2	0
NG_063059.1	1564	1	0
NG_063058.1	1590	3	0
NG_063054.1	1684	1	0
NG_063045.1	1588	12	0
NG_063044.1	1589	12	0
NG_063043.1	1582	24	0
NG_063042.1	1596	7	0
NG_063041.1	1586	12	0
NG_063040.1	2321	6	0
NG_063039.1	1591	8	0
NG_063038.1	1955	2	0
NG_063037.1	1584	1	0
NG_063036.1	1581	1	0
NG_063028.1	1015	1	0
NG_063020.1	1116	2	0
NG_063019.1	1681	1	0
NG_063018.1	1614	2	0
NG_063017.1	1581	1	0
NG_063016.1	1577	2	0
NG_063014.1	1597	1	0
NG_063012.1	1598	1	0
NG_063003.1	1679	1	0
NG_063002.1	1542	83	0
NG_063001.1	1533	158	0
NG_063000.1	1570	179	0
NG_062999.1	2039	5	0
NG_062992.1	1463	2	0
NG_062979.1	1656	8	0
NG_062978.1	1646	4	0
NG_062977.1	1656	6	0
NG_062976.1	1659	3	0
NG_062975.1	1642	13	0
NG_062974.1	1656	15	0
NG_062973.1	1654	58	0
NG_062972.1	1657	39	0
NG_062971.1	1657	44	0
NG_062970.1	1657	36	0
NG_062969.1	1656	51	0
NG_062968.1	1657	43	0
NG_062967.1	1656	27	0
NG_062966.1	1656	37	0
NG_062965.1	1655	9	0
NG_062964.1	1654	6	0
NG_062963.1	1656	8	0
NG_062962.1	1656	7	0
NG_062961.1	1655	6	0
NG_062960.1	1656	3	0
NG_062959.1	1655	6	0
NG_062958.1	1655	7	0
NG_062956.1	1655	7	0
NG_062955.1	1653	7	0
NG_062954.1	1655	3	0
NG_062953.1	1653	2	0
NG_062952.1	1656	6	0
NG_062951.1	1654	3	0
NG_062950.1	1655	8	0
NG_062949.1	1655	9	0
NG_062948.1	1654	2	0
NG_062947.1	1655	6	0
NG_062946.1	1653	10	0
NG_062945.1	1655	12	0
NG_062944.1	1656	6	0
NG_062943.1	1655	17	0
NG_062942.1	1656	1	0
NG_062941.1	1656	6	0
NG_062939.1	1656	4	0
NG_062938.1	1655	1	0
NG_062937.1	1657	19	0
NG_062936.1	1656	3	0
NG_062935.1	1656	5	0
NG_062934.1	1656	4	0
NG_062933.1	1655	2	0
NG_062932.1	1658	5	0
NG_062931.1	1656	7	0
NG_062928.1	1419	1	0
NG_062927.1	1666	1	0
NG_062926.1	1649	1	0
NG_062923.1	1686	238	0
NG_062889.1	1020	2	0
NG_062880.1	1020	1	0
NG_062869.1	1635	1	0
NG_062868.1	1641	1	0
NG_062867.1	1647	3	0
NG_062865.1	1557	1	0
NG_062864.1	1596	2	0
NG_062862.1	1637	1	0
NG_062860.1	1650	1	0
NG_062858.1	1141	21	0
NG_062856.1	1681	2	0
NG_062853.1	1024	2	0
NG_062852.1	1779	1	0
NG_062851.1	1779	2	0
NG_062850.1	1068	16	0
NG_062849.1	1068	12	0
NG_062829.1	1062	1	0
NG_062825.1	1635	1	0
NG_062824.1	1256	1	0
NG_062822.1	1636	1	0
NG_062821.1	2124	1	0
NG_062820.1	1769	116	0
NG_062816.1	2007	1	0
NG_062814.1	1767	129	0
NG_062813.1	1747	20	0
NG_062812.1	1744	3	0
NG_062809.1	1741	1	0
NG_062807.1	1768	147	0
NG_062806.1	1755	1	0
NG_062804.1	1732	3	0
NG_062801.1	1647	3	0
NG_062800.1	1771	3	0
NG_062799.1	1382	1	0
NG_062798.1	1698	2	0
NG_062797.1	1750	5	0
NG_062788.1	1753	4	0
NG_062787.1	2105	3	0
NG_062786.1	1728	1	0
NG_062785.1	1787	2	0
NG_062783.1	1727	1	0
NG_062782.1	1778	3	0
NG_062770.1	1598	1	0
NG_062768.1	1590	2	0
NG_062765.1	1590	1	0
NG_062764.1	1590	1	0
NG_062759.1	1155	4	0
NG_062757.1	1022	1	0
NG_062753.1	1702	2	0
NG_062735.1	1697	335	0
NG_062734.1	1670	2	0
NG_062732.1	1549	170	0
NG_062727.1	1750	2	0
NG_062726.1	1763	1	0
NG_062718.1	1580	2	0
NG_062715.1	1611	2	0
NG_062714.1	1682	1	0
NG_062711.1	1659	12	0
NG_062710.1	1704	2	0
NG_062709.1	1697	1	0
NG_062708.1	2861	4	0
NG_062707.1	1702	1	0
NG_062706.1	2583	12	0
NG_062705.1	1706	4	0
NG_062704.1	2692	5	0
NG_062703.1	1549	6	0
NG_062700.1	1691	8	0
NG_062699.1	1702	14	0
NG_062698.1	1707	6	0
NG_062697.1	1653	3	0
NG_062696.1	1754	4	0
NG_062694.1	1141	22	0
NG_062693.1	1662	4	0
NG_062692.1	1181	6	0
NG_062691.1	1799	20	0
NG_062689.1	2089	1	0
NG_062688.1	1648	1	0
NG_062686.1	1786	2	0
NG_062685.1	1765	3	0
NG_062684.1	1652	1	0
NG_062683.1	1744	2	0
NG_062671.1	1783	5	0
NG_062670.1	1783	82	0
NG_062667.1	1759	3	0
NG_062666.1	1754	1	0
NG_062665.1	1727	2	0
NG_062662.1	1700	1	0
NG_062661.1	1724	1	0
NG_062660.1	1350	1	0
NG_062658.1	1710	24	0
NG_062657.1	1708	1	0
NG_062656.1	1727	16	0
NG_062655.1	1726	1169	0
NG_062654.1	1089	5	0
NG_062653.1	1038	6	0
NG_062651.1	1102	3	0
NG_062648.1	1743	1	0
NG_062645.1	1753	198	0
NG_062643.1	1704	1	0
NG_062641.1	1758	4	0
NG_062640.1	1761	4	0
NG_062639.1	1731	2	0
NG_062637.1	1760	3	0
NG_062636.1	1758	3	0
NG_062635.1	1750	1	0
NG_062634.1	1692	1	0
NG_062633.1	1769	6	0
NG_062626.1	1766	1	0
NG_062625.1	1752	3	0
NG_062624.1	1756	266	0
NG_062623.1	1761	15	0
NG_062622.1	1757	243	0
NG_062620.1	1757	13	0
NG_062619.1	1757	303	0
NG_062618.1	1757	267	0
NG_062616.1	1782	12	0
NG_062615.1	1782	339	0
NG_062612.1	1751	9	0
NG_062609.1	1734	2	0
NG_062607.1	1686	3	0
NG_062605.1	1685	3	0
NG_062600.1	1769	3	0
NG_062598.1	1741	1	0
NG_062597.1	1740	2	0
NG_062596.1	1741	6	0
NG_062595.1	1739	72	0
NG_062594.1	1739	6	0
NG_062593.1	1742	30	0
NG_062442.1	1768	1	0
NG_062420.1	1461	1978	0
NG_062417.1	942	14	0
NG_062416.1	942	10	0
NG_062410.1	1579	9	0
NG_062407.1	1613	67	0
NG_062406.1	1575	69	0
NG_062405.1	1702	80	0
NG_062404.1	1577	2	0
NG_062403.1	1574	43	0
NG_062402.1	1642	22	0
NG_062401.1	1637	6	0
NG_062399.1	1656	6	0
NG_062398.1	1656	4	0
NG_062397.1	1749	3	0
NG_062396.1	1749	8	0
NG_062394.1	1024	7	0
NG_062393.1	1696	1848	0
NG_062391.1	1663	17	0
NG_062389.1	1697	17	0
NG_062388.1	1703	1	0
NG_062387.1	1703	1	0
NG_062386.1	1778	10	0
NG_062384.1	1734	6	0
NG_062383.1	1022	1	0
NG_062382.1	1684	11	0
NG_062381.1	1770	151	0
NG_062380.1	1143	28	0
NG_062379.1	1138	2	0
NG_062378.1	1619	127	0
NG_062377.1	1765	46	0
NG_062376.1	1653	1	0
NG_062375.1	1691	1	0
NG_062374.1	1753	1	0
NG_062373.1	1749	3	0
NG_062371.1	1770	84	0
NG_062367.1	1783	34	0
NG_062366.1	1767	2306	0
NG_062365.1	1760	2	0
NG_062364.1	1761	2	0
NG_062363.1	1753	1	0
NG_062362.1	1769	10	0
NG_062361.1	1766	5	0
NG_062197.1	1783	1	0
NG_062196.1	1783	3	0
NG_062195.1	1783	3	0
NG_062194.1	1441	2	0
NG_062193.1	1698	6	0
NG_062192.1	1697	2	0
NG_062191.1	1697	8	0
NG_062181.1	1763	64	0
NG_062180.1	1617	2	0
NG_062179.1	1581	3	0
NG_062178.1	1578	1	0
NG_062175.1	1558	1	0
NG_062174.1	1582	1	0
NG_062173.1	1537	2	0
NG_062172.1	1659	3	0
NG_062171.1	1663	175	0
NG_062170.1	1574	2	0
NG_062169.1	1719	6	0
NG_062168.1	1719	5	0
NG_062167.1	1719	6	0
NG_062165.1	1719	11	0
NG_062164.1	1660	1	0
NG_062163.1	1650	1	0
NG_062162.1	1651	1	0
NG_062161.1	1656	2	0
NG_062160.1	1655	2	0
NG_062157.1	1656	3	0
NG_062156.1	1656	3	0
NG_062147.1	1789	28	0
NG_062146.1	1708	2	0
NG_062145.1	1799	3	0
NG_062144.1	1744	4	0
NG_062143.1	1748	58	0
NG_062142.1	1749	1	0
NG_062141.1	1758	28	0
NG_062140.1	1753	7	0
NG_062139.1	1686	14	0
NG_062138.1	1668	10	0
NG_062137.1	1673	10	0
NG_062136.1	1781	8	0
NG_062135.1	1782	4	0
NG_062134.1	1782	2	0
NG_062133.1	1781	81	0
NG_062132.1	1757	3	0
NG_062131.1	1733	16	0
NG_062130.1	1731	10	0
NG_062129.1	1762	4	0
NG_062127.1	1768	4	0
NG_062126.1	1762	1	0
NG_062125.1	1786	2	0
NG_062124.1	1767	2	0
NG_062123.1	1735	5	0
NG_062122.1	1734	1	0
NG_062120.1	1779	3	0
NG_062119.1	1762	5	0
NG_062111.1	1654	4	0
NG_062110.1	1654	6	0
NG_062109.1	1657	3	0
NG_062108.1	1654	3	0
NG_062107.1	1656	8	0
NG_062106.1	1655	7	0
NG_062105.1	1656	3	0
NG_062104.1	1659	3	0
NG_062103.1	1659	2	0
NG_062102.1	1652	1	0
NG_062101.1	1656	5	0
NG_062100.1	1656	3	0
NG_062099.1	1656	11	0
NG_062098.1	1656	10	0
NG_062097.1	1655	2	0
NG_062096.1	1657	6	0
NG_062095.1	1655	2	0
NG_062094.1	1655	8	0
NG_062093.1	1653	3	0
NG_062092.1	1765	9	0
NG_062091.1	1758	7	0
NG_062090.1	1758	6	0
NG_062089.1	1763	3	0
NG_062088.1	1758	5	0
NG_062087.1	1762	5	0
NG_062086.1	1758	6	0
NG_062085.1	1708	7	0
NG_062084.1	1746	3	0
NG_062083.1	1775	1	0
NG_062082.1	1758	5	0
NG_062081.1	1758	6	0
NG_062080.1	1752	1	0
NG_062079.1	1771	1	0
NG_062078.1	1749	2	0
NG_062077.1	1786	2	0
NG_062076.1	1722	1	0
NG_062075.1	1751	3	0
NG_062074.1	1741	3	0
NG_062073.1	1724	9	0
NG_062071.1	1721	11	0
NG_062070.1	1753	2	0
NG_062066.1	1681	4	0
NG_062065.1	1681	2	0
NG_062064.1	1681	5	0
NG_062061.1	1661	2	0
NG_062060.1	1661	3	0
NG_062058.1	1667	1	0
NG_062055.1	1659	1	0
NG_062051.1	1611	1	0
NG_062048.1	1790	21	0
NG_062047.1	1696	3	0
NG_062046.1	1686	4	0
NG_062045.1	1696	2	0
NG_062044.1	1696	1	0
NG_062043.1	1648	2	0
NG_062042.1	1781	18	0
NG_062035.1	1745	1	0
NG_062033.1	1781	4	0
NG_062031.1	1759	1	0
NG_062030.1	1775	14	0
NG_062029.1	1782	5	0
NG_062028.1	1782	9	0
NG_062027.1	1782	12	0
NG_062026.1	1782	9	0
NG_062025.1	1789	5	0
NG_062024.1	1792	8	0
NG_062023.1	1776	14	0
NG_062022.1	1780	2	0
NG_062021.1	1773	9	0
NG_062020.1	1773	1	0
NG_062019.1	1780	3	0
NG_062018.1	1777	2	0
NG_062017.1	1777	3	0
NG_062016.1	1777	9	0
NG_062015.1	1778	4	0
NG_062014.1	1776	3	0
NG_062013.1	1776	8	0
NG_062012.1	1774	18	0
NG_062011.1	1776	9	0
NG_062010.1	1754	5	0
NG_062008.1	1749	5	0
NG_061301.1	1762	4	0
NG_061289.1	1057	1	0
NG_061287.1	1050	67	0
NG_061284.1	857	4934	0
NG_061275.1	1507	11	0
NG_061274.1	996	1	0
NG_061262.1	1783	4	0
NG_061261.1	974	47	0
NG_061246.1	2310	41	0
NG_061241.1	1024	5	0
NG_061239.1	1448	1178	0
NG_061233.1	972	8	0
NG_061232.1	941	5	0
NG_061230.1	943	1	0
NG_061226.1	1003	20	0
NG_061222.1	1718	2	0
NG_061221.1	2699	27	0
NG_061212.1	1659	200	0
NG_061209.1	1017	62	0
NG_061196.1	1697	6	0
NG_061195.1	1144	1	0
NG_061194.1	1599	14	0
NG_061192.1	1569	2	0
NG_061186.1	1019	8	0
NG_061179.1	1606	67	0
NG_061178.1	1623	1	0
NG_061177.1	1712	2	0
NG_061176.1	1616	1	0
NG_061175.1	1685	76	0
NG_061174.1	1591	2	0
NG_061173.1	767	981	0
NG_061172.1	1708	4	0
NG_061171.1	1547	17	0
NG_061168.1	1554	1	0
NG_061167.1	1999	9	0
NG_061166.1	1719	2	0
NG_061164.1	1463	1	0
NG_061162.1	1654	6	0
NG_061161.1	1654	4	0
NG_061160.1	1656	16	0
NG_061159.1	1656	7	0
NG_061158.1	1657	30	0
NG_061157.1	1656	6	0
NG_061156.1	1653	1	0
NG_061155.1	1656	2	0
NG_061154.1	1655	9	0
NG_061153.1	1656	4	0
NG_061152.1	1655	1	0
NG_061151.1	1656	4	0
NG_061149.1	1656	4	0
NG_061148.1	1656	8	0
NG_061147.1	1574	4	0
NG_061145.1	1627	3	0
NG_061142.1	1569	4	0
NG_061140.1	1649	1797	0
NG_061135.1	1643	37	0
NG_061134.1	1640	1	0
NG_061133.1	1749	1	0
NG_061132.1	1749	102	0
NG_061130.1	1752	20	0
NG_061129.1	1742	2	0
NG_061127.1	1747	2	0
NG_061126.1	1646	12	0
NG_061125.1	1763	46	0
NG_061123.1	1698	1	0
NG_061121.1	1005	41	0
NG_061120.1	1755	1	0
NG_061119.1	1759	1	0
NG_061116.1	1778	13	0
NG_061115.1	1775	700	0
NG_061114.1	1664	101	0
NG_061113.1	1664	73	0
NG_061112.1	1608	2	0
NG_061108.1	1201	196	0
NG_061105.1	1770	1	0
NG_061103.1	1746	4	0
NG_061096.1	1741	2	0
NG_061095.1	1747	1	0
NG_061094.1	1762	1	0
NG_061091.1	1737	1	0
NG_061090.1	1743	3	0
NG_061089.1	1787	2	0
NG_061088.1	1744	5	0
NG_061087.1	1727	2	0
NG_061085.1	1786	2	0
NG_061084.1	1737	3	0
NG_061082.1	1626	1	0
NG_061078.1	1718	3	0
NG_061077.1	2459	10	0
NG_061076.1	1684	13	0
NG_061075.1	967	8	0
NG_061073.1	1596	2	0
NG_061070.1	1138	88	0
NG_061062.1	1095	1	0
NG_061060.1	1663	6	0
NG_061059.1	1575	142	0
NG_061056.1	1715	403	0
NG_061055.1	1785	39	0
NG_061054.1	1754	1	0
NG_061053.1	1769	1099	0
NG_061052.1	1696	6	0
NG_061050.1	1720	4	0
NG_061049.1	1054	1	0
NG_061047.1	1600	7	0
NG_061045.1	1792	16	0
NG_061043.1	1648	3	0
NG_061042.1	1777	18	0
NG_061041.1	1730	4	0
NG_061040.1	1734	2	0
NG_061039.1	1758	62	0
NG_061038.1	1756	15	0
NG_061037.1	1739	2	0
NG_061035.1	1746	21	0
NG_061034.1	1759	29	0
NG_061032.1	2157	6	0
NG_061031.1	1783	10	0
NG_061030.1	2121	1	0
NG_061028.1	1672	24	0
NG_061027.1	1072	1	0
NG_061026.1	1849	5	0
NG_061023.1	1753	4	0
NG_061022.1	1758	4	0
NG_061020.1	2161	11	0
NG_061018.1	1749	5	0
NG_061017.1	1753	4	0
NG_061016.1	511	7	0
NG_061011.1	1776	431	0
NG_061010.1	1752	700	0
NG_061009.1	1751	8	0
NG_061008.1	1762	16	0
NG_061005.1	1758	3	0
NG_060996.1	1676	63	0
NG_060988.1	1778	5	0
NG_060987.1	1686	2	0
NG_060986.1	1781	32	0
NG_060985.1	1782	8	0
NG_060984.1	1781	14	0
NG_060983.1	1781	9	0
NG_060982.1	1782	2	0
NG_060980.1	1756	8	0
NG_060979.1	2078	1	0
NG_060978.1	1760	19	0
NG_060977.1	1752	4	0
NG_060976.1	1763	65	0
NG_060975.1	2072	5	0
NG_060974.1	1781	167	0
NG_060972.1	1740	115	0
NG_060971.1	1683	2	0
NG_060970.1	1688	2	0
NG_060968.1	1756	3	0
NG_013144.1	2080	3	0
NG_060587.1	1738	3	0
NG_013175.1	1776	332	0
NG_017192.1	1736	155	0
NG_017187.1	1751	1290	0
NG_017185.1	1816	2247	0
NG_017179.1	1787	15	0
NG_017174.1	1770	422	0
NG_017173.1	2620	462	0
NG_017172.1	1796	677	0
NG_017168.1	1784	443	0
NG_017166.1	1860	2	0
NG_016540.1	1708	2	0
NG_016527.1	1779	3	0
NG_016511.1	965	3	0
NG_016502.1	1752	3	0
NG_016494.1	1686	1	0
NG_013154.1	1715	336	0
NG_012432.1	1724	3	0
NG_017176.1	1463	591	0
NG_016513.1	959	1	0
