NG_087918.1	1699	1	0
NG_087910.1	1026	2084	0
NG_087909.1	1029	2222	0
NG_087908.1	935	4	0
NG_087907.1	1001	7	0
NG_087906.1	1013	3	0
NG_087903.1	1031	2	0
NG_087891.1	1084	40	0
NG_087890.1	1084	49	0
NG_087889.1	1084	41	0
NG_087888.1	1084	41	0
NG_087887.1	1084	37	0
NG_087886.1	1071	38	0
NG_087885.1	1084	90	0
NG_087884.1	1084	98	0
NG_087875.1	1678	1	0
NG_087874.1	1971	3	0
NG_087871.1	1009	202	0
NG_087870.1	1009	456	0
NG_087869.1	1009	441	0
NG_087868.1	1006	484	0
NG_087859.1	1602	2	0
NG_087858.1	1627	1	0
NG_087857.1	1728	6	0
NG_064877.1	1700	3	0
NG_063681.1	1017	1	0
NG_065154.1	1699	1	0
NG_063049.1	1651	3	0
NG_063048.1	1650	2	0
NG_062994.1	1686	1	0
NG_062991.1	1463	1	0
NG_062985.1	1463	1	0
NG_062603.1	1686	1	0
NG_062602.1	1686	2	0
NG_061019.1	1738	2	0
NG_081434.1	1696	10	0
NG_081431.1	1136	1756	0
NG_081430.1	1135	1573	0
NG_081429.1	1127	1641	0
NG_081428.1	1130	53	0
NG_081427.1	1128	55	0
NG_081424.1	1013	763	0
NG_081423.1	749	305	0
NG_081420.1	1028	48	0
NG_081419.1	1029	47	0
NG_081418.1	1018	53	0
NG_081417.1	1029	52	0
NG_081416.1	1027	50	0
NG_081412.1	1098	77	0
NG_081411.1	1071	54	0
NG_081410.1	1093	58	0
NG_081409.1	1134	65	0
NG_081398.1	1028	2471	0
NG_081397.1	1325	1	0
NG_081396.1	1664	12	0
NG_081387.1	1034	1	0
NG_081383.1	1014	1	0
NG_081380.1	1645	1467	0
NG_081378.1	1491	4	0
NG_081377.1	1653	13	0
NG_081375.1	1723	2	0
NG_081374.1	1776	1	0
NG_081372.1	1601	2	0
NG_081366.1	1736	2438	0
NG_081364.1	1737	7122	0
NG_081360.1	1741	1	0
NG_081359.1	1020	1	0
NG_065067.1	1010	760	0
NG_065066.1	1009	482	0
NG_064993.1	1712	1	0
NG_067668.1	1106	80	0
NG_067667.1	1106	54	0
NG_064894.1	1710	1	0
NG_078770.1	1106	1599	0
NG_078757.1	1647	1134	0
NG_078756.1	1595	102	0
NG_078755.1	1607	276	0
NG_078753.1	578	1260	0
NG_078750.1	1648	3	0
NG_078747.1	760	1	0
NG_078743.1	1010	1	0
NG_078741.1	1765	1822	0
NG_078738.1	1008	1585	0
NG_078737.1	1007	51	0
NG_078736.1	894	46	0
NG_078735.1	1008	49	0
NG_078734.1	1008	61	0
NG_078733.1	1008	49	0
NG_078732.1	1008	53	0
NG_078730.1	1727	2	0
NG_078728.1	1733	9	0
NG_078727.1	1690	6	0
NG_078724.1	1782	2636	0
NG_078723.1	1782	3	0
NG_077396.1	1775	3	0
NG_073507.1	1027	22	0
NG_062617.1	1723	1	0
NG_065099.1	1008	45	0
NG_062621.1	1757	7	0
NG_077449.1	1006	46	0
NG_077448.1	1128	410	0
NG_077447.1	1100	1217	0
NG_077445.1	1001	9	0
NG_077444.1	1008	8	0
NG_077443.1	1000	4	0
NG_077442.1	985	5	0
NG_077440.1	996	516	0
NG_077439.1	1014	1	0
NG_077438.1	1014	1	0
NG_077433.1	1262	2	0
NG_077432.1	1658	2	0
NG_077431.1	1177	127	0
NG_077430.1	1014	9	0
NG_077429.1	1013	10	0
NG_077428.1	1030	46	0
NG_077427.1	1038	41	0
NG_077426.1	1029	32	0
NG_077425.1	1022	42	0
NG_077424.1	1032	36	0
NG_077423.1	1023	52	0
NG_077406.1	1594	71	0
NG_077405.1	1552	4	0
NG_077403.1	1718	8	0
NG_077402.1	1732	1	0
NG_077397.1	2045	17	0
NG_070848.1	1732	11	0
NG_063443.1	1763	18	0
NG_063441.1	1763	16	0
NG_062059.1	1662	1	0
NG_065501.1	1787	1411	0
NG_063416.1	1782	7	0
NG_062664.1	1726	3	0
NG_076804.1	1013	7	0
NG_076803.1	1013	11	0
NG_076802.1	1013	12	0
NG_076801.1	1013	10	0
NG_076800.1	1010	3	0
NG_076799.1	1005	13	0
NG_076798.1	986	9	0
NG_076797.1	1014	9	0
NG_076796.1	1013	14	0
NG_076795.1	1008	10	0
NG_076794.1	1012	6	0
NG_076793.1	1012	12	0
NG_076792.1	1013	9	0
NG_076791.1	1013	7	0
NG_076790.1	1012	10	0
NG_076789.1	1014	7	0
NG_076788.1	1006	9	0
NG_076787.1	1007	12	0
NG_076786.1	1006	11	0
NG_076785.1	1013	3	0
NG_076784.1	1005	13	0
NG_076783.1	1008	6	0
NG_076782.1	1008	5	0
NG_076781.1	1011	11	0
NG_076780.1	1006	5	0
NG_076779.1	1011	16	0
NG_076778.1	1012	4	0
NG_076777.1	1011	9	0
NG_076776.1	1011	10	0
NG_076775.1	995	9	0
NG_076773.1	1013	14	0
NG_076772.1	1013	6	0
NG_076771.1	1013	11	0
NG_076770.1	1012	8	0
NG_076769.1	1013	11	0
NG_076768.1	1013	7	0
NG_076767.1	1012	7	0
NG_076766.1	1013	8	0
NG_076765.1	1013	9	0
NG_076764.1	1010	11	0
NG_076763.1	1010	12	0
NG_076762.1	1011	9	0
NG_076761.1	1013	4	0
NG_076760.1	1011	13	0
NG_076759.1	1005	13	0
NG_076758.1	1011	9	0
NG_076757.1	1015	5	0
NG_076754.1	990	2	0
NG_065542.1	1724	1	0
NG_065129.1	1454	1	0
NG_064798.1	1736	11	0
NG_063405.1	1781	6	0
NG_062990.1	1463	1	0
NG_062713.1	1696	5	0
NG_062712.1	1701	3	0
NG_062663.1	2451	2	0
NG_062372.1	1729	3	0
NG_062113.1	1005	1	0
NG_061072.1	1598	2	0
NG_017171.1	1771	1549	0
NG_064936.1	2057	1	0
NG_062940.1	1654	4	0
NG_074970.1	1014	1	0
NG_074968.1	1102	44	0
NG_074967.1	985	42	0
NG_074961.1	1025	552	0
NG_074960.1	2390	1	0
NG_074959.1	2668	1	0
NG_074958.1	2084	3	0
NG_074957.1	991	79	0
NG_074954.1	1678	7	0
NG_074936.1	1013	1	0
NG_074914.1	1670	1	0
NG_074908.1	1046	64	0
NG_074905.1	1607	1	0
NG_074904.1	1626	6	0
NG_074903.1	885	1	0
NG_074895.1	1688	1	0
NG_074879.1	1683	4	0
NG_074878.1	1774	1	0
NG_064992.1	1183	40	0
NG_062360.1	1770	3	0
NG_062185.1	1123	1	0
NG_073571.1	1084	53	0
NG_073570.1	1088	41	0
NG_073569.1	1084	803	0
NG_073568.1	1083	1	0
NG_073567.1	1714	3	0
NG_073566.1	1729	1	0
NG_073565.1	1673	6	0
NG_073564.1	1714	6	0
NG_073563.1	1700	5	0
NG_073560.1	854	6	0
NG_073545.1	989	1	0
NG_073541.1	753	13	0
NG_073539.1	946	1	0
NG_073528.1	1327	2	0
NG_073527.1	1670	1	0
NG_073525.1	801	1	0
NG_073524.1	1184	2	0
NG_073521.1	1654	326	0
NG_073520.1	1657	106	0
NG_073514.1	1028	42	0
NG_073510.1	1001	1	0
NG_073503.1	1686	6	0
NG_073502.1	1680	4	0
NG_073500.1	1665	2	0
NG_073499.1	1705	1	0
NG_073498.1	1737	2	0
NG_073497.1	1589	22	0
NG_073495.1	1684	3	0
NG_073493.1	1771	5	0
NG_062166.1	1714	2	0
NG_065069.1	1009	729	0
NG_070910.1	1672	3	0
NG_070908.1	551	2	0
NG_070907.1	551	4	0
NG_070905.1	551	2	0
NG_070902.1	1642	2	0
NG_070276.1	996	5	0
NG_070271.1	998	2	0
NG_070270.1	996	3	0
NG_070269.1	996	2	0
NG_070268.1	998	5	0
NG_070267.1	998	1	0
NG_070265.1	996	2	0
NG_070263.1	997	6	0
NG_070262.1	997	3	0
NG_070261.1	997	5	0
NG_070259.1	995	3	0
NG_070257.1	996	4	0
NG_070255.1	996	5	0
NG_070250.1	995	7	0
NG_070247.1	996	12	0
NG_070246.1	996	5	0
NG_070242.1	996	2	0
NG_016524.2	1711	1	0
NG_070882.1	1802	62	0
NG_070881.1	1781	1544	0
NG_070878.1	1761	908	0
NG_070877.1	1964	6147	0
NG_070875.1	1792	5415	0
NG_070874.1	1766	2449	0
NG_070871.1	1689	1	0
NG_070868.1	1801	4	0
NG_070867.1	1810	9	0
NG_070866.1	2272	10	0
NG_070865.1	1810	6	0
NG_070864.1	1085	33	0
NG_070862.1	2650	14	0
NG_070860.1	1140	35	0
NG_070857.1	1119	1	0
NG_070856.1	1708	1	0
NG_070855.1	1782	3	0
NG_070853.1	2071	5	0
NG_070852.1	1748	9	0
NG_070851.1	1748	5	0
NG_070850.1	1849	1446	0
NG_070849.1	1741	26	0
NG_070847.1	1780	11	0
NG_070808.1	1738	5213	0
NG_070807.1	1686	127	0
NG_070806.1	1771	432	0
NG_070805.1	1771	415	0
NG_070804.1	1788	5	0
NG_070803.1	1787	7	0
NG_070802.1	1783	3	0
NG_070801.1	1776	1151	0
NG_070800.1	1756	1	0
NG_070797.1	1774	7145	0
NG_070795.1	1696	12	0
NG_070794.1	1241	16	0
NG_070793.1	1696	4	0
NG_070792.1	1718	17	0
NG_070791.1	1787	3	0
NG_070790.1	1802	6	0
NG_070788.1	1748	2	0
NG_070787.1	1788	2	0
NG_070697.1	1839	2325	0
NG_070695.1	1592	74	0
NG_070694.1	1667	85	0
NG_070693.1	1698	73	0
NG_070692.1	1170	109	0
NG_070691.1	1731	312	0
NG_070690.1	1757	127	0
NG_070687.1	1770	72	0
NG_070686.1	1776	1	0
NG_070685.1	1760	147	0
NG_070681.1	1010	1	0
NG_070676.1	918	3	0
NG_070641.1	1667	7	0
NG_070638.1	1772	3707	0
NG_070637.1	1033	40	0
NG_070635.1	1741	1281	0
NG_070634.1	1701	1	0
NG_063530.1	1738	5	0
NG_070325.1	1029	49	0
NG_070324.1	1013	40	0
NG_070317.1	1096	1	0
NG_070311.1	937	3	0
NG_070310.1	1640	2	0
NG_070309.1	1791	12	0
NG_070308.1	1640	3	0
NG_070307.1	1637	4	0
NG_070306.1	1641	2	0
NG_070305.1	1640	149	0
NG_070304.1	1640	4	0
NG_070303.1	1641	5	0
NG_070302.1	1640	2	0
NG_070295.1	1002	2	0
NG_070294.1	1721	21	0
NG_070292.1	1105	45	0
NG_070289.1	1106	281	0
NG_070288.1	1106	47	0
NG_070287.1	1713	222	0
NG_070286.1	2045	1	0
NG_070285.1	1673	2	0
NG_070284.1	767	2	0
NG_070283.1	1664	52	0
NG_070282.1	1719	45	0
NG_070281.1	1809	4	0
NG_070280.1	1573	2	0
NG_070279.1	1765	4	0
NG_070278.1	996	10	0
NG_070277.1	996	11	0
NG_070275.1	995	1	0
NG_070274.1	995	2	0
NG_070272.1	996	3	0
NG_070266.1	995	4	0
NG_070260.1	996	4	0
NG_070258.1	996	3	0
NG_070256.1	996	3	0
NG_070253.1	997	4	0
NG_070252.1	996	2	0
NG_070251.1	996	4	0
NG_070249.1	996	1	0
NG_070248.1	996	2	0
NG_070245.1	996	2	0
NG_070244.1	997	5	0
NG_070243.1	996	1	0
NG_070241.1	993	2	0
NG_070240.1	996	8	0
NG_070239.1	551	3	0
NG_070238.1	1058	2	0
NG_070235.1	1750	10	0
NG_070233.1	1782	15	0
NG_070232.1	503	4	0
NG_070231.1	1762	375	0
NG_064913.1	1922	2	0
NG_070160.1	1055	1	0
NG_070153.1	1029	1	0
NG_070152.1	1002	1	0
NG_070146.1	982	1	0
NG_070132.1	741	227	0
NG_070131.1	1132	1740	0
NG_070130.1	1126	1380	0
NG_070129.1	1133	1747	0
NG_070122.1	986	38	0
NG_070117.1	1663	7	0
NG_070115.1	1106	46	0
NG_070114.1	1011	43	0
NG_070108.1	1116	4	0
NG_070107.1	1116	3	0
NG_070106.1	1115	2	0
NG_070102.1	1115	3	0
NG_070101.1	1615	1	0
NG_070105.1	1117	1	0
NG_070104.1	1116	4	0
NG_070103.1	1116	2	0
NG_064857.1	2250	9	0
NG_063015.1	1587	76	0
NG_062040.1	1670	3	0
NG_068422.1	1090	1	0
NG_068371.1	1388	1	0
NG_068363.1	1020	1	0
NG_068361.1	1115	2	0
NG_068360.1	1739	1422	0
NG_068429.1	999	2	0
NG_068427.1	1023	6	0
NG_068420.1	1015	1	0
NG_068407.1	1030	1	0
NG_068406.1	1030	10	0
NG_068376.1	1002	1	0
NG_065592.1	1733	9	0
NG_065591.1	1728	12	0
NG_065590.1	1705	11	0
NG_064893.1	1751	2	0
NG_064892.1	1754	1	0
NG_062857.1	1663	6	0
NG_067712.1	1026	18	0
NG_067706.1	1010	1	0
NG_067705.1	1774	9583	0
NG_067704.1	1773	1074	0
NG_067696.1	1113	121	0
NG_067694.1	1675	3	0
NG_067690.1	1616	2	0
NG_067689.1	1564	4	0
NG_067685.1	1024	1	0
NG_067684.1	1229	1	0
NG_067679.1	1034	1	0
NG_067673.1	1744	1	0
NG_067672.1	958	27	0
NG_067669.1	1107	2702	0
NG_067666.1	1025	467	0
NG_067665.1	1025	476	0
NG_067659.1	1015	38	0
NG_067658.1	1021	43	0
NG_067650.1	986	1	0
NG_067648.1	1691	2	0
NG_067646.1	1115	2	0
NG_067645.1	1115	1	0
NG_067638.1	1020	1	0
NG_067631.1	1597	1	0
NG_067630.1	1668	1	0
NG_067626.1	1148	2	0
NG_067624.1	1722	2	0
NG_067623.1	1771	1	0
NG_063686.1	1066	1	0
NG_063433.1	1762	7	0
NG_062957.1	1655	2	0
NG_065473.1	1711	3	0
NG_062614.1	1659	2	0
NG_065480.1	1657	1	0
NG_064883.1	1762	2	0
NG_063445.1	1739	1	0
NG_063428.1	1721	1	0
NG_063415.1	1745	1	0
NG_061036.1	1735	4	0
NG_065802.1	1743	1	0
NG_065777.1	1023	1	0
NG_065771.1	1032	1	0
NG_065769.1	1061	1	0
NG_065766.1	1046	1	0
NG_065764.1	1026	1	0
NG_065763.1	1724	3	0
NG_065762.1	2028	2	0
NG_065733.1	995	41	0
NG_065732.1	1025	336	0
NG_065725.1	950	1	0
NG_065722.1	1897	41	0
NG_065720.1	984	1	0
NG_065717.1	744	102	0
NG_065707.1	1715	18	0
NG_065706.1	1565	2	0
NG_065700.1	1030	33	0
NG_065699.1	1025	43	0
NG_065698.1	1601	61	0
NG_065697.1	1575	73	0
NG_065696.1	1598	57	0
NG_065692.1	2071	1	0
NG_065688.1	994	1	0
NG_065684.1	1891	46	0
NG_065682.1	1021	1	0
NG_065681.1	1559	2	0
NG_065678.1	1008	1	0
NG_065677.1	999	4	0
NG_065676.1	999	13	0
NG_065675.1	999	7	0
NG_065674.1	1629	1	0
NG_065673.1	1629	1	0
NG_065668.1	1013	45	0
NG_065666.1	1639	1	0
NG_065660.1	1071	14	0
NG_065659.1	1675	1	0
NG_065655.1	1049	1	0
NG_065653.1	1106	38	0
NG_065652.1	1106	44	0
NG_065651.1	1566	393	0
NG_065650.1	1595	376	0
NG_065648.1	1055	1	0
NG_065644.1	1097	134	0
NG_065643.1	2170	17	0
NG_065642.1	1999	33	0
NG_065641.1	1701	9	0
NG_065631.1	1596	1	0
NG_065630.1	1602	2	0
NG_065629.1	1611	2	0
NG_065625.1	1589	1	0
NG_065624.1	1744	9	0
NG_065623.1	1118	5	0
NG_065622.1	1613	60	0
NG_065621.1	1608	51	0
NG_065619.1	1600	60	0
NG_065618.1	1688	1	0
NG_065617.1	1584	56	0
NG_065616.1	1615	62	0
NG_065615.1	1618	52	0
NG_065614.1	1582	60	0
NG_065613.1	1578	66	0
NG_065612.1	1617	56	0
NG_065611.1	1574	62	0
NG_065610.1	1574	42	0
NG_065608.1	1571	1	0
NG_065606.1	1491	4	0
NG_065604.1	1774	1	0
NG_065603.1	1551	1	0
NG_065602.1	1700	13	0
NG_065601.1	1755	62	0
NG_065599.1	1156	7	0
NG_065598.1	1356	2	0
NG_065597.1	1746	1	0
NG_065589.1	1753	82	0
NG_065588.1	1747	9	0
NG_065587.1	1752	13	0
NG_065585.1	1715	1	0
NG_065583.1	1772	1	0
NG_065582.1	1152	9	0
NG_065581.1	1722	11	0
NG_065579.1	1325	3	0
NG_065577.1	1728	3	0
NG_065576.1	1443	3	0
NG_065575.1	1589	2	0
NG_065573.1	2009	1	0
NG_065572.1	1752	2	0
NG_065571.1	1021	1	0
NG_065563.1	1734	1	0
NG_065560.1	1154	5	0
NG_065549.1	1711	13	0
NG_065548.1	1538	5	0
NG_065547.1	1538	3	0
NG_065546.1	1719	1	0
NG_065544.1	1709	1	0
NG_065538.1	1770	3	0
NG_065536.1	2306	1	0
NG_065535.1	1757	1	0
NG_065533.1	1648	8	0
NG_065532.1	1722	306	0
NG_065529.1	1687	18	0
NG_065527.1	1705	1	0
NG_065526.1	1687	5	0
NG_065525.1	1707	1	0
NG_065519.1	1656	1	0
NG_065518.1	1661	13	0
NG_065517.1	1658	8	0
NG_065516.1	1661	6	0
NG_065515.1	1661	4	0
NG_065512.1	1713	2	0
NG_065511.1	1689	2	0
NG_065510.1	1699	1	0
NG_065505.1	1498	13	0
NG_065503.1	1756	3	0
NG_065502.1	1669	1	0
NG_065500.1	1766	1	0
NG_065498.1	1760	14	0
NG_065497.1	1787	4	0
NG_065496.1	1784	7	0
NG_065492.1	1663	7	0
NG_065489.1	1715	6	0
NG_065488.1	1721	6	0
NG_065486.1	1781	7	0
NG_065485.1	1758	51	0
NG_065484.1	1706	33	0
NG_065483.1	1754	16	0
NG_065482.1	1683	1	0
NG_065479.1	1710	15	0
NG_065478.1	1708	14	0
NG_065475.1	1724	5	0
NG_065469.1	1639	17	0
NG_065468.1	1748	11	0
NG_065467.1	1745	5	0
NG_065466.1	1740	57	0
NG_065464.1	1750	941	0
NG_013153.1	2033	2	0
NG_013120.1	1647	5	0
NG_063460.1	1781	4	0
NG_062980.1	1656	10	0
NG_065157.1	1804	389	0
NG_065156.1	1806	3	0
NG_065155.1	1801	2	0
NG_065153.1	1756	1	0
NG_065136.1	1039	1	0
NG_065112.1	1723	40	0
NG_065108.1	1871	45	0
NG_065107.1	1779	44	0
NG_065106.1	1602	38	0
NG_065098.1	1006	95	0
NG_065096.1	1069	1	0
NG_065093.1	999	1	0
NG_065080.1	1708	7	0
NG_065077.1	1004	103	0
NG_065076.1	1044	17	0
NG_065072.1	1052	2	0
NG_065070.1	1644	22	0
NG_065068.1	1009	939	0
NG_065065.1	1025	80	0
NG_065064.1	1700	1	0
NG_065062.1	1544	6	0
NG_065057.1	1652	207	0
NG_065054.1	1116	4	0
NG_065053.1	1179	2	0
NG_065052.1	963	2	0
NG_065051.1	1179	8	0
NG_065050.1	1178	8	0
NG_065049.1	1179	6	0
NG_065048.1	1179	6	0
NG_065047.1	1179	3	0
NG_065046.1	1534	8	0
NG_065044.1	1582	4	0
NG_065042.1	1614	5	0
NG_065040.1	1722	1	0
NG_065039.1	1582	2	0
NG_065038.1	1117	1	0
NG_065020.1	1718	5	0
NG_065019.1	1708	1	0
NG_065011.1	1070	1	0
NG_065009.1	1017	40	0
NG_065006.1	1671	4	0
NG_065005.1	1672	3	0
NG_065001.1	1148	1	0
NG_065000.1	1585	7	0
NG_064999.1	2408	5	0
NG_064998.1	1052	17	0
NG_064997.1	1066	17	0
NG_064995.1	1702	1	0
NG_064994.1	1706	1	0
NG_064991.1	1138	40	0
NG_064990.1	1748	10	0
NG_064986.1	1036	1905	0
NG_064985.1	1028	4949	0
NG_064984.1	1024	102	0
NG_064983.1	1085	91	0
NG_064982.1	1096	103	0
NG_064979.1	1033	1	0
NG_064977.1	1735	1	0
NG_064976.1	1776	1716	0
NG_064973.1	1628	3	0
NG_064971.1	1628	2	0
NG_064970.1	1628	1	0
NG_064969.1	1667	69	0
NG_064968.1	1663	48	0
NG_064965.1	1699	2	0
NG_064963.1	1717	2	0
NG_064961.1	1718	1	0
NG_064959.1	1073	7402	0
NG_064958.1	1724	5687	0
NG_064957.1	1698	5	0
NG_064955.1	1134	100	0
NG_064954.1	1717	3	0
NG_064953.1	1718	4	0
NG_064948.1	1766	1	0
NG_064943.1	1734	1	0
NG_064942.1	1773	5	0
NG_064941.1	1691	1	0
NG_064940.1	1779	4	0
NG_064939.1	1779	3	0
NG_064938.1	1880	2	0
NG_064930.1	1717	3	0
NG_064926.1	1736	3	0
NG_064921.1	1714	5637	0
NG_064920.1	1733	1	0
NG_064918.1	1076	1	0
NG_064917.1	2226	3	0
NG_064916.1	1682	1	0
NG_064915.1	2035	3	0
NG_064911.1	1772	1	0
NG_064910.1	2070	1	0
NG_064908.1	1724	84	0
NG_064907.1	1767	78	0
NG_064906.1	1786	27	0
NG_064903.1	1707	1	0
NG_064902.1	1196	6	0
NG_064901.1	1668	2	0
NG_064899.1	1788	5	0
NG_064898.1	1662	2	0
NG_064897.1	1783	2	0
NG_064896.1	1735	9	0
NG_064895.1	1704	36	0
NG_064890.1	1736	10	0
NG_064889.1	2050	62	0
NG_064888.1	1804	3	0
NG_064878.1	1787	88	0
NG_064875.1	1770	1	0
NG_064873.1	1784	1	0
NG_064872.1	942	4	0
NG_064871.1	1781	8	0
NG_064870.1	1777	12	0
NG_064869.1	1781	4	0
NG_064867.1	958	12	0
NG_064864.1	1745	2	0
NG_064863.1	1777	3	0
NG_064862.1	1148	3	0
NG_064859.1	2522	14	0
NG_064858.1	1750	20	0
NG_064853.1	1023	1	0
NG_064846.1	1331	1	0
NG_064839.1	1687	82	0
NG_064838.1	1721	17	0
NG_064836.1	991	1	0
NG_064830.1	1769	2	0
NG_064829.1	1771	4	0
NG_064828.1	1775	13	0
NG_064827.1	1772	4	0
NG_064826.1	1772	1	0
NG_064825.1	1798	1	0
NG_064824.1	1757	281	0
NG_064821.1	1793	1	0
NG_064816.1	1730	1	0
NG_064815.1	1727	1	0
NG_064806.1	1750	1	0
NG_064804.1	1733	9	0
NG_064803.1	1733	7	0
NG_064802.1	1777	1	0
NG_064801.1	1777	1	0
NG_064800.1	1447	29	0
NG_064799.1	2107	6	0
NG_064797.1	1750	909	0
NG_064796.1	1748	4	0
NG_064795.1	1752	1602	0
NG_064794.1	1753	774	0
NG_063410.1	1743	4	0
NG_062811.1	1771	1	0
NG_062808.1	1766	1	0
NG_063674.1	1007	2	0
NG_063646.1	1030	9	0
NG_063645.1	1029	7	0
NG_063641.1	1034	2	0
NG_063626.1	838	1	0
NG_063558.1	877	1	0
NG_063547.1	1089	1	0
NG_063542.1	1733	2	0
NG_063541.1	1770	60	0
NG_063539.1	1609	1	0
NG_063538.1	1135	2	0
NG_063537.1	1125	6	0
NG_063536.1	1132	2	0
NG_063535.1	1125	5	0
NG_063534.1	1125	4	0
NG_063532.1	1734	3	0
NG_063531.1	1734	8	0
NG_063529.1	1736	4	0
NG_063528.1	2044	18	0
NG_063527.1	1757	6	0
NG_063526.1	1753	544	0
NG_063525.1	1744	7	0
NG_063524.1	1754	4	0
NG_063523.1	1777	20	0
NG_063522.1	1755	37	0
NG_063520.1	1777	52	0
NG_063519.1	1784	3	0
NG_063517.1	1782	52	0
NG_063510.1	1789	110	0
NG_063509.1	1767	9	0
NG_063504.1	1757	1	0
NG_063499.1	1754	47	0
NG_063491.1	1753	1	0
NG_063488.1	1752	4	0
NG_063487.1	1751	3	0
NG_063486.1	1750	6	0
NG_063485.1	1752	1	0
NG_063484.1	1753	3	0
NG_063483.1	1752	3	0
NG_063480.1	1753	6	0
NG_063479.1	1752	3	0
NG_063478.1	1735	3	0
NG_063477.1	1735	4	0
NG_063476.1	1734	1	0
NG_063475.1	1735	40	0
NG_063474.1	1782	5	0
NG_063473.1	1754	2	0
NG_063472.1	1776	12	0
NG_063471.1	1791	4	0
NG_063470.1	1782	17	0
NG_063469.1	1782	18	0
NG_063468.1	1782	35	0
NG_063467.1	1781	3	0
NG_063466.1	1782	379	0
NG_063465.1	1782	18	0
NG_063464.1	1782	5	0
NG_063463.1	1782	20	0
NG_063462.1	1782	12	0
NG_063461.1	1782	49	0
NG_063459.1	1782	14	0
NG_063458.1	1783	81	0
NG_063457.1	1782	14	0
NG_063456.1	1756	57	0
NG_063455.1	1780	9	0
NG_063454.1	1780	3	0
NG_063453.1	1780	7	0
NG_063452.1	1781	90	0
NG_063451.1	2088	16	0
NG_063450.1	1668	7	0
NG_063449.1	1761	1	0
NG_063448.1	1785	2	0
NG_063447.1	1780	2	0
NG_063444.1	1766	12	0
NG_063442.1	1788	1	0
NG_063440.1	1750	4	0
NG_063439.1	1757	36	0
NG_063438.1	1786	1	0
NG_063437.1	1758	2	0
NG_063436.1	1756	6	0
NG_063435.1	1772	14	0
NG_063432.1	1744	1	0
NG_063431.1	1778	30	0
NG_063430.1	1701	1	0
NG_063426.1	1766	3	0
NG_063425.1	1766	24	0
NG_063424.1	1772	8	0
NG_063423.1	1772	12	0
NG_063421.1	1781	7	0
NG_063420.1	1784	3	0
NG_063419.1	1768	5	0
NG_063418.1	1760	1	0
NG_063417.1	1781	1	0
NG_063413.1	1759	5	0
NG_063411.1	1773	4	0
NG_063407.1	1767	6	0
NG_063404.1	1781	4	0
NG_063402.1	1783	1	0
NG_063400.1	1772	5	0
NG_063399.1	1782	10	0
NG_063398.1	1783	8	0
NG_063397.1	1782	6	0
NG_063396.1	1783	1	0
NG_063395.1	1784	3	0
NG_063394.1	1781	9	0
NG_063392.1	1749	7	0
NG_063391.1	1733	3	0
NG_063389.1	1748	1	0
NG_063388.1	1757	2	0
NG_063386.1	1778	1485	0
NG_063385.1	1755	14	0
NG_063384.1	1744	2	0
NG_063383.1	1737	4	0
NG_063381.1	1661	1	0
NG_063380.1	1714	1	0
NG_063379.1	1734	2	0
NG_063377.1	1720	1	0
NG_063376.1	1737	2	0
NG_063370.1	1718	5	0
NG_063368.1	1718	2	0
NG_063367.1	1757	2	0
NG_063364.1	1755	6	0
NG_063363.1	1749	1	0
NG_063362.1	1748	2	0
NG_063361.1	1752	3	0
NG_063360.1	1751	1	0
NG_063359.1	1726	2	0
NG_063355.1	1621	58	0
NG_063352.1	1691	3	0
NG_063347.1	1780	1	0
NG_063344.1	1776	2	0
NG_063338.1	1722	5	0
NG_063322.1	1720	18	0
NG_063311.1	1629	12	0
NG_063301.1	1675	1	0
NG_063298.1	1655	2	0
NG_063293.1	1664	1	0
NG_063290.1	1734	1	0
NG_063288.1	1737	76	0
NG_063287.1	1764	79	0
NG_063286.1	1752	92	0
NG_063285.1	1724	43	0
NG_063284.1	1724	47	0
NG_063283.1	1724	56	0
NG_063282.1	1724	42	0
NG_063281.1	1726	38	0
NG_063280.1	1724	5	0
NG_063279.1	1700	5	0
NG_063278.1	1729	4	0
NG_063276.1	1721	1	0
NG_063275.1	1722	47	0
NG_063274.1	1696	1	0
NG_063272.1	1715	9	0
NG_063271.1	1724	1	0
NG_063270.1	1718	3	0
NG_063268.1	1752	3	0
NG_063267.1	1753	3	0
NG_063266.1	1752	5	0
NG_063265.1	1752	3	0
NG_063262.1	1702	4	0
NG_063256.1	1748	1	0
NG_063239.1	1749	1	0
NG_063235.1	1787	1706	0
NG_063234.1	1794	15	0
NG_063233.1	1801	2	0
NG_063232.1	1777	101	0
NG_063231.1	1751	2	0
NG_063230.1	1771	2	0
NG_063229.1	1778	5	0
NG_063081.1	1783	2	0
NG_063047.1	2053	5	0
NG_063046.1	2055	11	0
NG_063011.1	1036	10	0
NG_062781.1	1734	4	0
NG_062774.1	1067	11	0
NG_062682.1	1753	2	0
NG_062675.1	1650	3	0
NG_062674.1	1671	2	0
NG_062672.1	1723	1	0
NG_062649.1	1318	2	0
NG_063109.1	1787	1	0
NG_063101.1	1731	3	0
NG_063098.1	1614	21	0
NG_063091.1	1709	86	0
NG_063089.1	1737	1	0
NG_063088.1	1739	1	0
NG_063085.1	1628	2	0
NG_063084.1	1628	1	0
NG_063083.1	1750	1	0
NG_063080.1	1632	52	0
NG_063079.1	1687	1	0
NG_063078.1	1687	2	0
NG_063076.1	1631	1	0
NG_063073.1	1599	1	0
NG_063061.1	1086	5	0
NG_063060.1	1538	2	0
NG_063059.1	1564	2	0
NG_063054.1	1684	1	0
NG_063053.1	1687	1	0
NG_063051.1	1687	1	0
NG_063045.1	1588	30	0
NG_063044.1	1589	12	0
NG_063043.1	1582	18	0
NG_063042.1	1596	6	0
NG_063041.1	1586	7	0
NG_063040.1	2321	4	0
NG_063039.1	1591	7	0
NG_063038.1	1955	3	0
NG_063037.1	1584	1	0
NG_063036.1	1581	2	0
NG_063020.1	1116	3	0
NG_063019.1	1681	1	0
NG_063018.1	1614	1	0
NG_063017.1	1581	3	0
NG_063016.1	1577	1	0
NG_063014.1	1597	1	0
NG_063012.1	1598	1	0
NG_063003.1	1679	1	0
NG_063002.1	1542	67	0
NG_063001.1	1533	164	0
NG_063000.1	1570	152	0
NG_062999.1	2039	11	0
NG_062992.1	1463	2	0
NG_062979.1	1656	14	0
NG_062978.1	1646	2	0
NG_062977.1	1656	7	0
NG_062976.1	1659	3	0
NG_062975.1	1642	18	0
NG_062974.1	1656	9	0
NG_062973.1	1654	73	0
NG_062972.1	1657	72	0
NG_062971.1	1657	63	0
NG_062970.1	1657	77	0
NG_062969.1	1656	69	0
NG_062968.1	1657	61	0
NG_062967.1	1656	47	0
NG_062966.1	1656	64	0
NG_062965.1	1655	3	0
NG_062964.1	1654	8	0
NG_062963.1	1656	10	0
NG_062962.1	1656	3	0
NG_062961.1	1655	5	0
NG_062960.1	1656	5	0
NG_062959.1	1655	3	0
NG_062958.1	1655	9	0
NG_062956.1	1655	7	0
NG_062955.1	1653	2	0
NG_062954.1	1655	5	0
NG_062953.1	1653	1	0
NG_062952.1	1656	6	0
NG_062951.1	1654	7	0
NG_062950.1	1655	1	0
NG_062949.1	1655	7	0
NG_062948.1	1654	4	0
NG_062947.1	1655	5	0
NG_062946.1	1653	5	0
NG_062945.1	1655	20	0
NG_062944.1	1656	6	0
NG_062943.1	1655	20	0
NG_062942.1	1656	4	0
NG_062941.1	1656	9	0
NG_062939.1	1656	3	0
NG_062938.1	1655	5	0
NG_062937.1	1657	55	0
NG_062936.1	1656	5	0
NG_062935.1	1656	6	0
NG_062934.1	1656	4	0
NG_062933.1	1655	3	0
NG_062932.1	1658	6	0
NG_062931.1	1656	19	0
NG_062928.1	1419	2	0
NG_062927.1	1666	2	0
NG_062926.1	1649	2	0
NG_062924.1	1703	2	0
NG_062923.1	1686	433	0
NG_062883.1	1020	1	0
NG_062881.1	1020	1	0
NG_062869.1	1635	1	0
NG_062868.1	1641	1	0
NG_062867.1	1647	1	0
NG_062866.1	1640	1	0
NG_062865.1	1557	2	0
NG_062864.1	1596	1	0
NG_062862.1	1637	1	0
NG_062860.1	1650	1	0
NG_062858.1	1141	29	0
NG_062852.1	1779	1	0
NG_062851.1	1779	3	0
NG_062850.1	1068	19	0
NG_062849.1	1068	26	0
NG_062835.1	1020	1	0
NG_062829.1	1062	1	0
NG_062825.1	1635	1	0
NG_062824.1	1256	1	0
NG_062823.1	2063	1	0
NG_062822.1	1636	4	0
NG_062821.1	2124	3	0
NG_062820.1	1769	123	0
NG_062818.1	1766	1	0
NG_062817.1	1772	1	0
NG_062814.1	1767	119	0
NG_062813.1	1747	16	0
NG_062812.1	1744	1	0
NG_062810.1	1766	1	0
NG_062807.1	1768	116	0
NG_062803.1	1598	1	0
NG_062802.1	1622	3	0
NG_062801.1	1647	3	0
NG_062800.1	1771	6	0
NG_062797.1	1750	3	0
NG_062788.1	1753	1	0
NG_062787.1	2105	1	0
NG_062786.1	1728	3	0
NG_062783.1	1727	1	0
NG_062782.1	1778	2	0
NG_062780.1	1592	1	0
NG_062777.1	1682	2	0
NG_062776.1	1682	2	0
NG_062771.1	1600	2	0
NG_062770.1	1598	2	0
NG_062769.1	1599	1	0
NG_062768.1	1590	2	0
NG_062766.1	1590	1	0
NG_062765.1	1590	1	0
NG_062764.1	1590	4	0
NG_062759.1	1155	9	0
NG_062753.1	1702	3	0
NG_062739.1	1134	1	0
NG_062735.1	1697	862	0
NG_062734.1	1670	3	0
NG_062732.1	1549	131	0
NG_062728.1	1730	1	0
NG_062726.1	1763	2	0
NG_062721.1	1070	1	0
NG_062716.1	1473	1	0
NG_062715.1	1611	2	0
NG_062714.1	1682	5	0
NG_062711.1	1659	6	0
NG_062710.1	1704	1	0
NG_062709.1	1697	2	0
NG_062708.1	2861	2	0
NG_062706.1	2583	72	0
NG_062705.1	1706	5	0
NG_062704.1	2692	2	0
NG_062703.1	1549	4	0
NG_062701.1	1690	1	0
NG_062700.1	1691	10	0
NG_062699.1	1702	12	0
NG_062698.1	1707	1	0
NG_062697.1	1653	7	0
NG_062696.1	1754	1	0
NG_062695.1	1682	1	0
NG_062694.1	1141	6	0
NG_062693.1	1662	4	0
NG_062692.1	1181	6	0
NG_062691.1	1799	7	0
NG_062690.1	1710	1	0
NG_062689.1	2089	3	0
NG_062688.1	1648	1	0
NG_062687.1	1648	1	0
NG_062686.1	1786	2	0
NG_062685.1	1765	1	0
NG_062684.1	1652	3	0
NG_062683.1	1744	2	0
NG_062671.1	1783	2	0
NG_062670.1	1783	46	0
NG_062667.1	1759	2	0
NG_062665.1	1727	5	0
NG_062662.1	1700	2	0
NG_062661.1	1724	7	0
NG_062658.1	1710	18	0
NG_062657.1	1708	4	0
NG_062656.1	1727	27	0
NG_062655.1	1726	1039	0
NG_062654.1	1089	5	0
NG_062653.1	1038	6	0
NG_062651.1	1102	1	0
NG_062647.1	1714	1	0
NG_062645.1	1753	183	0
NG_062641.1	1758	7	0
NG_062640.1	1761	4	0
NG_062639.1	1731	4	0
NG_062638.1	1753	2	0
NG_062637.1	1760	1	0
NG_062636.1	1758	7	0
NG_062634.1	1692	1	0
NG_062633.1	1769	3	0
NG_062626.1	1766	1	0
NG_062625.1	1752	9	0
NG_062624.1	1756	279	0
NG_062623.1	1761	12	0
NG_062622.1	1757	278	0
NG_062620.1	1757	10	0
NG_062619.1	1757	283	0
NG_062618.1	1757	294	0
NG_062616.1	1782	234	0
NG_062615.1	1782	434	0
NG_062612.1	1751	3	0
NG_062611.1	1792	8	0
NG_062610.1	1732	1	0
NG_062609.1	1734	1	0
NG_062608.1	1727	1	0
NG_062607.1	1686	1	0
NG_062605.1	1685	1	0
NG_062604.1	1685	1	0
NG_062600.1	1769	5	0
NG_062598.1	1741	1	0
NG_062597.1	1740	2	0
NG_062595.1	1739	46	0
NG_062594.1	1739	4	0
NG_062444.1	1768	1	0
NG_062420.1	1461	4115	0
NG_062417.1	942	10	0
NG_062416.1	942	12	0
NG_062410.1	1579	3	0
NG_062409.1	980	1	0
NG_062407.1	1613	45	0
NG_062406.1	1575	75	0
NG_062405.1	1702	60	0
NG_062404.1	1577	2	0
NG_062403.1	1574	23	0
NG_062402.1	1642	20	0
NG_062401.1	1637	4	0
NG_062399.1	1656	6	0
NG_062398.1	1656	4	0
NG_062397.1	1749	2	0
NG_062396.1	1749	1	0
NG_062394.1	1024	9	0
NG_062393.1	1696	1915	0
NG_062392.1	1738	1	0
NG_062391.1	1663	29	0
NG_062390.1	1637	1	0
NG_062389.1	1697	17	0
NG_062388.1	1703	1	0
NG_062387.1	1703	3	0
NG_062386.1	1778	15	0
NG_062384.1	1734	5	0
NG_062382.1	1684	9	0
NG_062381.1	1770	141	0
NG_062380.1	1143	26	0
NG_062378.1	1619	157	0
NG_062377.1	1765	53	0
NG_062376.1	1653	2	0
NG_062375.1	1691	1	0
NG_062374.1	1753	1	0
NG_062373.1	1749	1	0
NG_062371.1	1770	76	0
NG_062367.1	1783	61	0
NG_062366.1	1767	5241	0
NG_062365.1	1760	3	0
NG_062363.1	1753	12	0
NG_062362.1	1769	6	0
NG_062361.1	1766	5	0
NG_062197.1	1783	6	0
NG_062196.1	1783	1	0
NG_062195.1	1783	1	0
NG_062194.1	1441	2	0
NG_062193.1	1698	5	0
NG_062192.1	1697	1	0
NG_062191.1	1697	3	0
NG_062184.1	2035	2	0
NG_062181.1	1763	82	0
NG_062180.1	1617	2	0
NG_062179.1	1581	2	0
NG_062178.1	1578	1	0
NG_062176.1	1001	1	0
NG_062175.1	1558	2	0
NG_062174.1	1582	1	0
NG_062173.1	1537	4	0
NG_062172.1	1659	3	0
NG_062171.1	1663	24	0
NG_062170.1	1574	2	0
NG_062169.1	1719	5	0
NG_062168.1	1719	4	0
NG_062167.1	1719	5	0
NG_062165.1	1719	6	0
NG_062163.1	1650	3	0
NG_062162.1	1651	5	0
NG_062161.1	1656	4	0
NG_062160.1	1655	6	0
NG_062159.1	1655	2	0
NG_062158.1	1656	1	0
NG_062157.1	1656	3	0
NG_062156.1	1656	7	0
NG_062147.1	1789	58	0
NG_062146.1	1708	3	0
NG_062145.1	1799	11	0
NG_062143.1	1748	53	0
NG_062142.1	1749	2	0
NG_062141.1	1758	54	0
NG_062140.1	1753	4	0
NG_062139.1	1686	27	0
NG_062138.1	1668	28	0
NG_062137.1	1673	25	0
NG_062136.1	1781	6	0
NG_062135.1	1782	11	0
NG_062134.1	1782	3	0
NG_062133.1	1781	95	0
NG_062132.1	1757	2	0
NG_062131.1	1733	21	0
NG_062130.1	1731	29	0
NG_062129.1	1762	6	0
NG_062127.1	1768	2	0
NG_062126.1	1762	1	0
NG_062125.1	1786	9	0
NG_062123.1	1735	10	0
NG_062122.1	1734	5	0
NG_062120.1	1779	7	0
NG_062111.1	1654	6	0
NG_062110.1	1654	5	0
NG_062109.1	1657	12	0
NG_062108.1	1654	9	0
NG_062107.1	1656	6	0
NG_062106.1	1655	4	0
NG_062105.1	1656	2	0
NG_062104.1	1659	4	0
NG_062103.1	1659	1	0
NG_062102.1	1652	3	0
NG_062101.1	1656	10	0
NG_062100.1	1656	7	0
NG_062099.1	1656	18	0
NG_062098.1	1656	8	0
NG_062097.1	1655	4	0
NG_062096.1	1657	18	0
NG_062095.1	1655	7	0
NG_062094.1	1655	18	0
NG_062093.1	1653	1	0
NG_062092.1	1765	9	0
NG_062091.1	1758	10	0
NG_062090.1	1758	7	0
NG_062089.1	1763	8	0
NG_062088.1	1758	5	0
NG_062087.1	1762	5	0
NG_062086.1	1758	7	0
NG_062085.1	1708	7	0
NG_062084.1	1746	8	0
NG_062083.1	1775	6	0
NG_062082.1	1758	6	0
NG_062081.1	1758	5	0
NG_062080.1	1752	4	0
NG_062078.1	1749	4	0
NG_062077.1	1786	1	0
NG_062073.1	1724	5	0
NG_062072.1	1749	1	0
NG_062071.1	1721	15	0
NG_062070.1	1753	1	0
NG_062068.1	1696	1	0
NG_062066.1	1681	2	0
NG_062065.1	1681	3	0
NG_062064.1	1681	1	0
NG_062062.1	1659	1	0
NG_062054.1	1666	1	0
NG_062048.1	1790	558	0
NG_062047.1	1696	1	0
NG_062046.1	1686	3	0
NG_062045.1	1696	4	0
NG_062044.1	1696	2	0
NG_062043.1	1648	2	0
NG_062042.1	1781	19	0
NG_062036.1	1730	1	0
NG_062034.1	1746	1	0
NG_062033.1	1781	5	0
NG_062030.1	1775	15	0
NG_062029.1	1782	10	0
NG_062028.1	1782	13	0
NG_062027.1	1782	12	0
NG_062026.1	1782	11	0
NG_062025.1	1789	6	0
NG_062024.1	1792	16	0
NG_062023.1	1776	28	0
NG_062022.1	1780	10	0
NG_062021.1	1773	15	0
NG_062020.1	1773	10	0
NG_062019.1	1780	4	0
NG_062018.1	1777	10	0
NG_062017.1	1777	2	0
NG_062016.1	1777	5	0
NG_062015.1	1778	2	0
NG_062014.1	1776	7	0
NG_062013.1	1776	3	0
NG_062012.1	1774	21	0
NG_062011.1	1776	26	0
NG_062010.1	1754	11	0
NG_062009.1	1755	4	0
NG_062008.1	1749	5	0
NG_061301.1	1762	5	0
NG_061294.1	1039	2	0
NG_061287.1	1050	75	0
NG_061286.1	1032	1	0
NG_061284.1	857	6722	0
NG_061280.1	1063	1	0
NG_061275.1	1507	89	0
NG_061262.1	1783	2	0
NG_061261.1	974	45	0
NG_061258.1	2090	1	0
NG_061246.1	2310	34	0
NG_061241.1	1024	7	0
NG_061239.1	1448	2135	0
NG_061237.1	1018	1	0
NG_061233.1	972	10	0
NG_061232.1	941	10	0
NG_061228.1	1025	1	0
NG_061226.1	1003	15	0
NG_061221.1	2699	17	0
NG_061212.1	1659	244	0
NG_061209.1	1017	43	0
NG_061199.1	1670	3	0
NG_061196.1	1697	3	0
NG_061194.1	1599	17	0
NG_061192.1	1569	2	0
NG_061186.1	1019	8	0
NG_061179.1	1606	64	0
NG_061178.1	1623	1	0
NG_061177.1	1712	5	0
NG_061176.1	1616	1	0
NG_061175.1	1685	65	0
NG_061174.1	1591	1	0
NG_061173.1	767	1625	0
NG_061172.1	1708	3	0
NG_061171.1	1547	30	0
NG_061168.1	1554	1	0
NG_061167.1	1999	4	0
NG_061166.1	1719	11	0
NG_061162.1	1654	4	0
NG_061161.1	1654	6	0
NG_061160.1	1656	5	0
NG_061159.1	1656	4	0
NG_061158.1	1657	44	0
NG_061157.1	1656	8	0
NG_061156.1	1653	1	0
NG_061155.1	1656	3	0
NG_061154.1	1655	4	0
NG_061153.1	1656	13	0
NG_061152.1	1655	2	0
NG_061151.1	1656	7	0
NG_061150.1	1655	1	0
NG_061149.1	1656	9	0
NG_061148.1	1656	5	0
NG_061147.1	1574	7	0
NG_061145.1	1627	1	0
NG_061142.1	1569	1	0
NG_061140.1	1649	1898	0
NG_061139.1	1663	1	0
NG_061135.1	1643	42	0
NG_061134.1	1640	1	0
NG_061133.1	1749	2	0
NG_061132.1	1749	79	0
NG_061131.1	1749	1	0
NG_061130.1	1752	33	0
NG_061129.1	1742	2	0
NG_061128.1	1753	1	0
NG_061127.1	1747	5	0
NG_061126.1	1646	24	0
NG_061125.1	1763	32	0
NG_061123.1	1698	5	0
NG_061121.1	1005	43	0
NG_061119.1	1759	2	0
NG_061116.1	1778	11	0
NG_061115.1	1775	1810	0
NG_061114.1	1664	86	0
NG_061113.1	1664	111	0
NG_061112.1	1608	3	0
NG_061111.1	1703	1	0
NG_061109.1	1775	1	0
NG_061108.1	1201	199	0
NG_061105.1	1770	2	0
NG_061103.1	1746	5	0
NG_061102.1	1698	1	0
NG_061096.1	1741	1	0
NG_061090.1	1743	2	0
NG_061089.1	1787	1	0
NG_061088.1	1744	2	0
NG_061087.1	1727	2	0
NG_061086.1	1738	2	0
NG_061085.1	1786	4	0
NG_061083.1	1749	1	0
NG_061082.1	1626	1	0
NG_061078.1	1718	2	0
NG_061077.1	2459	8	0
NG_061076.1	1684	18	0
NG_061075.1	967	8	0
NG_061073.1	1596	2	0
NG_061070.1	1138	78	0
NG_061062.1	1095	3	0
NG_061060.1	1663	4	0
NG_061059.1	1575	172	0
NG_061056.1	1715	678	0
NG_061055.1	1785	24	0
NG_061053.1	1769	2259	0
NG_061052.1	1696	4	0
NG_061050.1	1720	1	0
NG_061047.1	1600	8	0
NG_061045.1	1792	12	0
NG_061044.1	1675	1	0
NG_061043.1	1648	3	0
NG_061042.1	1777	8	0
NG_061041.1	1730	6	0
NG_061040.1	1734	3	0
NG_061039.1	1758	70	0
NG_061038.1	1756	18	0
NG_061037.1	1739	2	0
NG_061035.1	1746	19	0
NG_061034.1	1759	40	0
NG_061033.1	1757	1	0
NG_061032.1	2157	1	0
NG_061031.1	1783	20	0
NG_061030.1	2121	1	0
NG_061028.1	1672	26	0
NG_061027.1	1072	1	0
NG_061026.1	1849	6	0
NG_061023.1	1753	2	0
NG_061022.1	1758	3	0
NG_061020.1	2161	9	0
NG_061018.1	1749	4	0
NG_061017.1	1753	1	0
NG_061016.1	511	1	0
NG_061011.1	1776	1583	0
NG_061010.1	1752	658	0
NG_061009.1	1751	10	0
NG_061008.1	1762	25	0
NG_061005.1	1758	8	0
NG_061001.1	1349	1	0
NG_060998.1	975	1	0
NG_060996.1	1676	68	0
NG_060988.1	1778	6	0
NG_060987.1	1686	2	0
NG_060986.1	1781	63	0
NG_060985.1	1782	27	0
NG_060984.1	1781	9	0
NG_060983.1	1781	15	0
NG_060982.1	1782	22	0
NG_060981.1	1757	2	0
NG_060980.1	1756	6	0
NG_060978.1	1760	23	0
NG_060977.1	1752	2	0
NG_060976.1	1763	80	0
NG_060975.1	2072	5	0
NG_060974.1	1781	141	0
NG_060972.1	1740	167	0
NG_060971.1	1683	3	0
NG_060970.1	1688	2	0
NG_060969.1	1683	2	0
NG_060968.1	1756	2	0
NG_013144.1	2080	2	0
NG_060587.1	1738	1	0
NG_013175.1	1776	624	0
NG_017192.1	1736	184	0
NG_017187.1	1751	1279	0
NG_017185.1	1816	2076	0
NG_017179.1	1787	19	0
NG_017174.1	1770	551	0
NG_017173.1	2620	1591	0
NG_017172.1	1796	521	0
NG_017168.1	1784	1637	0
NG_017166.1	1860	7	0
NG_016540.1	1708	4	0
NG_016538.1	1016	1	0
NG_016527.1	1779	2	0
NG_016511.1	965	2	0
NG_016510.1	960	1	0
NG_016502.1	1752	4	0
NG_013154.1	1715	534	0
NG_013192.1	1618	1	0
NG_012432.1	1724	3	0
NG_017176.1	1463	898	0
