NR_177918.1	1474	2	0
NR_177914.1	1461	1	0
NR_177911.1	1484	12	0
NR_177906.1	1504	2	0
NR_177904.1	1464	9	0
NR_177903.1	1461	10	0
NR_177902.1	1464	13	0
NR_177891.1	1479	31	0
NR_177888.1	1497	1	0
NR_177887.1	1497	6	0
NR_177885.1	1427	56	0
NR_177881.1	1465	1	0
NR_177880.1	1463	3	0
NR_177877.1	1449	1	0
NR_177876.1	1455	43	0
NR_177875.1	1449	1	0
NR_177871.1	1163	1	0
NR_177868.1	1160	202	0
NR_177867.1	1160	169	0
NR_177866.1	1162	173	0
NR_177863.1	1124	1	0
NR_177862.1	1462	58	0
NR_177856.1	1333	1	0
NR_177850.1	1166	4	0
NR_177849.1	1166	3	0
NR_177848.1	1121	3	0
NR_177847.1	1462	47	0
NR_177841.1	1144	12	0
NR_177840.1	1144	3	0
NR_177839.1	1144	6	0
NR_177838.1	1144	3	0
NR_177837.1	1144	9	0
NR_177836.1	1144	5	0
NR_177835.1	1144	9	0
NR_177834.1	1144	1	0
NR_177833.1	1144	5	0
NR_177832.1	1144	3	0
NR_177831.1	1145	2	0
NR_177830.1	1144	2	0
NR_177829.1	1144	1	0
NR_177828.1	1144	4	0
NR_177827.1	1144	3	0
NR_177826.1	1144	2	0
NR_177825.1	1163	8	0
NR_177823.1	1145	1	0
NR_177816.1	1145	2	0
NR_177815.1	1145	5	0
NR_177814.1	1145	8	0
NR_177813.1	1145	5	0
NR_177812.1	1145	3	0
NR_177811.1	1145	3	0
NR_177810.1	1145	4	0
NR_177809.1	1145	2	0
NR_177805.1	1474	1	0
NR_177804.1	1389	1	0
NR_177802.1	1554	1	0
NR_177801.1	1554	1	0
NR_177800.1	1554	1	0
NR_177799.1	1163	9	0
NR_177789.1	1144	1	0
NR_177786.1	1143	20	0
NR_177785.1	1143	17	0
NR_177784.1	1143	18	0
NR_177783.1	1143	16	0
NR_177782.1	1143	22	0
NR_177780.1	1144	12	0
NR_177779.1	1143	16	0
NR_177778.1	1162	19	0
NR_177777.1	1481	6	0
NR_177776.1	1447	1	0
NR_177775.1	1164	1	0
NR_177767.1	1438	11	0
NR_177763.1	1385	1	0
NR_177761.1	1456	1	0
NR_177758.1	1484	12	0
NR_177753.1	1478	1	0
NR_177751.1	1412	1	0
NR_177748.1	1481	119	0
NR_177745.1	1481	3	0
NR_177744.1	1481	2	0
NR_177738.1	1446	1	0
NR_177737.1	1485	8	0
NR_177735.1	1450	2	0
NR_177734.1	1478	6	0
NR_177732.1	1485	9	0
NR_177729.1	1485	5	0
NR_177723.1	1466	1	0
NR_177719.1	1162	1	0
NR_177714.1	1543	71	0
NR_177705.1	1393	27	0
NR_177701.1	1293	49	0
NR_177700.1	1461	61	0
NR_177699.1	1453	67	0
NR_177692.1	1415	36	0
NR_177691.1	1414	30	0
NR_177690.1	1414	43	0
NR_177688.1	1471	67	0
NR_177684.1	1410	15	0
NR_177681.1	1146	788	0
NR_177680.1	1443	2	0
NR_177676.1	1485	1	0
NR_177675.1	1285	1	0
NR_177671.1	1462	2	0
NR_177670.1	1442	1	0
NR_177669.1	1430	10	0
NR_177665.1	1311	14	0
NR_177663.1	1415	1	0
NR_177049.1	1481	1	0
NR_177048.1	1481	2	0
NR_177046.1	1480	1	0
NR_177044.1	1067	1	0
NR_177040.1	1430	12	0
NR_177032.1	1455	48	0
NR_177019.1	1464	3	0
NR_177016.1	1164	1	0
NR_177014.1	1392	1	0
NR_177007.1	1478	1	0
NR_177000.1	1270	1	0
NR_176994.1	1443	164	0
NR_176993.1	1437	1	0
NR_176992.1	1295	1	0
NR_176988.1	1383	1	0
NR_176987.1	1485	27	0
NR_176981.1	1462	1	0
NR_165726.1	1481	1	0
NR_145527.1	1552	1	0
NR_118672.1	1490	1	0
NR_118290.1	1407	1	0
NR_116306.1	1448	1	0
NR_176804.1	1504	2	0
NR_176606.1	1200	60	0
NR_176600.1	1423	1	0
NR_176597.1	1279	1	0
NR_176595.1	1500	1	0
NR_176593.1	1144	1	0
NR_176589.1	1435	2	0
NR_176585.1	1412	3	0
NR_176580.1	1001	58	0
NR_176579.1	746	22	0
NR_176578.1	1002	1	0
NR_176577.1	1002	1	0
NR_176576.1	1002	28	0
NR_176575.1	1350	8	0
NR_176566.1	1560	1	0
NR_176558.1	1440	1	0
NR_176555.1	1488	5	0
NR_176553.1	1500	56	0
NR_176552.1	1500	77	0
NR_176550.1	1478	9	0
NR_176542.1	1487	1	0
NR_176539.1	1500	24	0
NR_176535.1	1481	1	0
NR_176533.1	1560	2	0
NR_176532.1	1560	1	0
NR_176530.1	1428	1	0
NR_176526.1	1481	14	0
NR_176517.1	1354	32	0
NR_176515.1	1477	32	0
NR_176514.1	1471	4	0
NR_176511.1	1500	21	0
NR_176510.1	1500	25	0
NR_176504.1	1477	33	0
NR_176501.1	1471	2	0
NR_176498.1	1500	8	0
NR_176497.1	1500	16	0
NR_176494.1	1500	17	0
NR_176493.1	640	59	0
NR_176487.1	1509	2	0
NR_176486.1	1445	28	0
NR_176484.1	1353	88	0
NR_176482.1	1394	1	0
NR_176481.1	1395	1	0
NR_176478.1	1388	2	0
NR_176475.1	1489	258	0
NR_176473.1	1370	1	0
NR_172712.2	1500	5	0
NR_172711.2	1501	1	0
NR_172677.2	1490	81	0
NR_172660.2	1483	85	0
NR_172618.1	1380	1	0
NR_175591.1	1528	1	0
NR_175580.1	1525	2	0
NR_175578.1	1526	1	0
NR_175566.1	1500	3	0
NR_175565.1	1470	1	0
NR_175564.1	1540	1	0
NR_175563.1	1539	1	0
NR_175555.1	1555	1	0
NR_175541.1	1404	1	0
NR_175538.1	1489	5	0
NR_175535.1	1353	1	0
NR_175489.1	1436	1	0
NR_175487.1	1503	1	0
NR_175451.1	1257	17	0
NR_175423.1	1449	1	0
NR_175414.1	1467	1	0
NR_171394.1	1545	1	0
NR_165775.1	1470	2	0
NR_165768.1	1462	5	0
NR_165758.1	1559	1	0
NR_158107.1	1440	1	0
NR_157784.1	1449	2	0
NR_156853.1	1451	1	0
NR_153743.1	1457	1	0
NR_152090.1	1498	2	0
NR_152039.1	1524	1	0
NR_151943.1	1424	1	0
NR_134842.2	1498	11	0
NR_074469.2	1498	2	0
NR_028945.2	1522	2	0
NR_044704.2	1513	1	0
NR_146362.2	1485	1	0
NR_146667.2	1522	7	0
NR_148626.1	1474	2	0
NR_148578.1	1408	14	0
NR_147709.1	1571	1	0
NR_146661.1	1450	1	0
NR_146371.1	1299	1	0
NR_146035.1	1516	1	0
NR_145875.1	1444	1	0
NR_144738.1	1487	1	0
NR_144578.1	1506	1	0
NR_137210.1	1498	3	0
NR_134140.1	1419	6	0
NR_134139.1	1500	3	0
NR_134028.1	1409	1	0
NR_133978.1	1455	1	0
NR_132669.1	1448	1	0
NR_126210.1	1405	1	0
NR_125691.1	1419	13	0
NR_125600.1	1499	6	0
NR_125562.1	1448	1	0
NR_119370.1	1484	3	0
NR_119245.1	1567	1	0
NR_118636.1	1418	24	0
NR_118471.1	1529	5	0
NR_118382.1	1499	1	0
NR_118178.1	1352	21	0
NR_118177.1	1352	20	0
NR_117757.1	1331	1	0
NR_117650.1	1414	30	0
NR_117473.1	1495	1	0
NR_117231.1	1514	1	0
NR_117114.1	1477	1	0
NR_117050.1	1511	1	0
NR_116873.1	1394	1	0
NR_116757.1	1387	1	0
NR_116497.1	1460	1	0
NR_116427.1	1408	1	0
NR_116286.1	1444	1	0
NR_115953.1	1533	2	0
NR_115345.1	1489	2	0
NR_115202.1	1428	1	0
NR_115195.1	1410	2	0
NR_115108.1	1441	68	0
NR_114713.1	1500	1	0
NR_114657.1	1456	1	0
NR_114148.1	1408	1	0
NR_113989.1	1475	6	0
NR_113969.1	1496	5	0
NR_113812.1	1410	1	0
NR_113674.1	1414	31	0
NR_113653.1	1462	5	0
NR_113409.1	1490	1	0
NR_112796.1	1417	2	0
NR_112636.1	1477	1	0
NR_112227.1	1427	35	0
NR_112071.1	1503	1	0
NR_112065.1	1511	2	0
NR_108948.1	1427	1	0
NR_044836.2	1482	1	0
NR_109485.1	1456	1	0
NR_109170.1	1449	2	0
NR_108509.1	1405	1	0
NR_108487.1	1452	4	0
NR_108180.1	1480	1	0
NR_104958.1	1499	1	0
NR_104793.1	1537	1	0
NR_104550.1	1315	1	0
NR_104497.1	1523	2	0
NR_044647.2	1486	1	0
NR_102876.1	1502	2	0
NR_102852.1	1519	267	0
NR_075013.1	1558	1	0
NR_074910.1	1544	186	0
NR_074799.1	1534	5	0
NR_074617.1	1520	6	0
NR_074517.1	1510	2	0
NR_074268.1	1480	2	0
NR_044918.1	1466	6	0
NR_044916.1	1549	1	0
NR_044829.1	1422	1	0
NR_044450.1	1408	1	0
NR_044415.1	1403	8	0
NR_044216.1	1482	3	0
NR_043836.1	1500	1	0
NR_043808.1	1512	1	0
NR_043579.1	1495	1	0
NR_043533.1	1498	1	0
NR_042599.1	1387	1	0
NR_042589.1	1387	1	0
NR_042588.1	1388	1	0
NR_042436.1	1564	1	0
NR_042243.1	1549	2	0
NR_042241.1	1518	1	0
NR_041770.1	1469	1	0
NR_041368.1	1489	1	0
NR_041263.1	1507	3	0
NR_040991.1	1479	3	0
NR_040959.1	1459	1	0
NR_040958.1	1454	1	0
NR_040957.1	1482	8	0
NR_040799.1	1505	2	0
NR_044295.1	1541	1	0
NR_043756.1	1396	1	0
NR_043112.1	1442	25	0
NR_037074.1	1499	1	0
NR_037000.1	1492	4	0
NR_036841.1	1479	6	0
NR_029084.1	1550	1	0
NR_028902.1	1398	1	0
NR_028894.1	1505	6	0
NR_028770.1	1552	1	0
NR_028699.1	1522	1	0
NR_028611.1	1393	8	0
NR_027575.1	1540	1	0
NR_027525.1	1481	1	0
NR_027206.1	1520	1	0
NR_025576.1	1453	1	0
NR_025567.1	1498	1	0
NR_025245.1	1442	1	0
NR_024907.1	1475	1	0
NR_024708.1	1497	5	0
NR_026531.1	1446	4	0
NR_026255.1	1506	1	0
NR_026133.1	1481	195	0
NR_025917.1	1464	1	0
NR_174339.1	1489	666	0
NR_174335.1	1446	2	0
NR_174326.1	1484	4	0
NR_174324.1	1520	1	0
NR_174322.1	1485	4	0
NR_174319.1	1514	1	0
NR_174303.1	1514	3	0
NR_174300.1	1538	2	0
NR_174284.1	1520	1	0
NR_174277.1	1425	1	0
NR_174270.1	1445	3	0
NR_174267.1	1547	3	0
NR_174260.1	1464	1	0
NR_174258.1	1528	7	0
NR_174249.1	1380	1	0
NR_174227.1	1486	1	0
NR_174217.1	1354	1	0
NR_174214.1	1505	1	0
NR_174202.1	1490	2	0
NR_174198.1	1352	351	0
NR_173696.1	1482	1	0
NR_173695.1	1491	1	0
NR_173682.1	1389	1	0
NR_173681.1	1523	31	0
NR_173673.1	1447	4	0
NR_173669.1	1455	1	0
NR_173654.1	1379	3	0
NR_173652.1	1405	1	0
NR_173616.1	1476	1	0
NR_173613.1	1470	1	0
NR_173610.1	1543	6	0
NR_173607.1	1497	4	0
NR_173587.1	1528	24	0
NR_173586.1	1523	17	0
NR_173585.1	1525	23	0
NR_173584.1	1533	24	0
NR_173583.1	1533	16	0
NR_173582.1	1533	21	0
NR_173581.1	1526	23	0
NR_173580.1	1529	19	0
NR_173579.1	1504	16	0
NR_173578.1	1523	16	0
NR_173577.1	1524	16	0
NR_173576.1	1523	23	0
NR_173575.1	1525	19	0
NR_173574.1	1515	20	0
NR_173573.1	1532	1	0
NR_173572.1	1546	19	0
NR_173571.1	1546	14	0
NR_173567.1	1532	33	0
NR_173566.1	1522	21	0
NR_173565.1	1518	18	0
NR_173564.1	1528	25	0
NR_173563.1	1528	24	0
NR_173562.1	1535	15	0
NR_173561.1	1507	11	0
NR_173559.1	1534	17	0
NR_173558.1	1542	12	0
NR_173557.1	1526	18	0
NR_173556.1	1517	2	0
NR_173555.1	1497	20	0
NR_173554.1	1520	16	0
NR_173552.1	1527	12	0
NR_173550.1	1333	1	0
NR_173537.1	1452	1	0
NR_173536.1	1459	1	0
NR_173528.1	1494	1	0
NR_173525.1	1528	5	0
NR_173512.1	1525	2	0
NR_173495.1	1357	1	0
NR_172707.1	1161	3	0
NR_172704.1	1162	70	0
NR_172692.1	1162	17	0
NR_172691.1	1162	23	0
NR_172690.1	1162	12	0
NR_172683.1	1139	14	0
NR_172676.1	1161	1	0
NR_172674.1	1161	111	0
NR_172673.1	1161	1	0
NR_172667.1	1490	4	0
NR_172662.1	1013	1	0
NR_172661.1	1163	12	0
NR_172659.1	1167	2	0
NR_172657.1	923	1	0
NR_172578.1	1324	2	0
NR_172621.1	979	46	0
NR_172613.1	1068	5	0
NR_172606.1	1463	212	0
NR_172605.1	1477	132	0
NR_172604.1	1478	48	0
NR_172603.1	1477	488	0
NR_172600.1	1344	3	0
NR_172597.1	1286	234	0
NR_172593.1	1488	1	0
NR_172586.1	1161	1	0
NR_172585.1	1086	1	0
NR_172583.1	1479	1	0
NR_172581.1	1471	1	0
NR_172579.1	1498	2	0
NR_172575.1	1321	1	0
NR_172571.1	1420	1	0
NR_171537.1	1545	4	0
NR_171524.1	1497	8	0
NR_171510.1	1500	6	0
NR_171508.1	1487	1	0
NR_171480.1	1506	1	0
NR_171474.1	1506	1	0
NR_171457.1	1505	1	0
NR_171453.1	1470	2	0
NR_171448.1	1389	3	0
NR_171445.1	1441	1	0
NR_171443.1	1497	1	0
NR_171434.1	1416	1	0
NR_171428.1	1395	16	0
NR_171417.1	1078	11	0
NR_171393.1	1482	5	0
NR_171388.1	1530	1	0
NR_170529.1	1485	1	0
NR_170520.1	1485	1	0
NR_170483.1	1531	1	0
NR_170482.1	1452	2	0
NR_170465.1	1412	4	0
NR_170457.1	1526	1	0
NR_170455.1	1485	1	0
NR_170450.1	1488	1	0
NR_170444.1	1541	1	0
NR_170433.1	1530	2	0
NR_170428.1	1500	1	0
NR_170426.1	1462	5	0
NR_170416.1	1526	1	0
NR_170414.1	1361	7	0
NR_170406.1	1479	1	0
NR_170393.1	1516	1	0
NR_170391.1	1504	1	0
NR_170502.1	1571	1	0
NR_170495.1	1534	2	0
NR_170430.1	1492	392	0
NR_169498.1	1540	8	0
NR_169492.1	1457	3	0
NR_169476.1	1536	53	0
NR_169468.1	1495	1	0
NR_169429.1	1526	1	0
NR_169411.1	1525	1	0
NR_169406.1	1455	1	0
NR_169380.1	1452	2	0
NR_169366.1	1460	8	0
NR_169362.1	1533	1	0
NR_169356.1	1440	1	0
NR_169355.1	1450	5	0
NR_169343.1	1440	40	0
NR_169341.1	1518	1	0
NR_169334.1	1500	11	0
NR_169333.1	1500	23	0
NR_169332.1	1532	22	0
NR_169331.1	1532	20	0
NR_169330.1	1532	20	0
NR_169329.1	1540	18	0
NR_169328.1	1536	13	0
NR_169320.1	1521	18	0
NR_169317.1	1409	1	0
NR_169316.1	1479	1	0
NR_169312.1	1520	1	0
NR_169499.1	1432	1	0
NR_169486.1	1429	1	0
NR_169467.1	1481	2	0
NR_169434.1	1396	1	0
NR_169425.1	1325	1	0
NR_169404.1	1343	2	0
NR_169339.1	1400	2	0
NR_169336.1	1418	4	0
NR_169327.1	1535	19	0
NR_169326.1	1534	12	0
NR_169319.1	1506	1	0
NR_169318.1	1508	6	0
NR_165790.1	1495	2	0
NR_165786.1	1447	3	0
NR_165776.1	1493	3	0
NR_165765.1	1431	1	0
NR_165748.1	1538	16	0
NR_165738.1	1454	1	0
NR_165734.1	1468	1	0
NR_165730.1	1505	1	0
NR_165721.1	1413	1	0
NR_165713.1	1410	2	0
NR_165712.1	1564	1	0
NR_165693.1	1386	1	0
NR_165686.1	1400	1	0
NR_165678.1	1447	3	0
NR_165672.1	1629	1	0
NR_165015.1	1524	2	0
NR_165010.1	1465	1	0
NR_165004.1	1505	2	0
NR_164992.1	1453	2	0
NR_164985.1	1424	1	0
NR_164973.1	1422	1	0
NR_164968.1	1351	1	0
NR_164964.1	1475	2	0
NR_164947.1	1491	1	0
NR_164937.1	1409	1	0
NR_164909.1	1515	3	0
NR_164907.1	1482	1	0
NR_164900.1	1348	1	0
NR_164890.1	1525	1	0
NR_164873.1	1418	1	0
NR_164619.1	1418	9	0
NR_146028.1	1482	1	0
NR_164624.1	1279	1	0
NR_163602.1	1536	1	0
NR_116675.1	1443	3	0
NR_163656.1	1446	2	0
NR_163651.1	1449	8	0
NR_163647.1	1461	1	0
NR_163619.1	1339	1	0
NR_163610.1	1388	1	0
NR_163613.1	1478	1	0
NR_159926.1	1530	2	0
NR_159925.1	1530	7	0
NR_159914.1	1499	1	0
NR_159911.1	1458	1	0
NR_159908.1	1537	1	0
NR_159886.1	1428	1	0
NR_159352.1	1395	4	0
NR_159351.1	1426	1	0
NR_159325.1	1457	1	0
NR_159322.1	1508	1	0
NR_159318.1	1456	15	0
NR_159317.1	1454	9	0
NR_159303.1	1404	1	0
NR_159302.1	1417	1	0
NR_159299.1	1452	2	0
NR_159267.1	1400	1	0
NR_159255.1	1542	6	0
NR_159248.1	1412	3	0
NR_159247.1	1417	1	0
NR_159241.1	1540	1	0
NR_159239.1	1444	3	0
NR_159235.1	1503	16	0
NR_159232.1	1455	21	0
NR_159189.1	1425	1	0
NR_159185.1	1413	9	0
NR_159181.1	1453	1	0
NR_159177.1	1483	3	0
NR_159163.1	1409	2	0
NR_159150.1	1507	3	0
NR_159144.1	1518	3	0
NR_159135.1	1471	1	0
NR_159100.1	1445	2	0
NR_159098.1	1394	47	0
NR_159086.1	1534	3	0
NR_159085.1	1542	23	0
NR_159084.1	1542	7	0
NR_159083.1	1542	6	0
NR_158137.1	1423	35	0
NR_158133.1	1409	1	0
NR_158086.1	1459	1	0
NR_158076.1	1438	1	0
NR_158062.1	1360	3	0
NR_158050.1	1420	14	0
NR_158037.1	1352	2	0
NR_158018.1	1319	1	0
NR_158012.1	1472	1	0
NR_157999.1	1508	1	0
NR_157993.1	1443	9	0
NR_157984.1	1403	1	0
NR_157982.1	1293	1	0
NR_157795.1	1399	42	0
NR_157778.1	1537	17	0
NR_157777.1	1531	28	0
NR_157773.1	1432	4	0
NR_157767.1	1465	1	0
NR_157765.1	1454	43	0
NR_157762.1	1525	1	0
NR_157759.1	1503	1	0
NR_157683.1	1456	1	0
NR_157665.1	1418	63	0
NR_157658.1	1535	14	0
NR_157657.1	1432	1	0
NR_157653.1	1407	2	0
NR_157613.1	1446	2	0
NR_157018.1	1420	3	0
NR_157010.1	1341	2	0
NR_157000.1	1487	1	0
NR_156989.1	1539	7	0
NR_156982.1	1517	12	0
NR_156939.1	1526	2	0
NR_156932.1	1288	1	0
NR_156930.1	1368	3	0
NR_156929.1	1479	1	0
NR_156924.1	1526	1	0
NR_156920.1	1480	2	0
NR_156918.1	1506	14	0
NR_156914.1	1439	14	0
NR_156913.1	1453	2	0
NR_156902.1	1412	1	0
NR_156877.1	1510	2	0
NR_156862.1	1425	1	0
NR_156860.1	1480	1	0
NR_156857.1	1431	1	0
NR_156838.1	1538	89	0
NR_156815.1	1539	1	0
NR_156801.1	1544	1	0
NR_156172.1	1468	1	0
NR_156161.1	1453	2	0
NR_156158.1	1475	13	0
NR_156157.1	1482	1	0
NR_156136.1	1368	1	0
NR_156104.1	1484	3	0
NR_156049.1	1394	1	0
NR_153752.1	1543	11	0
NR_153744.1	1422	1	0
NR_153738.1	1417	1	0
NR_153734.1	1391	1	0
NR_153731.1	1430	3	0
NR_153726.1	1494	2	0
NR_153714.1	1339	1	0
NR_153712.1	1362	44	0
NR_153675.1	1510	1	0
NR_153670.1	1494	1	0
NR_153664.1	1532	1	0
NR_152715.1	1498	2	0
NR_152710.1	1412	8	0
NR_152636.1	1507	1	0
NR_152629.1	1547	1	0
NR_152092.1	1485	2	0
NR_152086.1	1545	10	0
NR_152084.1	1343	1	0
NR_152079.1	1419	1	0
NR_152066.1	1430	39	0
NR_152054.1	1550	1	0
NR_152052.1	1509	1	0
NR_152036.1	1480	2	0
NR_152032.1	1437	5	0
NR_152020.1	1517	1	0
NR_152017.1	1370	1	0
NR_151997.1	1486	1	0
NR_151988.1	1528	1	0
NR_151986.1	1521	1	0
NR_151985.1	1502	1	0
NR_151960.1	1462	4	0
NR_151915.1	1413	1	0
NR_151914.1	1426	2	0
NR_151907.1	1552	1	0
NR_151906.1	1552	1	0
NR_151905.1	1515	43	0
NR_074480.2	1498	3	0
NR_074484.2	1498	4	0
NR_074459.2	1498	5	0
NR_074473.2	1498	2	0
NR_074499.2	1481	2	0
NR_074448.2	1504	1	0
NR_115938.2	1554	1	0
NR_126315.2	1531	1	0
NR_126313.2	1531	3	0
NR_132700.2	1456	4	0
NR_136501.2	1537	14	0
NR_102476.2	1482	1	0
NR_037007.2	1552	1	0
NR_074335.2	1488	7	0
NR_074513.2	1507	1	0
NR_075004.2	1552	1	0
NR_102489.2	1489	1	0
NR_102783.2	1550	2	0
NR_103935.2	1485	1	0
NR_116360.2	1489	1	0
NR_118693.2	1489	4	0
NR_109025.2	1479	1	0
NR_136517.2	1533	1	0
NR_145962.2	1490	3	0
NR_146708.2	1495	1	0
NR_043021.2	1557	1	0
NR_149807.1	1389	2	0
NR_149803.1	1485	2	0
NR_149789.1	1454	1	0
NR_149786.1	1434	1	0
NR_149782.1	1521	1	0
NR_149767.1	1422	1	0
NR_149291.1	1484	1	0
NR_149306.1	1549	1	0
NR_149297.1	1485	1	0
NR_149296.1	1449	2	0
NR_149293.1	1451	3	0
NR_149279.1	1386	1	0
NR_149231.1	1518	1	0
NR_149220.1	1425	7	0
NR_149218.1	1435	1	0
NR_149185.1	1421	1	0
NR_149174.1	1407	2	0
NR_108597.1	1457	2	0
NR_145944.2	1492	1	0
NR_148856.1	1432	1	0
NR_148853.1	1419	1	0
NR_148840.1	1420	1	0
NR_148837.1	1520	7	0
NR_148820.1	1348	6	0
NR_148818.1	1472	3	0
NR_148796.1	1433	1	0
NR_148793.1	1454	1	0
NR_148782.1	1514	1	0
NR_148762.1	1456	1	0
NR_148761.1	1475	1	0
NR_148663.1	1414	9	0
NR_148661.1	1450	1	0
NR_148651.1	1521	1	0
NR_148650.1	1454	6	0
NR_148649.1	1444	2	0
NR_148646.1	1506	2	0
NR_148644.1	1548	1	0
NR_148634.1	1525	1	0
NR_148602.1	1455	2	0
NR_148601.1	1456	8	0
NR_148598.1	1490	20	0
NR_148591.1	1451	4	0
NR_148585.1	1512	3	0
NR_148582.1	1491	3	0
NR_148576.1	1489	5	0
NR_148327.1	1448	1	0
NR_148321.1	1450	1	0
NR_148305.1	1522	2	0
NR_148266.1	1412	1	0
NR_148251.1	1443	3	0
NR_148246.1	1409	4	0
NR_147776.1	1537	2	0
NR_147774.1	1528	11	0
NR_147771.1	1454	3	0
NR_147765.1	1445	1	0
NR_147752.1	1516	6	0
NR_147746.1	1469	1	0
NR_147738.1	1463	2	0
NR_147737.1	1461	2	0
NR_147725.1	1411	2	0
NR_147404.1	1493	1	0
NR_147401.1	1498	3	0
NR_147394.1	1495	1	0
NR_147393.1	1464	7	0
NR_147380.1	1472	1	0
NR_147373.1	1532	1	0
NR_146815.1	1476	1	0
NR_146690.1	1430	1	0
NR_146677.1	1452	17	0
NR_146676.1	1449	17	0
NR_146664.1	1411	74	0
NR_146377.1	1497	1	0
NR_146372.1	1365	1	0
NR_146052.1	1414	3574	0
NR_146026.1	1485	1	0
NR_146023.1	1484	1	0
NR_146022.1	1483	2	0
NR_146016.1	1383	1	0
NR_146004.1	1511	1	0
NR_145948.1	1502	1	0
NR_145923.1	1451	1	0
NR_145904.1	1522	1	0
NR_145898.1	1450	1	0
NR_145891.1	1472	1	0
NR_145885.1	1442	2	0
NR_145878.1	1540	1	0
NR_145867.1	1213	2	0
NR_145865.1	1425	1	0
NR_145849.1	1404	6	0
NR_145663.1	1486	2	0
NR_145647.1	1422	6	0
NR_145645.1	1411	1	0
NR_145644.1	1453	1	0
NR_145642.1	1452	1	0
NR_145619.1	1479	2	0
NR_145618.1	1515	1	0
NR_145570.1	1436	3	0
NR_145544.1	1458	1	0
NR_145542.1	1405	3	0
NR_145536.1	1497	1	0
NR_145528.1	1489	10540	0
NR_144740.1	1466	1	0
NR_144713.1	1514	2	0
NR_144708.1	1456	1	0
NR_144696.1	1478	1	0
NR_144604.1	1450	2	0
NR_144581.1	1359	1	0
NR_144576.1	1519	1	0
NR_144574.1	1464	1	0
NR_144573.1	1472	1	0
NR_137419.1	1493	2	0
NR_137418.1	1405	1	0
NR_137415.1	1494	6	0
NR_137413.1	1452	1	0
NR_137410.1	1461	2	0
NR_137403.1	1401	40	0
NR_137382.1	1401	1	0
NR_137380.1	1502	15	0
NR_137341.1	1376	1	0
NR_137333.1	1495	63	0
NR_137252.1	1453	1	0
NR_137248.1	1402	1	0
NR_137244.1	1306	4	0
NR_137236.1	1461	2	0
NR_137209.1	1449	1	0
NR_137208.1	1446	2	0
NR_136867.1	1484	1	0
NR_136856.1	1484	1	0
NR_136847.1	1508	1	0
NR_136844.1	1447	2	0
NR_136806.1	1514	1	0
NR_136805.1	1523	1	0
NR_136780.1	1464	7	0
NR_136770.1	1525	3	0
NR_136767.1	1461	18	0
NR_136472.1	1504	2	0
NR_136459.1	1445	1	0
NR_136450.1	1411	1	0
NR_136445.1	1501	15	0
NR_136429.1	1508	2	0
NR_135902.1	1525	2	0
NR_135895.1	1451	1	0
NR_135857.1	1478	1	0
NR_135736.1	1458	1	0
NR_135717.1	1392	1	0
NR_135211.1	1462	5	0
NR_135210.1	1450	2	0
NR_135209.1	1383	1	0
NR_134826.1	1483	24	0
NR_134825.1	1445	17	0
NR_134809.1	1493	1	0
NR_134802.1	1438	1	0
NR_134788.1	1434	1	0
NR_134777.1	1448	2	0
NR_134765.1	1405	2	0
NR_134759.1	1506	1	0
NR_134741.1	1441	1	0
NR_134736.1	1306	1	0
NR_134732.1	1523	1	0
NR_134704.1	1464	1	0
NR_134698.1	1451	1	0
NR_134225.1	1407	1	0
NR_134220.1	1245	1	0
NR_134219.1	1506	1	0
NR_134182.1	1407	1	0
NR_134181.1	1434	1	0
NR_134176.1	1387	5	0
NR_134153.1	1435	1	0
NR_134134.1	1495	1	0
NR_134116.1	1546	1	0
NR_134101.1	1442	1	0
NR_134063.1	1462	5	0
NR_134062.1	1462	1	0
NR_134061.1	1484	1	0
NR_134039.1	1518	1	0
NR_134017.1	1410	1	0
NR_133969.1	1408	2	0
NR_133967.1	1505	2	0
NR_133962.1	1391	1	0
NR_133882.1	1446	1	0
NR_133878.1	1418	5	0
NR_133871.1	1479	1	0
NR_133862.1	1436	1	0
NR_133849.1	1512	1	0
NR_133848.1	1414	3	0
NR_133847.1	1409	84	0
NR_133845.1	1453	1	0
NR_133844.1	1442	3	0
NR_133840.1	1496	2	0
NR_133838.1	1412	1	0
NR_133835.1	1432	1	0
NR_133817.1	1402	1	0
NR_133804.1	1439	1	0
NR_133740.1	1424	1	0
NR_133699.1	1412	1	0
NR_133698.1	1484	2	0
NR_133047.1	1306	1	0
NR_133042.1	1389	6	0
NR_133020.1	1460	2	0
NR_132721.1	1560	1	0
NR_132712.1	1503	2	0
NR_132706.1	1249	1	0
NR_132697.1	1457	3	0
NR_132686.1	1441	1	0
NR_132675.1	1381	3	0
NR_132672.1	1370	5925	0
NR_132670.1	1376	1	0
NR_132667.1	1363	1	0
NR_132597.1	1476	1	0
NR_132596.1	1456	1	0
NR_132396.1	1407	1	0
NR_132395.1	1492	165	0
NR_132331.1	1458	1	0
NR_132330.1	1543	3	0
NR_132328.1	1367	2	0
NR_132293.1	1435	2	0
NR_132289.1	1439	1	0
NG_041959.1	1692	3	0
NR_044847.4	1497	2	0
NR_108510.2	1366	1	0
NR_117712.2	1159	11	0
NR_126314.1	1546	2	0
NR_126310.1	1524	1	0
NR_126284.1	1462	3	0
NR_126267.1	1501	1	0
NR_126226.1	1532	1	0
NR_126223.1	1456	14	0
NR_126220.1	1472	2	0
NR_126199.1	1496	16	0
NR_126196.1	1463	1	0
NR_126182.1	1483	1	0
NR_126180.1	1453	3	0
NR_126178.1	1504	1	0
NR_126170.1	1565	1	0
NR_125696.2	1284	1	0
NR_125699.1	1344	1	0
NR_125698.1	1344	2	0
NR_125690.1	1459	13	0
NR_125663.1	1492	1	0
NR_125638.1	1490	1	0
NR_125592.1	1386	1	0
NR_125587.1	1397	15	0
NR_125586.1	1404	10	0
NR_125545.1	1491	2	0
NR_125542.1	1483	1	0
NR_125523.1	1529	1	0
NR_125496.1	1420	2	0
NR_125492.1	1391	1	0
NR_125465.1	1485	1	0
NR_125461.1	1452	2	0
NR_125459.1	1407	424	0
NR_125455.1	1443	1	0
NR_125449.1	1466	1	0
NR_122081.1	1480	25	0
NR_121793.1	1543	4	0
NR_121726.1	1500	2	0
NR_044660.3	1390	2	0
NR_119289.1	1607	1	0
NR_119258.1	1363	1	0
NR_119223.1	1335	104	0
NR_118983.1	1534	1	0
NR_118911.1	1491	1	0
NR_118872.1	1526	2	0
NR_118848.1	1464	2	0
NR_118800.1	1491	1	0
NR_118785.1	1453	8	0
NR_118765.1	1292	6	0
NR_118764.1	1312	8	0
NR_118740.1	1506	1	0
NR_118677.1	1458	5	0
NR_118663.1	1358	1	0
NR_118641.1	1529	1	0
NR_118585.1	1259	49	0
NR_118554.1	1475	1	0
NR_118548.1	1345	1	0
NR_118535.1	1452	1	0
NR_118485.1	1350	1	0
NR_118458.1	1442	2	0
NR_118454.1	1369	1	0
NR_118448.1	1450	1	0
NR_118420.1	1498	1	0
NR_118348.1	1503	1	0
NR_118335.1	1395	2	0
NR_118333.1	1500	11	0
NR_118314.1	1405	2	0
NR_118312.1	1417	1	0
NR_118271.1	1354	1	0
NR_118138.1	1544	52	0
NR_118109.1	1437	2	0
NR_118089.1	1479	7	0
NR_118048.1	1422	1	0
NR_118019.1	1357	1	0
NR_118001.1	1506	1	0
NR_117928.1	1499	1	0
NR_117903.1	1354	3	0
NR_117881.1	1449	74	0
NR_117880.1	1446	17	0
NR_117838.1	1459	2	0
NR_117827.1	1442	3	0
NR_117794.1	1424	1	0
NR_117783.1	1440	1	0
NR_117780.1	1419	1	0
NR_117699.1	1516	4	0
NR_117697.1	1516	1	0
NR_117615.1	1507	1	0
NR_117571.1	1492	1	0
NR_117551.1	1504	4	0
NR_117547.1	1535	13	0
NR_117546.1	1513	1	0
NR_117522.1	1408	1	0
NR_117518.1	1448	1	0
NR_117517.1	1525	2	0
NR_117516.1	1474	1	0
NR_117446.1	1406	5	0
NR_117438.1	1405	2	0
NR_117437.1	1507	22	0
NR_117406.1	1476	2	0
NR_117304.1	1495	27	0
NR_117260.1	1443	1	0
NR_117203.1	1371	2	0
NR_117186.1	1472	5	0
NR_117179.1	1509	27	0
NR_117178.1	1439	1	0
NR_117118.1	1353	1	0
NR_117049.1	1426	1	0
NR_116999.1	1413	12	0
NR_116996.1	1409	1	0
NR_116987.1	1511	1	0
NR_116983.1	1511	1	0
NR_116969.1	1431	15	0
NR_116965.1	1425	2	0
NR_116964.1	1424	1	0
NR_116957.1	1386	1	0
NR_116935.1	1338	1	0
NR_116913.1	1390	51	0
NR_116899.1	1496	1	0
NR_116897.1	1536	2	0
NR_116893.1	1463	4	0
NR_116889.1	1437	1	0
NR_116871.1	1400	1	0
NR_116867.1	1533	3	0
NR_116840.1	1419	1	0
NR_116839.1	1290	2	0
NR_116833.1	1448	1	0
NR_116818.1	1386	1	0
NR_116816.1	1409	1	0
NR_116793.1	1483	4	0
NR_116782.1	1484	2	0
NR_116772.1	1490	1	0
NR_116733.1	1426	1	0
NR_116715.1	1459	1	0
NR_116680.1	1479	1	0
NR_116679.1	1451	1	0
NR_116676.1	1458	2	0
NR_116609.1	1464	1	0
NR_116604.1	1422	8	0
NR_116573.1	1432	1	0
NR_116570.1	1442	1	0
NR_116565.1	1447	1	0
NR_116513.1	1379	1	0
NR_116482.1	1441	1	0
NR_116477.1	1332	2	0
NR_116472.1	1380	1	0
NR_116463.1	1339	1	0
NR_116461.1	1520	2	0
NR_116407.1	1451	1	0
NR_116403.1	1426	28	0
NR_116394.1	1492	1	0
NR_116366.1	1454	2	0
NR_116339.1	1422	1	0
NR_116308.1	1367	854	0
NR_116307.1	1482	1	0
NR_116280.1	1424	2	0
NR_116279.1	1225	1	0
NR_116218.1	1363	1	0
NR_116121.1	1545	1	0
NR_116120.1	1549	2	0
NR_116102.1	1453	1	0
NR_116097.1	1452	1	0
NR_116079.1	1368	2	0
NR_116074.1	1496	1	0
NR_116071.1	1529	3	0
NR_116070.1	1529	7	0
NR_116069.1	1531	2	0
NR_116042.1	1528	2	0
NR_116039.1	1460	1	0
NR_116035.1	1528	1	0
NR_116033.1	1481	23	0
NR_116008.1	1410	2	0
NR_116005.1	1445	8	0
NR_116003.1	1448	1	0
NR_115943.1	1425	16	0
NR_115922.1	1438	9	0
NR_115874.1	1460	10	0
NR_115817.1	1467	3	0
NR_115813.1	1438	1	0
NR_115810.1	1527	2	0
NR_115808.1	1501	2	0
NR_115759.1	1513	2	0
NR_115696.1	1479	2	0
NR_115687.1	1467	1	0
NR_115564.1	1433	2	0
NR_115511.1	1365	1	0
NR_115504.1	1375	1	0
NR_115414.1	1419	1	0
NR_115401.1	1419	1	0
NR_115384.1	1413	1	0
NR_115336.1	1515	2	0
NR_115329.1	1469	1	0
NR_115319.1	1405	1	0
NR_115258.1	1533	77	0
NR_115250.1	1419	1	0
NR_115225.1	1360	11	0
NR_115224.1	1363	2	0
NR_115065.1	1411	2	0
NR_115062.1	1494	1	0
NR_115060.1	1398	2	0
NR_114981.1	1391	3	0
NR_114957.1	1379	1	0
NR_114906.1	1387	23	0
NR_114900.1	1468	3	0
NR_114749.1	1531	2	0
NR_114695.1	1463	104	0
NR_114684.1	1491	7379	0
NR_114683.1	1482	227	0
NR_114635.1	1546	1	0
NR_114633.1	1333	2	0
NR_114625.1	1548	1	0
NR_114615.1	1485	2	0
NR_114591.1	1350	1	0
NR_114544.1	1501	32	0
NR_114421.1	1492	1	0
NR_114396.1	1368	2	0
NR_114384.1	1416	271	0
NR_114383.1	1414	351	0
NR_114382.1	1414	272	0
NR_114347.1	1454	2	0
NR_114327.1	1463	2	0
NR_114312.1	1474	1	0
NR_114308.1	1406	3	0
NR_113569.1	1478	72	0
NR_113567.1	1476	1	0
NR_113364.1	1418	251	0
NR_113363.1	1418	259	0
NR_113331.1	1441	87	0
NR_113301.1	1444	147	0
NR_113275.1	1417	5	0
NR_113269.1	1494	1	0
NR_113264.1	1474	5	0
NR_113233.1	1422	2	0
NR_113219.1	1453	1	0
NR_113181.1	1512	1	0
NR_113178.1	1526	1	0
NR_113061.1	1467	8	0
NR_113035.1	1430	14034	0
NR_113020.1	1470	1	0
NR_113009.1	1438	1	0
NR_113007.1	1411	4304	0
NR_112972.1	1483	17	0
NR_112948.1	1456	26	0
NR_112908.1	1468	1	0
NR_112903.1	1485	1	0
NR_112880.1	1417	3961	0
NR_112879.1	1434	4452	0
NR_112875.1	1461	1	0
NR_112822.1	1409	4803	0
NR_112808.1	1490	11	0
NR_112807.1	1510	3	0
NR_112803.1	1557	1	0
NR_112776.1	1488	52	0
NR_112720.1	1518	1	0
NR_112684.1	1535	1	0
NR_112682.1	1414	2256	0
NR_112560.1	1393	5	0
NR_112534.1	1427	2800	0
NR_112189.1	1473	1	0
NR_112186.1	1406	2	0
NR_108592.1	1426	1	0
NR_044682.2	1486	1	0
NR_104946.1	1415	1	0
NR_104937.1	1527	8	0
NR_104901.1	1515	8	0
NR_104895.1	1534	2	0
NR_104890.1	1469	7	0
NR_104856.1	1494	2	0
NR_104828.1	1508	31	0
NR_104821.1	1460	1	0
NR_104689.1	1458	1	0
NR_103954.1	1532	4	0
NR_103943.1	1556	5	0
NR_102957.1	1525	28	0
NR_102776.1	1559	1	0
NR_102511.1	1469	1	0
NR_102494.1	1475	6	0
NR_102485.1	1555	4	0
NR_102462.1	1479	10	0
NR_074111.1	1432	3	0
NR_075034.1	1568	118	0
NR_074991.1	1553	1	0
NR_074951.1	1548	21	0
NR_074933.1	1546	2	0
NR_074932.1	1546	1	0
NR_074914.1	1544	2	0
NR_074890.1	1542	34	0
NR_074869.1	1539	41	0
NR_074790.1	1533	1	0
NR_074775.1	1532	2	0
NR_074689.1	1526	1	0
NR_074666.1	1524	4	0
NR_074665.1	1524	1	0
NR_074576.1	1516	1	0
NR_074456.1	1507	1	0
NR_074394.1	1499	1	0
NR_074388.1	1498	1	0
NR_074296.1	1488	6	0
NR_074294.1	1488	1	0
NR_074276.1	1482	236	0
NR_074257.1	1478	2	0
NR_074255.1	1478	1	0
NR_074224.1	1474	1	0
NR_044972.1	1506	2	0
NR_044960.1	1391	1	0
NR_044802.1	1470	1	0
NR_044753.1	1473	1	0
NR_044571.1	1398	1	0
NR_044526.1	1387	1	0
NR_044523.1	1539	1	0
NR_044449.1	1475	1	0
NR_044427.1	1318	1	0
NR_044390.1	1404	2	0
NR_044380.1	1466	1	0
NR_044377.1	1396	1	0
NR_044293.1	1509	1	0
NR_044277.1	1456	1	0
NR_044269.1	1441	4	0
NR_044235.1	1501	2	0
NR_044233.1	1418	1	0
NR_044210.1	1396	1	0
NR_044209.1	1419	4	0
NR_044188.1	1442	5	0
NR_044105.1	1367	1	0
NR_044075.1	1518	2	0
NR_044061.1	1423	39	0
NR_044046.1	1442	129	0
NR_044006.1	1470	1	0
NR_043985.1	1474	1	0
NR_043962.1	1480	1	0
NR_043958.1	1484	1	0
NR_043935.1	1528	1	0
NR_043789.1	1546	1	0
NR_043787.1	1440	1	0
NR_043785.1	1422	1	0
NR_043781.1	1481	10	0
NR_043750.1	1356	2	0
NR_043731.1	1505	2	0
NR_043705.1	1495	1	0
NR_043640.1	1436	1	0
NR_043633.1	1404	1	0
NR_043614.1	1500	1	0
NR_043554.1	1369	1	0
NR_043537.1	1482	1	0
NR_043421.1	1526	1	0
NR_043322.1	1494	2	0
NR_043289.1	1531	9	0
NR_043276.1	1509	2	0
NR_043265.1	1346	1	0
NR_043252.1	1386	582	0
NR_043193.1	1478	1	0
NR_043187.1	1491	1	0
NR_043181.1	1500	1	0
NR_043174.1	1403	5	0
NR_043158.1	1457	2	0
NR_043115.1	1529	6	0
NR_043103.1	1448	2	0
NR_043101.1	1495	1	0
NR_043094.1	1526	2	0
NR_043068.1	1474	2	0
NR_043036.1	1484	2	0
NR_042867.1	1362	2	0
NR_042752.1	1340	4	0
NR_042723.1	1413	1	0
NR_042397.1	1476	2	0
NR_042387.1	1516	1	0
NR_042277.1	1465	2	0
NR_042144.1	1425	1	0
NR_042077.1	1438	2	0
NR_042070.1	1384	1	0
NR_042050.1	1532	18	0
NR_041981.1	1498	1	0
NR_041747.1	1427	659	0
NR_041697.1	1527	14	0
NR_041623.1	1473	1	0
NR_041570.1	1469	1	0
NR_041550.1	1480	1	0
NR_041538.1	1439	1	0
NR_041534.1	1477	1	0
NR_041499.1	1540	2	0
NR_041486.1	1521	1	0
NR_041479.1	1383	2	0
NR_041443.1	1434	1	0
NR_041385.1	1457	1	0
NR_041383.1	1472	1	0
NR_041369.1	1473	2	0
NR_041365.1	1495	7	0
NR_041354.1	1425	1	0
NR_041306.1	1482	3	0
NR_041233.1	1383	1	0
NR_041046.1	1481	1	0
NR_041016.1	1416	1	0
NR_041013.1	1406	1	0
NR_040955.1	1499	1	0
NR_040940.1	1510	1	0
NR_040934.1	1468	3	0
NR_040819.1	1419	1	0
NR_044580.1	1483	2	0
NR_044569.1	1449	7	0
NR_044518.1	1429	1	0
NR_044503.1	1627	1	0
NR_044497.1	1470	1	0
NR_044403.1	1549	1	0
NR_044284.1	1536	110	0
NR_044250.1	1470	2	0
NR_044212.1	1345	1	0
NR_044085.1	1505	1	0
NR_044024.1	1433	2	0
NR_043904.1	1522	1	0
NR_043902.1	1508	1	0
NR_043877.1	1480	1	0
NR_043874.1	1332	2	0
NR_043860.1	1450	3	0
NR_043645.1	1480	2	0
NR_043557.1	1391	1	0
NR_043482.1	1461	1	0
NR_043197.1	1491	216	0
NR_043186.1	1479	1	0
NR_043171.1	1421	1	0
NR_043169.1	1485	1	0
NR_043086.1	1451	319	0
NR_043070.1	1422	1	0
NR_043042.1	1443	1	0
NR_042863.1	1449	1	0
NR_042763.1	1336	177	0
NR_042762.1	1446	95	0
NR_037110.1	1502	1	0
NR_037079.1	1485	1	0
NR_037027.1	1484	1	0
NR_036932.1	1458	3	0
NR_036824.1	1400	2	0
NR_029352.1	1544	2	0
NR_029294.1	1549	2	0
NR_028875.1	1532	7	0
NR_025344.1	1534	1	0
NR_025254.1	1533	1	0
NR_025129.1	1394	1	0
NR_024959.1	1447	152	0
NR_024862.1	1521	8	0
NR_024771.1	1414	7	0
NR_026435.1	1481	243	0
NR_026408.1	1433	1	0
NR_026357.1	1541	1	0
NR_026321.1	1401	1	0
NR_026121.1	1480	246	0
NR_025919.1	1440	1	0
NR_159305.1	1363	6	0
NR_159197.1	1524	1	0
NR_159196.1	1524	1	0
NR_159195.1	1501	1	0
NR_159179.1	1512	29	0
NR_159157.1	1531	9	0
NR_157981.1	1448	3	0
NR_157749.1	1489	20	0
NR_157734.1	1509	1	0
NR_157733.1	1509	1	0
NR_157666.1	1445	1	0
NR_157623.1	1417	1	0
NR_157617.1	1444	2	0
NR_157007.1	1458	1	0
NR_156919.1	1518	2	0
NR_156907.1	1492	3	0
NR_156896.1	1520	1	0
NR_156876.1	1477	1	0
NR_156059.1	1510	2	0
NR_156052.1	1336	13	0
NR_156018.1	1508	1	0
NR_153750.1	1461	12	0
NR_153715.1	1494	1	0
NR_152716.1	1483	6	0
NR_152635.1	1484	7	0
NR_152015.1	1483	1	0
NR_151867.1	1445	4	0
NR_074708.2	1523	2	0
NR_044656.2	1498	1	0
NR_102794.2	1543	71	0
NR_103934.2	1537	81	0
NR_109621.2	1538	1	0
NR_126245.2	1512	1	0
NR_074354.2	1490	3	0
NR_074655.2	1520	1	0
NR_074674.2	1521	1	0
NR_074713.2	1524	1	0
NR_075044.2	1565	2	0
NR_102493.2	1540	9	0
NR_112083.2	1520	1	0
NR_112085.2	1518	2	0
NR_112116.2	1550	1	0
NR_115284.2	1559	1	0
NR_121753.2	1522	2	0
NR_137356.2	1528	2	0
NR_149304.1	1514	184	0
NR_149269.1	1346	1	0
NR_149210.1	1471	1	0
NR_149206.1	1472	1	0
NR_119159.2	1450	4	0
NR_029290.2	1450	1	0
NR_148768.1	1457	1	0
NR_148767.1	1502	6	0
NR_148747.1	1521	20	0
NR_148666.1	1500	3	0
NR_148647.1	1434	156	0
NR_148575.1	1390	32	0
NR_148572.1	1503	17	0
NR_148331.1	1469	2	0
NR_148298.1	1499	4	0
NR_146846.1	1475	1	0
NR_146834.1	1445	1	0
NR_146709.1	1352	165	0
NR_146349.1	1558	1	0
NR_146030.1	1413	195	0
NR_145893.1	1262	2	0
NR_145861.1	1450	1	0
NR_145860.1	1468	1	0
NR_145598.1	1484	1	0
NR_145595.1	1486	2	0
NR_145562.1	1512	16	0
NR_144580.1	1403	1	0
NR_137370.1	1446	1	0
NR_137358.1	1440	1	0
NR_137340.1	1452	1	0
NR_136855.1	1405	1	0
NR_136837.1	1524	2	0
NR_136494.1	1440	1	0
NR_136448.1	1456	16	0
NR_136447.1	1432	1	0
NR_136431.1	1404	2	0
NR_135894.1	1347	11	0
NR_135725.1	1483	2	0
NR_135721.1	1549	1	0
NR_134807.1	1451	25	0
NR_134793.1	1506	9	0
NR_134685.1	1527	1	0
NR_134162.1	1442	4	0
NR_134161.1	1490	2	0
NR_134145.1	1444	1	0
NR_134120.1	1413	2	0
NR_134041.1	1389	1	0
NR_134015.1	1450	1	0
NR_133949.1	1440	85	0
NR_133904.1	1551	22	0
NR_133903.1	1552	21	0
NR_133865.1	1402	1	0
NR_133858.1	1432	7	0
NR_133766.1	1422	4	0
NR_133037.1	1480	1	0
NR_132692.1	1459	23	0
NR_132333.1	1436	3	0
NR_132332.1	1440	4	0
NR_126319.1	1531	2	0
NR_126318.1	1531	12	0
NR_126317.1	1532	4	0
NR_126305.1	1501	14	0
NR_126304.1	1501	13	0
NR_126303.1	1501	19	0
NR_126291.1	1344	4	0
NR_126241.1	1497	2	0
NR_126208.1	1429	6	0
NR_126205.1	1427	1	0
NR_117738.2	1528	3	0
NR_117689.2	1518	1	0
NR_116991.2	1508	1	0
NR_114780.2	1549	3	0
NR_125713.1	1474	1	0
NR_125711.1	1460	46	0
NR_125684.1	1160	1	0
NR_125682.1	1162	15	0
NR_125626.1	1443	38	0
NR_125611.1	1462	1	0
NR_125599.1	460	51	0
NR_125585.1	1162	1	0
NR_125539.1	1428	1	0
NR_125521.1	1458	19	0
NR_125490.1	1458	1	0
NR_125480.1	1465	2	0
NR_125452.1	1421	1	0
NR_125447.1	1467	3	0
NR_116992.1	1425	9	0
NR_122089.1	1407	2856	0
NR_122062.1	1524	3	0
NR_122059.1	1541	1	0
NR_122057.1	1544	2	0
NR_122052.1	1516	1	0
NR_121745.1	1485	32	0
NR_121739.1	1546	11	0
NR_121736.1	1491	7	0
NR_121733.1	1525	4	0
NR_121718.1	1529	36	0
NR_121714.1	1512	2	0
NR_121704.1	1524	3	0
NR_121703.1	1542	39	0
NR_121691.1	1541	3	0
NR_121678.1	1558	1	0
NR_119372.1	1484	4	0
NR_119368.1	1497	3	0
NR_119367.1	1497	3	0
NR_119366.1	1481	8	0
NR_119365.1	1498	1	0
NR_119364.1	1496	6	0
NR_119363.1	1484	8	0
NR_119362.1	1495	38	0
NR_119361.1	1497	22	0
NR_119353.1	1467	1	0
NR_119296.1	1410	2	0
NR_119280.1	1421	1	0
NR_119279.1	1452	6	0
NR_119278.1	1452	4	0
NR_119277.1	1452	2	0
NR_119276.1	1452	27	0
NR_119256.1	1499	3	0
NR_119255.1	1239	2	0
NR_119225.1	1492	5	0
NR_119220.1	1500	3	0
NR_119214.1	1401	5	0
NR_119186.1	1092	24	0
NR_119153.1	1497	1	0
NR_119131.1	1200	25	0
NR_119130.1	1475	19	0
NR_119109.1	1443	4	0
NR_119108.1	1539	5	0
NR_119092.1	1460	3	0
NR_119088.1	1523	1	0
NR_119080.1	1459	1	0
NR_119062.1	1477	1	0
NR_119059.1	1464	2	0
NR_119048.1	1457	6	0
NR_119045.1	1460	2	0
NR_119043.1	1460	1	0
NR_119034.1	1489	2	0
NR_119031.1	1442	1	0
NR_119019.1	1467	1	0
NR_119013.1	1358	1	0
NR_119005.1	1480	4	0
NR_118998.1	1540	1	0
NR_118990.1	1433	1	0
NR_118985.1	1435	1	0
NR_118982.1	1443	1	0
NR_118970.1	1431	1	0
NR_118944.1	1503	1	0
NR_118931.1	1482	1	0
NR_118928.1	1481	3	0
NR_118927.1	1482	1	0
NR_118925.1	1472	1	0
NR_118880.1	1493	1	0
NR_118879.1	1460	1	0
NR_118878.1	1390	1	0
NR_118874.1	1470	1	0
NR_118864.1	1467	1	0
NR_118859.1	1457	1	0
NR_118858.1	1458	6	0
NR_118857.1	1457	21	0
NR_118856.1	1458	1	0
NR_118855.1	1457	1	0
NR_118854.1	1456	10	0
NR_118853.1	1502	7	0
NR_118821.1	1413	1	0
NR_118799.1	1472	1	0
NR_118792.1	1231	1	0
NR_118775.1	1511	1	0
NR_118762.1	1483	2	0
NR_118758.1	1487	1	0
NR_118742.1	1479	1	0
NR_118738.1	1443	1	0
NR_118717.1	1474	12	0
NR_118704.1	1474	3	0
NR_118675.1	1453	1	0
NR_118670.1	1481	2	0
NR_118652.1	1462	1	0
NR_118638.1	1436	7756	0
NR_118632.1	1541	1	0
NR_118588.1	1459	2	0
NR_118571.1	1450	1	0
NR_118568.1	1369	8	0
NR_118556.1	1376	5	0
NR_118531.1	1494	13	0
NR_118452.1	1401	1	0
NR_118449.1	1438	7	0
NR_118431.1	1493	6	0
NR_118401.1	1309	1	0
NR_118394.1	1500	23	0
NR_118387.1	1439	1	0
NR_118352.1	1360	1	0
NR_118347.1	1535	4	0
NR_118342.1	1503	1	0
NR_118325.1	1271	24	0
NR_118295.1	1531	5	0
NR_118294.1	1531	1	0
NR_118293.1	1531	3	0
NR_118292.1	1530	1	0
NR_118291.1	1530	4	0
NR_118273.1	1344	5	0
NR_118258.1	1458	1	0
NR_118256.1	1525	7	0
NR_118228.1	1530	2	0
NR_118227.1	1530	1	0
NR_118226.1	1530	3	0
NR_118225.1	1530	3	0
NR_118224.1	1530	3	0
NR_118196.1	1355	4561	0
NR_118195.1	1355	4758	0
NR_118194.1	1347	4691	0
NR_118193.1	1347	6832	0
NR_118192.1	1346	3868	0
NR_118191.1	1352	31	0
NR_118190.1	1353	37	0
NR_118189.1	1354	130	0
NR_118188.1	1364	642	0
NR_118187.1	1355	165	0
NR_118186.1	1352	42	0
NR_118185.1	1352	40	0
NR_118184.1	1354	35	0
NR_118183.1	1354	619	0
NR_118182.1	1354	586	0
NR_118181.1	1358	287	0
NR_118180.1	1352	57	0
NR_118179.1	1351	59	0
NR_118176.1	1354	24	0
NR_118175.1	1356	236	0
NR_118174.1	1356	255	0
NR_118173.1	1357	292	0
NR_118172.1	1351	99	0
NR_118171.1	1351	91	0
NR_118170.1	1352	144	0
NR_118169.1	1351	115	0
NR_118168.1	1354	6	0
NR_118167.1	1353	6	0
NR_118166.1	1351	158	0
NR_118165.1	1350	53	0
NR_118164.1	1353	84	0
NR_118163.1	1355	80	0
NR_118162.1	1358	80	0
NR_118161.1	1351	55	0
NR_118160.1	1353	59	0
NR_118153.1	1430	1	0
NR_118143.1	1364	2	0
NR_118142.1	1362	1	0
NR_118127.1	1345	1	0
NR_118122.1	1344	55	0
NR_118121.1	1344	29	0
NR_118120.1	1344	15	0
NR_118106.1	1494	5	0
NR_118105.1	1494	4	0
NR_118093.1	1471	1	0
NR_118088.1	1443	28	0
NR_118087.1	1425	7	0
NR_118052.1	1124	11	0
NR_118011.1	1507	6	0
NR_118010.1	1527	1	0
NR_118008.1	1497	3	0
NR_117980.1	1421	1	0
NR_117969.1	1500	5	0
NR_117944.1	1300	1	0
NR_117911.1	1479	1	0
NR_117874.1	1481	1	0
NR_117802.1	1466	1	0
NR_117793.1	1471	4	0
NR_117789.1	1413	27	0
NR_117769.1	1356	1	0
NR_117763.1	1348	3	0
NR_117753.1	1545	27	0
NR_117752.1	1427	4	0
NR_117751.1	1427	5	0
NR_117750.1	1427	4	0
NR_117735.1	1436	8070	0
NR_117716.1	1480	1	0
NR_117714.1	1442	129	0
NR_117704.1	1530	31	0
NR_117686.1	1530	6	0
NR_117685.1	1530	1	0
NR_117684.1	1530	8	0
NR_117679.1	1529	8	0
NR_117678.1	1527	7	0
NR_117648.1	1501	1	0
NR_117632.1	1526	1	0
NR_117621.1	1530	1	0
NR_117619.1	1530	1	0
NR_117598.1	1528	1	0
NR_117591.1	1526	1	0
NR_117586.1	1499	1	0
NR_117585.1	1500	5	0
NR_117575.1	1536	1	0
NR_117565.1	1509	1	0
NR_117536.1	1478	1	0
NR_117512.1	1478	1	0
NR_117503.1	1342	1	0
NR_117460.1	1534	1	0
NR_117457.1	1462	589	0
NR_117456.1	1480	660	0
NR_117433.1	1466	2	0
NR_117405.1	1506	10	0
NR_117379.1	1446	2	0
NR_117353.1	1350	1	0
NR_117305.1	1494	17	0
NR_117269.1	1527	273	0
NR_117258.1	1363	114	0
NR_117257.1	1336	116	0
NR_117177.1	1527	1	0
NR_117156.1	1551	2	0
NR_117146.1	1545	2	0
NR_117145.1	1542	4	0
NR_117126.1	1525	1	0
NR_117117.1	1455	1	0
NR_117066.1	1549	1	0
NR_117019.1	1510	2	0
NR_117000.1	1493	11	0
NR_116995.1	1478	1	0
NR_116967.1	1613	1	0
NR_116938.1	1428	1	0
NR_116905.1	1530	1	0
NR_116904.1	1521	4	0
NR_116874.1	1379	2	0
NR_116819.1	1475	1	0
NR_116800.1	1502	27	0
NR_116799.1	1361	16	0
NR_116798.1	1505	18	0
NR_116797.1	1506	100	0
NR_116786.1	1484	1	0
NR_116774.1	1533	2	0
NR_116758.1	1387	1	0
NR_116756.1	1387	1	0
NR_116755.1	1361	108	0
NR_116754.1	1387	18	0
NR_116753.1	1361	6	0
NR_116752.1	1362	52	0
NR_116751.1	1387	38	0
NR_116750.1	1387	29	0
NR_116749.1	1387	59	0
NR_116748.1	1376	51	0
NR_116669.1	1517	1	0
NR_116654.1	1461	2	0
NR_116608.1	1435	1	0
NR_116602.1	1421	4	0
NR_116555.1	1453	1	0
NR_116489.1	1495	4	0
NR_116478.1	1464	1	0
NR_116473.1	1437	1	0
NR_116459.1	1490	2	0
NR_116430.1	1285	1	0
NR_116383.1	1476	1	0
NR_116341.1	1223	3	0
NR_116331.1	1362	1	0
NR_116305.1	1501	12	0
NR_116283.1	1494	10	0
NR_116282.1	1492	5	0
NR_116254.1	1364	1	0
NR_116247.1	1344	56	0
NR_116246.1	1344	90	0
NR_116245.1	1344	54	0
NR_116244.1	1344	75	0
NR_116177.1	1411	1	0
NR_116168.1	1505	4	0
NR_116148.1	1313	1	0
NR_116126.1	1262	5	0
NR_116125.1	1438	2	0
NR_116124.1	1443	11	0
NR_116115.1	1429	51	0
NR_116114.1	1443	44	0
NR_116113.1	1432	53	0
NR_116112.1	1348	31	0
NR_116111.1	1422	7	0
NR_116110.1	1494	2	0
NR_116109.1	1494	5	0
NR_116105.1	1479	1	0
NR_116076.1	1498	1	0
NR_116064.1	1444	1	0
NR_116048.1	1345	1	0
NR_116046.1	1343	5	0
NR_116045.1	1345	2	0
NR_116044.1	1344	4	0
NR_116025.1	1415	3	0
NR_115974.1	1461	1	0
NR_115973.1	1461	1	0
NR_115968.1	1461	1	0
NR_115942.1	1424	9	0
NR_115932.1	1251	10	0
NR_115930.1	1468	1	0
NR_115887.1	1388	1	0
NR_115882.1	1465	1	0
NR_115881.1	1476	5	0
NR_115880.1	1485	3	0
NR_115873.1	1305	18	0
NR_115869.1	1440	5	0
NR_115809.1	1453	2	0
NR_115802.1	1471	1	0
NR_115797.1	1123	1	0
NR_115722.1	1266	2	0
NR_115651.1	1468	1	0
NR_115643.1	1435	2	0
NR_115619.1	1387	1	0
NR_115618.1	1386	1	0
NR_115617.1	1411	1	0
NR_115615.1	1388	1	0
NR_115578.1	1433	1	0
NR_115570.1	1482	2	0
NR_115565.1	1433	2	0
NR_115548.1	1411	387	0
NR_115547.1	1410	69	0
NR_115540.1	1378	1	0
NR_115518.1	1472	1	0
NR_115516.1	1472	4	0
NR_115515.1	1379	5	0
NR_115496.1	1270	1	0
NR_115452.1	1435	1	0
NR_115432.1	1420	1	0
NR_115304.1	1343	1	0
NR_115288.1	1190	4	0
NR_115215.1	1362	2	0
NR_115212.1	1364	1	0
NR_115192.1	1499	1	0
NR_115173.1	1447	4	0
NR_115135.1	1275	1	0
NR_115036.1	1520	1	0
NR_115035.1	1504	1	0
NR_115034.1	1472	2	0
NR_115005.1	1466	201	0
NR_114995.1	1459	36	0
NR_114987.1	1426	1	0
NR_114975.1	1521	3	0
NR_114964.1	1478	2	0
NR_114959.1	1082	1	0
NR_114943.1	1453	1	0
NR_114921.1	1462	1	0
NR_114888.1	1321	1	0
NR_114846.1	1442	4	0
NR_114845.1	1442	81	0
NR_114822.1	1448	1	0
NR_114793.1	1370	1	0
NR_114758.1	1617	2	0
NR_114751.1	1369	2	0
NR_114750.1	1362	1	0
NR_114737.1	1511	7	0
NR_114736.1	1516	6	0
NR_114735.1	1512	42	0
NR_114722.1	1533	1	0
NR_114716.1	1509	1	0
NR_114715.1	1492	4	0
NR_114712.1	1446	2	0
NR_114711.1	1477	20	0
NR_114706.1	1531	4	0
NR_114704.1	1498	1	0
NR_114701.1	1444	14	0
NR_114680.1	1451	1	0
NR_114672.1	1411	41	0
NR_114662.1	1469	1	0
NR_114661.1	1471	1	0
NR_114641.1	1547	1	0
NR_114589.1	1437	6	0
NR_114588.1	1498	1	0
NR_114581.1	1482	1	0
NR_114575.1	1464	1	0
NR_114564.1	1404	2	0
NR_114533.1	1451	1	0
NR_114531.1	1466	1	0
NR_114520.1	1480	12	0
NR_114507.1	1436	2	0
NR_114506.1	1436	2	0
NR_114505.1	1271	37	0
NR_114503.1	1436	4	0
NR_114502.1	1436	10	0
NR_114494.1	1466	2	0
NR_114481.1	1459	2	0
NR_114478.1	1440	5	0
NR_114477.1	1457	7	0
NR_114472.1	1459	5	0
NR_114471.1	1489	5	0
NR_114470.1	1418	2	0
NR_114345.1	1324	5	0
NR_114320.1	1457	2	0
NR_114292.1	1414	3573	0
NR_114286.1	1467	2	0
NR_114285.1	1414	57	0
NR_114262.1	1448	1	0
NR_114250.1	1409	4934	0
NR_114245.1	1420	1	0
NR_114239.1	1414	2321	0
NR_114235.1	1467	4	0
NR_114232.1	1467	1	0
NR_114230.1	1450	2	0
NR_114227.1	1462	1	0
NR_114226.1	1462	1	0
NR_114223.1	1462	1	0
NR_114199.1	1414	1	0
NR_114196.1	1461	5	0
NR_114195.1	1462	3	0
NR_114194.1	1462	2	0
NR_114167.1	1461	2	0
NR_114164.1	1462	8	0
NR_114159.1	1466	5	0
NR_114158.1	1467	2	0
NR_114157.1	1467	1	0
NR_114155.1	1467	3	0
NR_114154.1	1465	5	0
NR_114153.1	1465	7	0
NR_114152.1	1465	3	0
NR_114144.1	1414	4146	0
NR_114138.1	1414	1	0
NR_114113.1	1392	1	0
NR_114111.1	1466	86	0
NR_114108.1	1465	9	0
NR_114107.1	1465	3	0
NR_114102.1	1456	1	0
NR_114081.1	1461	1	0
NR_114080.1	1465	16	0
NR_114079.1	1467	4	0
NR_114078.1	1469	11	0
NR_114077.1	1467	7	0
NR_114072.1	1462	10	0
NR_114067.1	1403	1	0
NR_114043.1	1467	3	0
NR_114042.1	1467	3	0
NR_114041.1	1463	256	0
NR_114037.1	1412	1	0
NR_114036.1	1427	1	0
NR_114034.1	1408	3	0
NR_114027.1	1414	3	0
NR_113975.1	1414	5513	0
NR_113972.1	1470	1	0
NR_113970.1	1470	1	0
NR_113958.1	1472	1	0
NR_113945.1	1474	1	0
NR_113926.1	1484	1	0
NR_113925.1	1466	2	0
NR_113920.1	1409	5488	0
NR_113897.1	1414	1	0
NR_113878.1	1414	5194	0
NR_113859.1	1461	8	0
NR_113858.1	1418	726	0
NR_113855.1	1462	1	0
NR_113852.1	1415	17	0
NR_113851.1	1417	13	0
NR_113850.1	1415	105	0
NR_113849.1	1414	7459	0
NR_113847.1	1415	98	0
NR_113846.1	1417	74	0
NR_113845.1	1414	3964	0
NR_113844.1	1456	1	0
NR_113838.1	1410	1	0
NR_113781.1	1478	1	0
NR_113759.1	1414	1	0
NR_113738.1	1410	1	0
NR_113733.1	1456	1	0
NR_113703.1	1467	3	0
NR_113702.1	1465	2	0
NR_113701.1	1465	6	0
NR_113673.1	1413	51	0
NR_113671.1	1406	1	0
NR_113660.1	1443	2	0
NR_113652.1	1462	4	0
NR_113651.1	1462	1	0
NR_113649.1	1462	7	0
NR_113648.1	1470	6	0
NR_113646.1	1462	8	0
NR_113637.1	1412	1	0
NR_113635.1	1470	1	0
NR_113633.1	1409	150	0
NR_113632.1	1415	81	0
NR_113631.1	1415	7	0
NR_113630.1	1413	56	0
NR_113626.1	1412	1	0
NR_113623.1	1424	1	0
NR_113617.1	1462	5	0
NR_113616.1	1468	2	0
NR_113615.1	1465	5	0
NR_113614.1	1465	5	0
NR_113612.1	1410	1	0
NR_113604.1	1478	1	0
NR_113601.1	1462	2	0
NR_113599.1	1461	6	0
NR_113598.1	1465	15	0
NR_113596.1	1467	11	0
NR_113594.1	1467	1	0
NR_113590.1	1416	648	0
NR_113585.1	1487	1	0
NR_113580.1	1468	3	0
NR_113576.1	1470	2	0
NR_113562.1	1479	1	0
NR_113556.1	1412	164	0
NR_113555.1	1412	105	0
NR_113554.1	1406	152	0
NR_113553.1	1412	90	0
NR_113552.1	1412	85	0
NR_113551.1	1412	108	0
NR_113550.1	1412	100	0
NR_113549.1	1410	60	0
NR_113548.1	1412	6	0
NR_113547.1	1412	5	0
NR_113546.1	1412	133	0
NR_113545.1	1406	153	0
NR_113406.1	1413	602	0
NR_113400.1	1411	34	0
NR_113399.1	1411	24	0
NR_113398.1	1411	131	0
NR_113397.1	1411	40	0
NR_113396.1	1411	175	0
NR_113395.1	1413	31	0
NR_113394.1	1411	72	0
NR_113385.1	1347	8	0
NR_113375.1	1476	1	0
NR_113347.1	1464	14	0
NR_113342.1	1467	1	0
NR_113341.1	1462	4	0
NR_113340.1	1464	7	0
NR_113327.1	1506	1	0
NR_113323.1	1463	2	0
NR_113322.1	1462	2	0
NR_113321.1	1468	4	0
NR_113267.1	1411	33	0
NR_113261.1	1486	1	0
NR_113258.1	1499	2	0
NR_113240.1	1462	1	0
NR_113231.1	1491	1	0
NR_113199.1	1511	1	0
NR_113196.1	1529	3	0
NR_113188.1	1473	1	0
NR_113169.1	1444	1	0
NR_113167.1	1450	1	0
NR_113165.1	1466	9	0
NR_113164.1	1466	3	0
NR_113029.1	1488	1	0
NR_113028.1	1486	9	0
NR_113019.1	1447	3	0
NR_112999.1	1492	1	0
NR_112986.1	1434	7	0
NR_112962.1	1454	1	0
NR_112959.1	1437	945	0
NR_112958.1	1437	840	0
NR_112953.1	1414	3593	0
NR_112952.1	1409	24458	0
NR_112929.1	1414	1	0
NR_112928.1	1414	1	0
NR_112913.1	1519	1	0
NR_112881.1	1400	1	0
NR_112798.1	1461	1	0
NR_112623.1	1505	1	0
NR_112558.1	1110	1	0
NR_112557.1	1110	1	0
NR_112556.1	1110	1	0
NR_112555.1	1110	4	0
NR_112554.1	1110	9	0
NR_112542.1	1422	2	0
NR_112539.1	1446	32	0
NR_112538.1	1445	27	0
NR_112446.1	1442	1	0
NR_112318.1	1476	1	0
NR_112258.1	1478	1	0
NR_112240.1	1409	5135	0
NR_112239.1	1409	7914	0
NR_112228.1	1386	118	0
NR_112225.1	1402	4	0
NR_112217.1	1446	2	0
NR_112209.1	1409	2002	0
NR_112201.1	1489	2	0
NR_112191.1	1436	1	0
NR_112179.1	1148	7	0
NR_112175.1	1145	35	0
NR_112168.1	1452	1	0
NR_112159.1	1371	1	0
NR_112156.1	1390	3901	0
NR_112125.1	1354	1	0
NR_112123.1	1361	113	0
NR_112110.1	1432	9	0
NR_112108.1	1443	15	0
NR_112096.1	1451	14	0
NR_112073.1	1503	1	0
NR_112072.1	1505	1	0
NR_112067.1	1511	1	0
NR_112062.1	1507	7	0
NR_112058.1	1523	1	0
NR_112055.1	1528	1	0
NR_112051.1	1453	1	0
NR_112030.1	1467	4	0
NR_112011.1	1451	8	0
NR_112010.1	1441	3	0
NR_112009.1	1449	2	0
NR_112007.1	1438	4	0
NR_112006.1	1449	14	0
NR_112005.1	1449	7	0
NR_111998.1	1449	6	0
NR_104891.1	1529	1	0
NR_029191.2	1532	1	0
NR_044825.2	1482	2	0
NR_044673.2	1479	1	0
NR_044752.2	1476	2	0
NR_109749.1	1482	1	0
NR_109693.1	1379	2	0
NR_109681.1	1464	1	0
NR_109674.1	1429	1	0
NR_109661.1	1451	1	0
NR_109654.1	1433	5	0
NR_109649.1	1417	1	0
NR_109614.1	1531	3	0
NR_109610.1	1467	1	0
NR_109609.1	1466	1	0
NR_109599.1	1491	1	0
NR_109598.1	1502	1	0
NR_109595.1	1509	1	0
NR_109583.1	1532	1	0
NR_109546.1	1484	1	0
NR_109521.1	1454	1	0
NR_109490.1	1407	10	0
NR_109470.1	1459	3	0
NR_109468.1	1303	1	0
NR_109442.1	1439	2	0
NR_109431.1	1468	1	0
NR_109420.1	1422	2	0
NR_109414.1	1449	1	0
NR_109395.1	1650	1	0
NR_109369.1	1445	1	0
NR_109327.1	1471	1	0
NR_109326.1	1458	1	0
NR_109325.1	1454	2	0
NR_109179.1	1449	11	0
NR_109102.1	1498	1	0
NR_109071.1	1383	1	0
NR_109021.1	1445	1	0
NR_108991.1	1405	4	0
NR_108988.1	1449	1	0
NR_108902.1	1401	1	0
NR_108899.1	1500	1	0
NR_108882.1	1511	1	0
NR_108880.1	1511	2	0
NR_108875.1	1535	1	0
NR_108873.1	1463	1	0
NR_108869.1	1443	1	0
NR_108848.1	1494	5	0
NR_108829.1	1516	1	0
NR_108634.1	1488	1	0
NR_108595.1	1424	1	0
NR_108526.1	1448	1	0
NR_108515.1	1441	2	0
NR_108508.1	1385	1	0
NR_108504.1	1373	2	0
NR_108474.1	1427	1	0
NR_108469.1	1430	1	0
NR_108465.1	1399	1	0
NR_108440.1	1419	1	0
NR_108387.1	1407	2	0
NR_108386.1	1442	1	0
NR_108377.1	1500	1	0
NR_108233.1	1453	1	0
NR_108219.1	1365	3	0
NR_108192.1	1489	7	0
NR_108187.1	1405	8	0
NR_108186.1	1436	2	0
NR_108148.1	1413	1	0
NR_108145.1	1429	2	0
NR_108136.1	1422	1	0
NR_108135.1	1481	315	0
NR_108121.1	1535	2	0
NR_108115.1	1423	2	0
NR_104980.1	1418	9	0
NR_104965.1	1499	1	0
NR_104964.1	1499	1	0
NR_104962.1	1432	36	0
NR_104961.1	1437	1	0
NR_104960.1	1483	12	0
NR_104959.1	1437	140	0
NR_104957.1	1499	1	0
NR_104943.1	1440	49	0
NR_104940.1	1478	30	0
NR_104934.1	1527	6	0
NR_104933.1	1527	10	0
NR_104932.1	1529	7	0
NR_104928.1	1524	71	0
NR_104925.1	1534	3	0
NR_104924.1	1494	16	0
NR_104914.1	1472	2	0
NR_104912.1	1482	1	0
NR_104904.1	1459	1	0
NR_104903.1	1480	5	0
NR_104902.1	1461	2	0
NR_104893.1	1462	1	0
NR_104876.1	1512	1	0
NR_104870.1	1539	1	0
NR_104868.1	1512	1	0
NR_104860.1	1500	1	0
NR_104854.1	1467	1	0
NR_104839.1	1435	1	0
NR_104838.1	1460	13	0
NR_104826.1	1530	12	0
NR_104824.1	1494	1	0
NR_104823.1	1504	1	0
NR_104806.1	1551	2	0
NR_104802.1	1541	4	0
NR_104792.1	1534	3	0
NR_104773.1	1535	1	0
NR_104766.1	1476	1	0
NR_104760.1	1532	1	0
NR_104759.1	1524	1	0
NR_104752.1	1516	2	0
NR_104748.1	1524	1	0
NR_104742.1	1469	3	0
NR_104724.1	1461	13	0
NR_104709.1	1467	8	0
NR_104698.1	1468	3	0
NR_104691.1	1459	1	0
NR_104687.1	1492	1	0
NR_104680.1	1409	8630	0
NR_104569.1	1494	7	0
NR_104565.1	1426	3	0
NR_104560.1	1425	2	0
NR_104544.1	1441	1	0
NR_104527.1	1475	1	0
NR_104526.1	1474	2	0
NR_044737.2	1433	1	0
NR_044729.2	1488	1	0
NR_044716.2	1455	1	0
NR_044713.2	1478	1	0
NR_044648.2	1485	3	0
NR_104207.1	1473	2	0
NR_102854.1	1526	3	0
NR_102802.1	1543	30	0
NR_102481.1	1533	1	0
NR_102474.1	1504	1	0
NR_102469.1	1488	1	0
NR_102464.1	1480	14	0
NR_102457.1	1477	1	0
NR_102443.1	1474	1	0
NR_102439.1	1507	20	0
NR_074193.1	1470	1	0
NR_074189.1	1469	1	0
NR_074121.1	1439	1	0
NR_074107.1	1537	2	0
NR_074106.1	1493	2	0
NR_075022.1	1563	2	0
NR_075021.1	1562	2	0
NR_075019.1	1561	1	0
NR_075002.1	1555	1	0
NR_074936.1	1547	5	0
NR_074917.1	1544	1	0
NR_074915.1	1544	1	0
NR_074908.1	1544	174	0
NR_074907.1	1543	1	0
NR_074906.1	1543	1	0
NR_074902.1	1542	17	0
NR_074888.1	1542	22	0
NR_074853.1	1538	3	0
NR_074851.1	1538	1	0
NR_074830.1	1536	6	0
NR_074823.1	1535	1	0
NR_074809.1	1535	3	0
NR_074782.1	1533	11	0
NR_074680.1	1525	1	0
NR_074670.1	1524	34	0
NR_074653.1	1523	1	0
NR_074606.1	1519	1	0
NR_074600.1	1518	1	0
NR_074587.1	1517	8	0
NR_074579.1	1516	1	0
NR_074534.1	1512	20	0
NR_074521.1	1510	23	0
NR_074509.1	1510	1	0
NR_074466.1	1508	2	0
NR_074447.1	1506	2	0
NR_074443.1	1506	3	0
NR_074439.1	1505	1	0
NR_074436.1	1505	4	0
NR_074397.1	1500	1	0
NR_074390.1	1498	5	0
NR_074381.1	1497	1	0
NR_074379.1	1497	2	0
NR_074345.1	1493	1	0
NR_074338.1	1493	12340	0
NR_074327.1	1491	3	0
NR_074314.1	1489	237	0
NR_074297.1	1488	16	0
NR_074292.1	1486	252	0
NR_074291.1	1486	1	0
NR_074284.1	1485	275	0
NR_074282.1	1485	21	0
NR_074269.1	1480	2	0
NR_074266.1	1480	5	0
NR_074261.1	1479	14	0
NR_074249.1	1477	1	0
NR_074244.1	1476	3	0
NR_074219.1	1473	2	0
NR_074208.1	1472	1	0
NR_044980.1	1485	5	0
NR_044978.1	1495	5	0
NR_044977.1	1495	5	0
NR_044976.1	1498	4	0
NR_044936.1	1460	1	0
NR_044924.1	1536	1	0
NR_044922.1	1430	1	0
NR_044900.1	1507	1	0
NR_044898.1	1499	1	0
NR_044844.1	1478	8	0
NR_044838.1	1454	40	0
NR_044827.1	1499	1	0
NR_044817.1	1459	1	0
NR_044800.1	1456	25	0
NR_044799.1	1502	6	0
NR_044748.1	1415	1	0
NR_044744.1	1425	1	0
NR_044743.1	1471	1	0
NR_044646.1	1469	50	0
NR_044613.1	1485	1	0
NR_044443.1	1520	1	0
NR_044414.1	1342	2	0
NR_044385.1	1500	3	0
NR_044373.1	1368	7	0
NR_044372.1	1448	2	0
NR_044371.1	1437	5	0
NR_044370.1	1414	4	0
NR_044313.1	1442	1	0
NR_044275.1	1429	3	0
NR_044241.1	1491	2	0
NR_044195.1	1378	1	0
NR_044191.1	1421	4	0
NR_044172.1	1505	1	0
NR_044101.1	1400	14	0
NR_044062.1	1361	27	0
NR_044060.1	1417	13	0
NR_044059.1	1425	12	0
NR_044058.1	1417	64	0
NR_044057.1	1380	45	0
NR_044053.1	1363	1	0
NR_044036.1	1437	1	0
NR_043990.1	1411	9	0
NR_043980.1	1351	12	0
NR_043811.1	1478	1	0
NR_043751.1	1356	1	0
NR_043747.1	1509	1	0
NR_043679.1	1325	3	0
NR_043663.1	1500	3	0
NR_043662.1	1500	6	0
NR_043625.1	1463	1	0
NR_043582.1	1478	1	0
NR_043515.1	1386	1	0
NR_043491.1	1501	1	0
NR_043490.1	1487	1	0
NR_043479.1	1550	1	0
NR_043446.1	1400	1	0
NR_043430.1	1474	1	0
NR_043423.1	1526	150	0
NR_043419.1	1530	2	0
NR_043397.1	1404	1	0
NR_043384.1	1515	16	0
NR_043278.1	1520	2	0
NR_043211.1	1484	666	0
NR_043152.1	1491	1	0
NR_043007.1	1477	1	0
NR_042940.1	1307	2	0
NR_042938.1	1365	2	0
NR_042885.1	1363	1	0
NR_042881.1	1362	1	0
NR_042879.1	1362	2	0
NR_042878.1	1362	3	0
NR_042805.1	1507	1	0
NR_042790.1	1521	1	0
NR_042748.1	1436	13	0
NR_042720.1	1416	1	0
NR_042709.1	1502	8	0
NR_042706.1	1430	11	0
NR_042705.1	1400	477	0
NR_042695.1	1531	3	0
NR_042690.1	1369	4	0
NR_042687.1	1381	1	0
NR_042678.1	1442	144	0
NR_042662.1	1425	12	0
NR_042655.1	1459	1	0
NR_042646.1	1450	4	0
NR_042644.1	1369	1	0
NR_042624.1	1380	1	0
NR_042607.1	1489	2	0
NR_042592.1	1406	1	0
NR_042582.1	1448	2	0
NR_042580.1	1521	1	0
NR_042568.1	1494	4	0
NR_042567.1	1352	1	0
NR_042547.1	1398	1	0
NR_042542.1	1459	1	0
NR_042527.1	1479	1	0
NR_042501.1	1387	48	0
NR_042492.1	1480	1	0
NR_042485.1	1488	1	0
NR_042477.1	1438	1	0
NR_042474.1	1456	1	0
NR_042466.1	1446	19	0
NR_042465.1	1426	18	0
NR_042451.1	1497	2	0
NR_042450.1	1494	6	0
NR_042435.1	1523	4	0
NR_042422.1	1502	14	0
NR_042415.1	1517	4	0
NR_042413.1	1497	5	0
NR_042412.1	1518	3	0
NR_042411.1	1516	4	0
NR_042396.1	1438	1	0
NR_042395.1	1481	1	0
NR_042371.1	1453	2	0
NR_042362.1	1441	2	0
NR_042360.1	1333	1	0
NR_042356.1	1479	3	0
NR_042352.1	1486	1	0
NR_042349.1	1513	9	0
NR_042347.1	1503	2	0
NR_042343.1	1505	1	0
NR_042339.1	1531	1	0
NR_042328.1	1524	1	0
NR_042318.1	1376	76	0
NR_042315.1	1509	4	0
NR_042288.1	1519	1	0
NR_042272.1	1523	1	0
NR_042266.1	1487	1	0
NR_042258.1	1517	1	0
NR_042253.1	1424	1	0
NR_042236.1	1511	1	0
NR_042235.1	1445	1	0
NR_042224.1	1494	1	0
NR_042222.1	1528	3	0
NR_042191.1	1459	233	0
NR_042117.1	1446	1	0
NR_042113.1	1440	98	0
NR_042112.1	1440	127	0
NR_042045.1	1559	1	0
NR_042039.1	1488	1	0
NR_042023.1	1331	1	0
NR_042000.1	1510	1	0
NR_041997.1	1377	1	0
NR_041991.1	1436	1	0
NR_041983.1	1412	4	0
NR_041979.1	1495	4	0
NR_041978.1	1473	39	0
NR_041977.1	1491	2	0
NR_041976.1	1497	3	0
NR_041975.1	1509	4	0
NR_041974.1	1504	15	0
NR_041973.1	1495	40	0
NR_041972.1	1496	1	0
NR_041971.1	1497	1	0
NR_041970.1	1497	15	0
NR_041964.1	1435	1	0
NR_041953.1	1492	1	0
NR_041923.1	1422	1	0
NR_041921.1	1413	1	0
NR_041910.1	1492	1	0
NR_041851.1	1523	8	0
NR_041838.1	1514	2	0
NR_041833.1	1461	1	0
NR_041832.1	1461	1	0
NR_041831.1	1461	2	0
NR_041779.1	1537	1	0
NR_041760.1	1504	1	0
NR_041750.1	1436	44	0
NR_041749.1	1436	4	0
NR_041719.1	1494	2	0
NR_041711.1	1508	1	0
NR_041696.1	1491	4	0
NR_041649.1	1455	1	0
NR_041648.1	1469	1	0
NR_041634.1	1474	6	0
NR_041628.1	1456	1	0
NR_041599.1	1453	2	0
NR_041592.1	1438	5	0
NR_041577.1	1538	5	0
NR_041568.1	1426	3	0
NR_041564.1	1411	4085	0
NR_041527.1	1490	9	0
NR_041466.1	1476	1	0
NR_041445.1	1406	7776	0
NR_041403.1	1484	1	0
NR_041399.1	1381	1	0
NR_041396.1	1457	4	0
NR_041353.1	1478	2	0
NR_041346.1	1424	1	0
NR_041341.1	1458	1	0
NR_041339.1	1506	2	0
NR_041317.1	1490	1	0
NR_041295.1	1449	43	0
NR_041259.1	1460	1	0
NR_041239.1	1415	1	0
NR_041223.1	1475	1	0
NR_041118.1	1461	1	0
NR_041048.1	1409	3990	0
NR_041047.1	1409	7572	0
NR_041036.1	1442	2	0
NR_041035.1	1430	4	0
NR_041034.1	1451	2	0
NR_041012.1	1452	14	0
NR_041005.1	1482	2	0
NR_041004.1	1467	1	0
NR_040936.1	1482	2	0
NR_040930.1	1399	4	0
NR_040928.1	1480	1	0
NR_040913.1	1481	1	0
NR_040903.1	1461	1	0
NR_040868.1	1412	107	0
NR_040847.1	1486	6	0
NR_040843.1	1357	1	0
NR_040832.1	1443	87	0
NR_040825.1	1476	1	0
NR_040824.1	1477	3	0
NR_040807.1	1438	2	0
NR_040805.1	1452	1	0
NR_040804.1	1517	4	0
NR_040798.1	1513	1	0
NR_044396.1	1475	1	0
NR_044369.1	1383	2	0
NR_044323.1	1481	1	0
NR_044256.1	1415	1	0
NR_044203.1	1425	2	0
NR_044112.1	1477	2	0
NR_044076.1	1493	8	0
NR_044063.1	1342	1	0
NR_043950.1	1493	1	0
NR_043885.1	1506	1	0
NR_043883.1	1347	23	0
NR_043716.1	1482	1	0
NR_043709.1	1504	1	0
NR_043652.1	1447	1	0
NR_043548.1	1356	1	0
NR_043510.1	1362	1	0
NR_043209.1	1463	1	0
NR_042893.1	1441	2	0
NR_042811.1	1511	1	0
NR_041927.1	1468	8	0
NR_041897.1	1469	1	0
NR_041816.1	1517	1	0
NR_037120.1	1465	18	0
NR_037119.1	1451	2	0
NR_037111.1	1502	2	0
NR_037102.1	1529	2	0
NR_037085.1	1454	10	0
NR_037067.1	1546	1	0
NR_037056.1	1466	2	0
NR_037026.1	1374	3	0
NR_037016.1	1481	1106	0
NR_037010.1	1491	3	0
NR_037002.1	1542	1	0
NR_036998.1	1491	1	0
NR_036975.1	1457	1	0
NR_036970.1	1503	2	0
NR_036925.1	1509	1	0
NR_036919.1	1497	21	0
NR_036916.1	1474	1	0
NR_036908.1	1527	6	0
NR_036886.1	1532	3	0
NR_036885.1	1504	2	0
NR_036881.1	1443	170	0
NR_036877.1	1443	1	0
NR_036867.1	1508	1	0
NR_036837.1	1419	154	0
NR_036836.1	1439	1	0
NR_036834.1	1548	2	0
NR_036794.1	1534	2	0
NR_036790.1	1537	1	0
NR_036787.1	1481	217	0
NR_036784.1	1526	1	0
NR_036779.1	1448	1	0
NR_029371.1	1489	1	0
NR_029337.1	1551	1	0
NR_029319.1	1408	1	0
NR_029295.1	1548	3	0
NR_029293.1	1491	1	0
NR_029252.1	1460	2	0
NR_029218.1	1458	1	0
NR_029210.1	1528	1	0
NR_029205.1	1521	1	0
NR_029204.1	1501	1	0
NR_029203.1	1431	1	0
NR_029202.1	1427	1	0
NR_029195.1	1370	5	0
NR_029188.1	1488	3	0
NR_029172.1	1564	1	0
NR_029165.1	1457	1	0
NR_029164.1	1475	4	0
NR_029162.1	1498	1	0
NR_029072.1	1485	3	0
NR_029063.1	1531	2	0
NR_029062.1	1479	53	0
NR_029060.1	1430	1	0
NR_029052.1	1510	1	0
NR_029051.1	1374	1	0
NR_029050.1	1408	1	0
NR_029046.1	1418	2	0
NR_029044.1	1497	1	0
NR_029029.1	1472	1	0
NR_029012.1	1516	2	0
NR_029007.1	1405	1	0
NR_028999.1	1485	1	0
NR_028993.1	1451	5	0
NR_028984.1	1485	4	0
NR_028983.1	1486	2	0
NR_028973.1	1492	1	0
NR_028959.1	1370	3	0
NR_028954.1	1465	1	0
NR_028930.1	1497	8	0
NR_028912.1	1511	5	0
NR_028911.1	1488	3	0
NR_028909.1	1484	321	0
NR_028897.1	1519	62	0
NR_028893.1	1507	14	0
NR_028876.1	1467	1	0
NR_028857.1	1482	2	0
NR_028847.1	1493	2	0
NR_028839.1	1409	1	0
NR_028838.1	1478	1	0
NR_028803.1	1459	6	0
NR_028802.1	1453	8	0
NR_028788.1	1437	1	0
NR_028786.1	1503	1	0
NR_028767.1	1447	132	0
NR_028731.1	1523	1	0
NR_028721.1	1517	3	0
NR_028715.1	1512	1	0
NR_028700.1	1497	2	0
NR_028688.1	1530	6	0
NR_028687.1	1530	9	0
NR_028686.1	1522	9	0
NR_028683.1	1468	17	0
NR_028655.1	1484	1	0
NR_028641.1	1485	2	0
NR_028634.1	1454	2	0
NR_028633.1	1427	1	0
NR_028626.1	1439	1	0
NR_028625.1	1401	14	0
NR_028619.1	1528	1	0
NR_028616.1	1454	8	0
NR_028615.1	1335	173	0
NR_028614.1	1443	258	0
NR_028009.1	1475	12	0
NR_027552.1	1517	1	0
NR_027230.1	1491	1	0
NR_027216.1	1484	2	0
NR_027207.1	1497	1	0
NR_025251.1	1437	1	0
NR_025629.1	1458	1	0
NR_025608.1	1421	2	0
NR_025585.1	1452	1	0
NR_025583.1	1447	1	0
NR_025566.1	1362	6	0
NR_025544.1	1407	1	0
NR_025543.1	1460	1	0
NR_025528.1	1492	1	0
NR_025526.1	1493	1	0
NR_025513.1	1442	83	0
NR_025512.1	1442	98	0
NR_025499.1	1472	1	0
NR_025497.1	1464	5	0
NR_025491.1	1468	2	0
NR_025487.1	1362	1	0
NR_025467.1	1477	1	0
NR_025456.1	1424	1	0
NR_025428.1	1366	1	0
NR_025426.1	1532	1	0
NR_025416.1	1533	1	0
NR_025367.1	1512	1	0
NR_025352.1	1492	1	0
NR_025341.1	1502	3	0
NR_025340.1	1495	1	0
NR_025338.1	1516	8	0
NR_025335.1	1485	4	0
NR_025331.1	1498	11	0
NR_025330.1	1495	2	0
NR_025329.1	1504	4	0
NR_025328.1	1505	2	0
NR_025327.1	1504	19	0
NR_025324.1	1442	1	0
NR_025319.1	1439	1	0
NR_025317.1	1407	1	0
NR_025316.1	1488	3	0
NR_025315.1	1391	4	0
NR_025312.1	1409	2	0
NR_025308.1	1506	1	0
NR_025306.1	1522	1	0
NR_025261.1	1484	1	0
NR_025256.1	1409	1	0
NR_025247.1	1507	29	0
NR_025227.1	1455	1	0
NR_025221.1	1429	1	0
NR_025217.1	1455	5629	0
NR_025172.1	1378	1	0
NR_025112.1	1482	2	0
NR_025110.1	1421	1	0
NR_025105.1	1540	3	0
NR_025104.1	1542	1	0
NR_025082.1	1411	1	0
NR_025037.1	1529	1	0
NR_025031.1	1439	1	0
NR_025005.1	1475	1	0
NR_024983.1	1459	1	0
NR_024980.1	1469	2	0
NR_024977.1	1461	1	0
NR_024976.1	1445	1	0
NR_024953.1	1489	1	0
NR_024928.1	1516	2	0
NR_024925.1	1453	1	0
NR_024924.1	1513	2	0
NR_024919.1	1481	1	0
NR_024916.1	1530	1	0
NR_024913.1	1379	1	0
NR_024899.1	1504	1	0
NR_024883.1	1414	39	0
NR_024865.1	1454	1	0
NR_024861.1	1511	2	0
NR_024851.1	1484	1	0
NR_024848.1	1494	3	0
NR_024847.1	1475	1	0
NR_024843.1	1331	1	0
NR_024833.1	1431	1	0
NR_024819.1	1436	1	0
NR_024810.1	1411	5221	0
NR_024773.1	1415	716	0
NR_024768.1	1466	1	0
NR_024738.1	1411	3833	0
NR_024734.1	1489	12	0
NR_024709.1	1519	8	0
NR_024696.1	1530	1	0
NR_024662.1	1498	5	0
NR_024656.1	1429	1	0
NR_024643.1	1438	11	0
NR_024642.1	1449	3	0
NR_024640.1	1422	2	0
NR_026539.1	1423	2	0
NR_026534.1	1465	3	0
NR_026533.1	1510	3	0
NR_026519.1	1437	2	0
NR_026509.1	1421	1	0
NR_026508.1	1482	1	0
NR_026503.1	1462	2	0
NR_026491.1	1472	1	0
NR_026480.1	1479	1	0
NR_026479.1	1525	2	0
NR_026478.1	1490	1	0
NR_026461.1	1526	1	0
NR_026431.1	1446	1	0
NR_026429.1	1438	1	0
NR_026426.1	1437	1	0
NR_026390.1	1502	1	0
NR_026387.1	1502	1	0
NR_026385.1	1502	2	0
NR_026383.1	1502	1	0
NR_026381.1	1443	1	0
NR_026358.1	1476	1	0
NR_026353.1	1412	1	0
NR_026338.1	1461	2	0
NR_026332.1	1487	6	0
NR_026331.1	1488	9	0
NR_026320.1	1475	1	0
NR_026318.1	1502	1	0
NR_026235.1	1486	1	0
NR_026224.1	1476	14011	0
NR_026157.1	1472	1	0
NR_026156.1	1472	1	0
NR_026135.1	1467	1	0
NR_026132.1	1483	622	0
NR_026118.1	1476	14291	0
NR_026078.1	1537	5	0
NR_026063.1	1489	1	0
NR_026049.1	1456	10	0
NR_026048.1	1456	1	0
NR_026045.1	1455	63	0
NR_025990.1	1478	1	0
NR_025983.1	1519	28	0
NR_025980.1	1534	1	0
NR_025967.1	1491	4	0
NR_025951.1	1464	1	0
NR_025947.1	1529	2	0
NR_025932.1	1512	3	0
NR_025918.1	1464	1	0
NR_025888.1	1548	1	0
NR_025881.1	1527	1	0
NR_025861.1	1368	29	0
NR_025854.1	1413	144	0
NR_025853.1	1413	1	0
NR_025852.1	1407	1	0
NR_025850.1	1413	163	0
NR_025849.1	1406	89	0
NR_025844.1	1436	1	0
NR_025838.1	1443	3	0
NR_025795.1	1524	1	0
NR_025764.1	1482	3	0
NR_025757.1	1529	2	0
NR_025753.1	1401	1	0
NR_025746.1	1406	1	0
NR_025652.1	1469	1	0
NR_025642.1	1558	2	0
NR_025638.1	1551	1	0
NR_025635.1	1412	1	0
NR_025632.1	1408	1	0
NR_025631.1	1406	2	0
NR_146849.1	1254	1	0
NR_122099.1	1484	1	0
NR_028903.2	1510	1	0
NR_042154.1	1365	3	0
NR_042110.1	1479	2	0
NR_042085.1	1489	1	0
NR_042057.1	1569	1	0
NR_041980.1	1505	3	0
NR_041968.1	1504	8	0
NR_041957.1	1502	1	0
NR_041829.1	1498	3	0
NR_041765.1	1509	1	0
NR_041715.1	1458	2	0
NR_041708.1	1480	2	0
NR_041706.1	1498	1	0
NR_041640.1	1540	1	0
NR_041633.1	1439	4	0
NR_041601.1	1414	8943	0
NR_041549.1	1433	1	0
NR_041547.1	1450	108	0
NR_041254.1	1528	2	0
NR_041050.1	1409	6513	0
NR_041049.1	1409	5065	0
NR_040998.1	1441	7179	0
NR_040796.1	1588	1	0
NR_037089.1	1500	1	0
NR_036762.1	1439	1	0
NR_029362.1	1521	2	0
NR_029306.1	1463	1	0
NR_029279.1	1510	2	0
NR_029225.1	1528	58	0
NR_029088.1	1472	1	0
NR_029082.1	1477	6	0
NR_028979.1	1470	3	0
NR_028938.1	1502	2	0
NR_028892.1	1470	15	0
NR_028891.1	1447	17	0
NR_028830.1	1523	3	0
NR_028677.1	1459	3	0
NR_028639.1	1493	8	0
NR_027591.1	1485	261	0
NR_027573.1	1429	4	0
NR_027553.1	1294	2	0
NR_027550.1	1455	2	0
NR_027549.1	1473	3	0
NR_027544.1	1461	1	0
NR_027540.1	1484	4	0
NR_025569.1	1494	16	0
NR_025510.1	1502	1	0
NR_025392.1	1439	6	0
NR_025342.1	1480	8	0
NR_025337.1	1473	1	0
NR_025333.1	1482	2	0
NR_025270.1	1446	1	0
NR_025243.1	1403	3	0
NR_025125.1	1514	1	0
NR_024996.1	1436	6	0
NR_024820.1	1270	33	0
NR_024795.1	1484	14	0
NR_024770.1	1399	1	0
NR_024769.1	1466	1	0
NR_024728.1	1411	7385	0
NR_024727.1	1472	1	0
NR_024706.1	1522	14	0
NR_024641.1	1450	5	0
NR_026517.1	1460	1	0
NR_026513.1	1482	225	0
NR_026389.1	1502	1	0
NR_026266.1	1492	1	0
NR_026107.1	1479	108	0
NR_026050.1	1455	2	0
NR_025876.1	1308	1	0
NR_025860.1	1459	7	0
NR_025703.1	1378	32	0
NR_025699.1	1515	1	0
NR_025661.1	1420	1	0
NR_024570.1	1450	2	0
NR_043924.1	1385	1	0
NR_037084.1	1452	4	0
NR_040859.1	1484	1	0
NR_036806.1	1523	1	0
NR_026295.1	1455	1	0
