NG_087910.1	1026	87	0
NG_087909.1	1029	66	0
NG_087908.1	935	1	0
NG_087900.1	1679	1	0
NG_087891.1	1084	3	0
NG_087890.1	1084	2	0
NG_087889.1	1084	2	0
NG_087887.1	1084	2	0
NG_087886.1	1071	3	0
NG_087885.1	1084	9	0
NG_087884.1	1084	9	0
NG_087871.1	1009	8	0
NG_087870.1	1009	3	0
NG_087869.1	1009	9	0
NG_087868.1	1006	6	0
NG_087867.1	1089	1	0
NG_087859.1	1602	1	0
NG_087858.1	1627	1	0
NG_064877.1	1700	1	0
NG_062606.1	1685	1	0
NG_065154.1	1699	1	0
NG_063048.1	1650	1	0
NG_062602.1	1686	1	0
NG_061019.1	1738	4	0
NG_081434.1	1696	2	0
NG_081431.1	1136	38	0
NG_081430.1	1135	33	0
NG_081429.1	1127	27	0
NG_081428.1	1130	21	0
NG_081427.1	1128	22	0
NG_081424.1	1013	891	0
NG_081423.1	749	32	0
NG_081420.1	1028	8	0
NG_081419.1	1029	4	0
NG_081418.1	1018	7	0
NG_081417.1	1029	7	0
NG_081416.1	1027	2	0
NG_081415.1	771	1	0
NG_081412.1	1098	23	0
NG_081411.1	1071	27	0
NG_081410.1	1093	19	0
NG_081409.1	1134	18	0
NG_081404.1	1048	2	0
NG_081398.1	1028	350	0
NG_081380.1	1645	99	0
NG_081378.1	1491	1	0
NG_081377.1	1653	1	0
NG_081372.1	1601	1	0
NG_081370.1	1010	1	0
NG_081366.1	1736	214	0
NG_081364.1	1737	376	0
NG_065067.1	1010	59	0
NG_065066.1	1009	9	0
NG_067668.1	1106	3	0
NG_067667.1	1106	8	0
NG_064894.1	1710	1	0
NG_078770.1	1106	53	0
NG_078757.1	1647	148	0
NG_078756.1	1595	9	0
NG_078755.1	1607	32	0
NG_078753.1	578	180	0
NG_078750.1	1648	1	0
NG_078741.1	1765	138	0
NG_078738.1	1008	75	0
NG_078737.1	1007	10	0
NG_078736.1	894	4	0
NG_078735.1	1008	14	0
NG_078734.1	1008	23	0
NG_078733.1	1008	15	0
NG_078732.1	1008	20	0
NG_078728.1	1733	1	0
NG_078724.1	1782	161	0
NG_078723.1	1782	2	0
NG_077396.1	1775	3	0
NG_073507.1	1027	2	0
NG_065099.1	1008	6	0
NG_062621.1	1757	4	0
NG_077449.1	1006	7	0
NG_077448.1	1128	20	0
NG_077447.1	1100	18	0
NG_077445.1	1001	3	0
NG_077444.1	1008	2	0
NG_077443.1	1000	1	0
NG_077442.1	985	6	0
NG_077440.1	996	67	0
NG_077431.1	1177	2	0
NG_077429.1	1013	5	0
NG_077428.1	1030	4	0
NG_077427.1	1038	7	0
NG_077426.1	1029	6	0
NG_077425.1	1022	5	0
NG_077424.1	1032	4	0
NG_077423.1	1023	3	0
NG_077413.1	1001	1	0
NG_077406.1	1594	2	0
NG_077404.1	1718	2	0
NG_077403.1	1718	5	0
NG_077401.1	1617	3	0
NG_077397.1	2045	3	0
NG_070848.1	1732	2	0
NG_063512.1	1750	4	0
NG_063511.1	1713	1	0
NG_063443.1	1763	8	0
NG_063441.1	1763	4	0
NG_062059.1	1662	1	0
NG_065501.1	1787	284	0
NG_063416.1	1782	2	0
NG_076804.1	1013	3	0
NG_076803.1	1013	2	0
NG_076802.1	1013	3	0
NG_076801.1	1013	1	0
NG_076800.1	1010	2	0
NG_076799.1	1005	1	0
NG_076797.1	1014	3	0
NG_076796.1	1013	3	0
NG_076795.1	1008	2	0
NG_076794.1	1012	1	0
NG_076793.1	1012	1	0
NG_076789.1	1014	3	0
NG_076788.1	1006	3	0
NG_076787.1	1007	2	0
NG_076786.1	1006	1	0
NG_076783.1	1008	4	0
NG_076782.1	1008	2	0
NG_076781.1	1011	1	0
NG_076780.1	1006	2	0
NG_076779.1	1011	1	0
NG_076778.1	1012	2	0
NG_076777.1	1011	1	0
NG_076776.1	1011	1	0
NG_076774.1	1014	1	0
NG_076773.1	1013	16	0
NG_076772.1	1013	3	0
NG_076771.1	1013	4	0
NG_076770.1	1012	6	0
NG_076769.1	1013	9	0
NG_076768.1	1013	16	0
NG_076767.1	1012	9	0
NG_076766.1	1013	31	0
NG_076765.1	1013	5	0
NG_076764.1	1010	4	0
NG_076763.1	1010	2	0
NG_076762.1	1011	2	0
NG_076761.1	1013	1	0
NG_076759.1	1005	1	0
NG_076758.1	1011	1	0
NG_076756.1	994	2	0
NG_076755.1	1014	3	0
NG_064809.1	1757	1	0
NG_064798.1	1736	3	0
NG_063405.1	1781	1	0
NG_063238.1	1751	2	0
NG_062712.1	1701	2	0
NG_062663.1	2451	1	0
NG_017171.1	1771	114	0
NG_064936.1	2057	7	0
NG_063063.1	1054	10	0
NG_062940.1	1654	1	0
NG_074968.1	1102	35	0
NG_074967.1	985	17	0
NG_074961.1	1025	9	0
NG_074960.1	2390	2	0
NG_074957.1	991	56	0
NG_074954.1	1678	6	0
NG_074946.1	1013	1	0
NG_074931.1	988	1	0
NG_074930.1	1015	1	0
NG_074912.1	1004	1	0
NG_074908.1	1046	12	0
NG_074906.1	1625	2	0
NG_074904.1	1626	1	0
NG_074878.1	1774	1	0
NG_064992.1	1183	6	0
NG_067693.1	1332	1	0
NG_073571.1	1084	21	0
NG_073570.1	1088	25	0
NG_073569.1	1084	122	0
NG_073567.1	1714	6	0
NG_073566.1	1729	2	0
NG_073565.1	1673	1	0
NG_073564.1	1714	3	0
NG_073563.1	1700	8	0
NG_073562.1	1651	5	0
NG_073541.1	753	3	0
NG_073524.1	1184	1	0
NG_073521.1	1654	33	0
NG_073520.1	1657	4	0
NG_073514.1	1028	3	0
NG_073510.1	1001	3	0
NG_073500.1	1665	1	0
NG_073497.1	1589	1	0
NG_073495.1	1684	2	0
NG_062166.1	1714	1	0
NG_065069.1	1009	24	0
NG_070907.1	551	1	0
NG_070276.1	996	1	0
NG_070271.1	998	1	0
NG_070270.1	996	2	0
NG_070269.1	996	1	0
NG_070263.1	997	1	0
NG_070261.1	997	1	0
NG_070247.1	996	1	0
NG_016524.2	1711	2	0
NG_070882.1	1802	14	0
NG_070881.1	1781	185	0
NG_070878.1	1761	105	0
NG_070877.1	1964	280	0
NG_070875.1	1792	326	0
NG_070874.1	1766	146	0
NG_070866.1	2272	1	0
NG_070865.1	1810	2	0
NG_070864.1	1085	5	0
NG_070862.1	2650	7	0
NG_070860.1	1140	7	0
NG_070857.1	1119	2	0
NG_070856.1	1708	1	0
NG_070855.1	1782	1	0
NG_070854.1	1786	5	0
NG_070853.1	2071	3	0
NG_070852.1	1748	1	0
NG_070850.1	1849	335	0
NG_070849.1	1741	17	0
NG_070863.1	1771	1	0
NG_070808.1	1738	190	0
NG_070807.1	1686	15	0
NG_070806.1	1771	7	0
NG_070805.1	1771	9	0
NG_070804.1	1788	6	0
NG_070803.1	1787	8	0
NG_070802.1	1783	13	0
NG_070801.1	1776	80	0
NG_070799.1	1734	1	0
NG_070797.1	1774	211	0
NG_070795.1	1696	17	0
NG_070794.1	1241	11	0
NG_070793.1	1696	2	0
NG_070792.1	1718	3	0
NG_070791.1	1787	16	0
NG_070790.1	1802	2	0
NG_070697.1	1839	459	0
NG_070695.1	1592	71	0
NG_070694.1	1667	74	0
NG_070693.1	1698	60	0
NG_070692.1	1170	20	0
NG_070691.1	1731	57	0
NG_070690.1	1757	12	0
NG_070687.1	1770	58	0
NG_070685.1	1760	27	0
NG_070684.1	1780	1	0
NG_070676.1	918	2	0
NG_070652.1	874	1	0
NG_070638.1	1772	358	0
NG_070637.1	1033	4	0
NG_070635.1	1741	118	0
NG_070634.1	1701	3	0
NG_063530.1	1738	1	0
NG_070345.1	1010	1	0
NG_070338.1	1040	1	0
NG_070325.1	1029	9	0
NG_070324.1	1013	6	0
NG_070310.1	1640	2	0
NG_070309.1	1791	14	0
NG_070308.1	1640	3	0
NG_070307.1	1637	2	0
NG_070306.1	1641	8	0
NG_070305.1	1640	23	0
NG_070304.1	1640	2	0
NG_070303.1	1641	11	0
NG_070302.1	1640	5	0
NG_070294.1	1721	7	0
NG_070289.1	1106	22	0
NG_070287.1	1713	196	0
NG_070285.1	1673	1	0
NG_070284.1	767	3	0
NG_070283.1	1664	36	0
NG_070282.1	1719	33	0
NG_070281.1	1809	2	0
NG_070280.1	1573	1	0
NG_070278.1	996	7	0
NG_070277.1	996	5	0
NG_070274.1	995	1	0
NG_070266.1	995	1	0
NG_070260.1	996	1	0
NG_070253.1	997	1	0
NG_070251.1	996	1	0
NG_070243.1	996	3	0
NG_070240.1	996	1	0
NG_070238.1	1058	1	0
NG_070235.1	1750	6	0
NG_070231.1	1762	1	0
NG_064913.1	1922	1	0
NG_070151.1	1000	1	0
NG_070135.1	933	1	0
NG_070132.1	741	11	0
NG_070131.1	1132	34	0
NG_070130.1	1126	21	0
NG_070129.1	1133	36	0
NG_070122.1	986	4	0
NG_070115.1	1106	2	0
NG_070114.1	1011	4	0
NG_070108.1	1116	1	0
NG_070107.1	1116	1	0
NG_070102.1	1115	1	0
NG_070104.1	1116	1	0
NG_070103.1	1116	1	0
NG_064857.1	2250	8	0
NG_063015.1	1587	11	0
NG_068367.1	1028	1	0
NG_068360.1	1739	347	0
NG_068411.1	1044	1	0
NG_068406.1	1030	2	0
NG_068383.1	1670	1	0
NG_065592.1	1733	47	0
NG_065591.1	1728	13	0
NG_065590.1	1705	16	0
NG_064892.1	1754	2	0
NG_063248.1	1737	3	0
NG_067717.1	1548	2	0
NG_067712.1	1026	2	0
NG_067709.1	1611	1	0
NG_067705.1	1774	561	0
NG_067704.1	1773	151	0
NG_067696.1	1113	5	0
NG_067695.1	1024	1	0
NG_067691.1	1014	1	0
NG_067672.1	958	5	0
NG_067669.1	1107	48	0
NG_067666.1	1025	9	0
NG_067665.1	1025	8	0
NG_067663.1	1667	2	0
NG_067659.1	1015	5	0
NG_067658.1	1021	6	0
NG_067646.1	1115	1	0
NG_067645.1	1115	3	0
NG_067631.1	1597	42	0
NG_067630.1	1668	1	0
NG_067627.1	1710	2	0
NG_063433.1	1762	2	0
NG_065473.1	1711	1	0
NG_064960.1	1715	1	0
NG_065481.1	1679	6	0
NG_065480.1	1657	18	0
NG_065477.1	1698	21	0
NG_064883.1	1762	13	0
NG_063445.1	1739	10	0
NG_063429.1	1721	13	0
NG_063428.1	1721	50	0
NG_063427.1	1708	8	0
NG_065803.1	1776	94	0
NG_065785.1	1023	1	0
NG_065763.1	1724	2	0
NG_065733.1	995	24	0
NG_065732.1	1025	7	0
NG_065722.1	1897	4	0
NG_065717.1	744	12	0
NG_065715.1	1027	1	0
NG_065713.1	963	1	0
NG_065707.1	1715	19	0
NG_065700.1	1030	5	0
NG_065699.1	1025	5	0
NG_065698.1	1601	7	0
NG_065697.1	1575	7	0
NG_065696.1	1598	4	0
NG_065691.1	1608	1	0
NG_065686.1	1739	1	0
NG_065684.1	1891	3	0
NG_065675.1	999	1	0
NG_065668.1	1013	6	0
NG_065667.1	1031	2	0
NG_065662.1	1038	1	0
NG_065660.1	1071	1	0
NG_065659.1	1675	1	0
NG_065654.1	1077	1	0
NG_065653.1	1106	3	0
NG_065652.1	1106	3	0
NG_065651.1	1566	33	0
NG_065650.1	1595	42	0
NG_065645.1	1077	9	0
NG_065644.1	1097	3	0
NG_065643.1	2170	3	0
NG_065642.1	1999	7	0
NG_065631.1	1596	1	0
NG_065624.1	1744	2	0
NG_065622.1	1613	13	0
NG_065621.1	1608	4	0
NG_065619.1	1600	11	0
NG_065617.1	1584	5	0
NG_065616.1	1615	7	0
NG_065615.1	1618	6	0
NG_065614.1	1582	13	0
NG_065613.1	1578	3	0
NG_065612.1	1617	7	0
NG_065611.1	1574	6	0
NG_065610.1	1574	4	0
NG_065609.1	2130	1	0
NG_065607.1	1585	1	0
NG_065604.1	1774	1	0
NG_065602.1	1700	2	0
NG_065601.1	1755	6	0
NG_065599.1	1156	1	0
NG_065597.1	1746	2	0
NG_065595.1	1703	409	0
NG_065594.1	1732	1	0
NG_065589.1	1753	129	0
NG_065588.1	1747	42	0
NG_065587.1	1752	5	0
NG_065585.1	1715	3	0
NG_065584.1	1717	16	0
NG_065583.1	1772	1	0
NG_065582.1	1152	3	0
NG_065581.1	1722	11	0
NG_065576.1	1443	1	0
NG_065574.1	1602	1	0
NG_065572.1	1752	1	0
NG_065560.1	1154	3	0
NG_065559.1	1078	2	0
NG_065555.1	1781	2	0
NG_065551.1	1657	1	0
NG_065550.1	1654	1	0
NG_065549.1	1711	1	0
NG_065548.1	1538	1	0
NG_065546.1	1719	1	0
NG_065544.1	1709	2	0
NG_065537.1	1721	1	0
NG_065536.1	2306	1	0
NG_065534.1	1698	1	0
NG_065533.1	1648	4	0
NG_065532.1	1722	36	0
NG_065529.1	1687	2	0
NG_065527.1	1705	1	0
NG_065524.1	1704	1	0
NG_065519.1	1656	1	0
NG_065517.1	1658	2	0
NG_065516.1	1661	2	0
NG_065514.1	1690	1	0
NG_065511.1	1689	1	0
NG_065503.1	1756	5	0
NG_065502.1	1669	2	0
NG_065500.1	1766	1	0
NG_065498.1	1760	23	0
NG_065497.1	1787	13	0
NG_065496.1	1784	6	0
NG_065492.1	1663	1	0
NG_065490.1	1712	2	0
NG_065488.1	1721	1	0
NG_065486.1	1781	1	0
NG_065485.1	1758	8	0
NG_065484.1	1706	12	0
NG_065483.1	1754	8	0
NG_065479.1	1710	1	0
NG_065478.1	1708	2	0
NG_065476.1	1687	1	0
NG_065474.1	1745	9	0
NG_065472.1	1746	4	0
NG_065471.1	1744	27	0
NG_065469.1	1639	4	0
NG_065468.1	1748	19	0
NG_065467.1	1745	9	0
NG_065466.1	1740	13	0
NG_065464.1	1750	96	0
NG_013153.1	2033	1	0
NG_013120.1	1647	3	0
NG_063460.1	1781	4	0
NG_065159.1	1771	2	0
NG_065158.1	1775	135	0
NG_065157.1	1804	39	0
NG_065156.1	1806	4	0
NG_065155.1	1801	93	0
NG_065121.1	1740	3	0
NG_065112.1	1723	9	0
NG_065110.1	1758	2	0
NG_065108.1	1871	8	0
NG_065107.1	1779	9	0
NG_065106.1	1602	2	0
NG_065098.1	1006	38	0
NG_065093.1	999	1	0
NG_065080.1	1708	10	0
NG_065077.1	1004	22	0
NG_065070.1	1644	2	0
NG_065068.1	1009	101	0
NG_065065.1	1025	38	0
NG_065063.1	1700	1	0
NG_065062.1	1544	1	0
NG_065061.1	886	1	0
NG_065057.1	1652	138	0
NG_065053.1	1179	1	0
NG_065047.1	1179	1	0
NG_065043.1	1617	1	0
NG_065042.1	1614	4	0
NG_065041.1	1656	1	0
NG_065039.1	1582	2	0
NG_065038.1	1117	1	0
NG_065018.1	1029	1	0
NG_065017.1	1189	1	0
NG_065009.1	1017	4	0
NG_065007.1	592	1	0
NG_064998.1	1052	5	0
NG_064991.1	1138	4	0
NG_064990.1	1748	1	0
NG_064986.1	1036	52	0
NG_064985.1	1028	551	0
NG_064984.1	1024	2	0
NG_064983.1	1085	1	0
NG_064982.1	1096	4	0
NG_064977.1	1735	1	0
NG_064976.1	1776	79	0
NG_064972.1	1628	1	0
NG_064969.1	1667	40	0
NG_064968.1	1663	31	0
NG_064967.1	1712	1	0
NG_064966.1	1709	1	0
NG_064965.1	1699	1	0
NG_064963.1	1717	1	0
NG_064961.1	1718	2	0
NG_064959.1	1073	149	0
NG_064958.1	1724	263	0
NG_064957.1	1698	1	0
NG_064956.1	1766	1	0
NG_064955.1	1134	54	0
NG_064954.1	1717	1	0
NG_064953.1	1718	1	0
NG_064951.1	1644	1	0
NG_064950.1	1645	1	0
NG_064948.1	1766	2	0
NG_064946.1	1055	1	0
NG_064943.1	1734	1	0
NG_064942.1	1773	4	0
NG_064940.1	1779	1	0
NG_064935.1	1708	1	0
NG_064933.1	1711	2	0
NG_064932.1	1711	1	0
NG_064931.1	1711	1	0
NG_064930.1	1717	2	0
NG_064921.1	1714	275	0
NG_064920.1	1733	3	0
NG_064917.1	2226	1	0
NG_064911.1	1772	2	0
NG_064910.1	2070	2	0
NG_064908.1	1724	4	0
NG_064907.1	1767	14	0
NG_064906.1	1786	2	0
NG_064905.1	1624	1	0
NG_064902.1	1196	3	0
NG_064901.1	1668	1	0
NG_064899.1	1788	1	0
NG_064897.1	1783	1	0
NG_064895.1	1704	6	0
NG_064889.1	2050	4	0
NG_064888.1	1804	4	0
NG_064884.1	1690	1	0
NG_064879.1	1684	1	0
NG_064878.1	1787	9	0
NG_064876.1	1770	5	0
NG_064875.1	1770	1	0
NG_064874.1	1770	2	0
NG_064873.1	1784	1	0
NG_064872.1	942	2	0
NG_064871.1	1781	5	0
NG_064870.1	1777	2	0
NG_064869.1	1781	3	0
NG_064864.1	1745	1	0
NG_064859.1	2522	8	0
NG_064858.1	1750	12	0
NG_064855.1	1028	1	0
NG_064843.1	1366	1	0
NG_064841.1	1381	6	0
NG_064840.1	1027	2	0
NG_064839.1	1687	6	0
NG_064838.1	1721	2	0
NG_064829.1	1771	1	0
NG_064828.1	1775	3	0
NG_064826.1	1772	1	0
NG_064825.1	1798	2	0
NG_064824.1	1757	122	0
NG_064820.1	1750	1	0
NG_064819.1	1755	3	0
NG_064818.1	1755	1	0
NG_064817.1	1763	2	0
NG_064816.1	1730	1	0
NG_064815.1	1727	5	0
NG_064814.1	1723	1	0
NG_064808.1	1759	2	0
NG_064807.1	1750	1	0
NG_064806.1	1750	1	0
NG_064805.1	1751	5	0
NG_064804.1	1733	2	0
NG_064803.1	1733	1	0
NG_064801.1	1777	3	0
NG_064800.1	1447	8	0
NG_064799.1	2107	5	0
NG_064797.1	1750	96	0
NG_064796.1	1748	4	0
NG_064795.1	1752	191	0
NG_064794.1	1753	89	0
NG_063410.1	1743	9	0
NG_063596.1	834	1	0
NG_063661.1	1111	1	0
NG_063641.1	1034	1	0
NG_063548.1	1007	1	0
NG_063542.1	1733	2	0
NG_063541.1	1770	8	0
NG_063538.1	1135	1	0
NG_063537.1	1125	2	0
NG_063528.1	2044	21	0
NG_063527.1	1757	2	0
NG_063526.1	1753	107	0
NG_063524.1	1754	2	0
NG_063523.1	1777	6	0
NG_063522.1	1755	7	0
NG_063520.1	1777	80	0
NG_063519.1	1784	6	0
NG_063517.1	1782	12	0
NG_063516.1	1755	1	0
NG_063515.1	1753	1	0
NG_063514.1	1769	1	0
NG_063510.1	1789	75	0
NG_063509.1	1767	1	0
NG_063508.1	1769	4	0
NG_063507.1	1767	1	0
NG_063505.1	1748	1	0
NG_063504.1	1757	2	0
NG_063502.1	1758	1	0
NG_063500.1	1704	1	0
NG_063499.1	1754	6	0
NG_063497.1	1761	2	0
NG_063494.1	1756	1	0
NG_063493.1	1760	13	0
NG_063488.1	1752	1	0
NG_063487.1	1751	1	0
NG_063486.1	1750	1	0
NG_063483.1	1752	1	0
NG_063480.1	1753	2	0
NG_063479.1	1752	1	0
NG_063478.1	1735	1	0
NG_063475.1	1735	4	0
NG_063474.1	1782	2	0
NG_063473.1	1754	1	0
NG_063472.1	1776	2	0
NG_063471.1	1791	1	0
NG_063470.1	1782	3	0
NG_063469.1	1782	4	0
NG_063468.1	1782	3	0
NG_063467.1	1781	2	0
NG_063466.1	1782	24	0
NG_063465.1	1782	8	0
NG_063464.1	1782	4	0
NG_063463.1	1782	4	0
NG_063462.1	1782	3	0
NG_063461.1	1782	7	0
NG_063458.1	1783	2	0
NG_063457.1	1782	8	0
NG_063455.1	1780	2	0
NG_063454.1	1780	2	0
NG_063453.1	1780	6	0
NG_063450.1	1668	2	0
NG_063447.1	1780	4	0
NG_063444.1	1766	9	0
NG_063442.1	1788	1	0
NG_063440.1	1750	86	0
NG_063439.1	1757	10	0
NG_063436.1	1756	1	0
NG_063434.1	1766	96	0
NG_063432.1	1744	72	0
NG_063431.1	1778	1	0
NG_063426.1	1766	2	0
NG_063424.1	1772	3	0
NG_063423.1	1772	2	0
NG_063422.1	1766	4	0
NG_063421.1	1781	8	0
NG_063420.1	1784	1	0
NG_063419.1	1768	3	0
NG_063417.1	1781	2	0
NG_063413.1	1759	6	0
NG_063408.1	1758	7	0
NG_063407.1	1767	2	0
NG_063404.1	1781	1	0
NG_063403.1	1780	1	0
NG_063402.1	1783	1	0
NG_063400.1	1772	3	0
NG_063399.1	1782	3	0
NG_063398.1	1783	2	0
NG_063397.1	1782	3	0
NG_063396.1	1783	2	0
NG_063394.1	1781	1	0
NG_063392.1	1749	9	0
NG_063391.1	1733	2	0
NG_063389.1	1748	1	0
NG_063386.1	1778	167	0
NG_063384.1	1744	24	0
NG_063383.1	1737	2	0
NG_063380.1	1714	1	0
NG_063379.1	1734	1	0
NG_063378.1	1734	2	0
NG_063377.1	1720	1	0
NG_063376.1	1737	2	0
NG_063375.1	1708	3	0
NG_063370.1	1718	1	0
NG_063369.1	1718	2	0
NG_063364.1	1755	1	0
NG_063362.1	1748	2	0
NG_063361.1	1752	2	0
NG_063360.1	1751	2	0
NG_063359.1	1726	3	0
NG_063358.1	1751	1	0
NG_063357.1	1738	2	0
NG_063355.1	1621	132	0
NG_063354.1	1697	10	0
NG_063353.1	1694	1	0
NG_063352.1	1691	2	0
NG_063351.1	1702	1	0
NG_063350.1	1734	1	0
NG_063348.1	1784	1	0
NG_063345.1	1761	5	0
NG_063340.1	1712	2	0
NG_063338.1	1722	1	0
NG_063336.1	1722	1	0
NG_063334.1	1709	1	0
NG_063333.1	1709	1	0
NG_063332.1	1721	2	0
NG_063328.1	1724	1	0
NG_063327.1	1713	1	0
NG_063324.1	1716	2	0
NG_063323.1	1701	1	0
NG_063322.1	1720	6	0
NG_063319.1	1719	1	0
NG_063317.1	1732	2	0
NG_063316.1	1733	1	0
NG_063315.1	1730	1	0
NG_063313.1	1663	1	0
NG_063311.1	1629	1	0
NG_063310.1	1558	3	0
NG_063308.1	1668	47	0
NG_063306.1	1660	2	0
NG_063305.1	1663	1	0
NG_063303.1	1674	5	0
NG_063301.1	1675	6	0
NG_063300.1	1661	2	0
NG_063299.1	1640	1	0
NG_063298.1	1655	1	0
NG_063297.1	1671	1	0
NG_063293.1	1664	1	0
NG_063291.1	1734	1	0
NG_063290.1	1734	2	0
NG_063288.1	1737	12	0
NG_063287.1	1764	15	0
NG_063286.1	1752	18	0
NG_063285.1	1724	11	0
NG_063284.1	1724	8	0
NG_063283.1	1724	7	0
NG_063282.1	1724	2	0
NG_063281.1	1726	7	0
NG_063280.1	1724	3	0
NG_063278.1	1729	3	0
NG_063277.1	1699	5	0
NG_063276.1	1721	1	0
NG_063275.1	1722	7	0
NG_063274.1	1696	2	0
NG_063273.1	1717	1	0
NG_063272.1	1715	1	0
NG_063269.1	1719	1	0
NG_063268.1	1752	1	0
NG_063267.1	1753	2	0
NG_063266.1	1752	1	0
NG_063265.1	1752	3	0
NG_063260.1	1707	4	0
NG_063256.1	1748	5	0
NG_063253.1	1744	1	0
NG_063252.1	1743	2	0
NG_063250.1	1737	1	0
NG_063249.1	1737	1	0
NG_063247.1	1737	2	0
NG_063246.1	1749	1	0
NG_063245.1	1745	1	0
NG_063244.1	1746	1	0
NG_063243.1	1750	2	0
NG_063242.1	1750	2	0
NG_063241.1	1753	2	0
NG_063240.1	1749	2	0
NG_063239.1	1749	1	0
NG_063237.1	1749	1	0
NG_063236.1	1754	2	0
NG_063235.1	1787	276	0
NG_063234.1	1794	15	0
NG_063233.1	1801	5	0
NG_063232.1	1777	6	0
NG_063231.1	1751	1	0
NG_063229.1	1778	1	0
NG_063081.1	1783	1	0
NG_063047.1	2053	4	0
NG_063046.1	2055	9	0
NG_063011.1	1036	2	0
NG_062784.1	1751	1	0
NG_062775.1	1122	11	0
NG_062774.1	1067	1	0
NG_062731.1	1071	1	0
NG_062729.1	1619	1	0
NG_062723.1	1073	1	0
NG_062674.1	1671	2	0
NG_062669.1	1716	1	0
NG_063109.1	1787	5	0
NG_063108.1	1762	2	0
NG_063107.1	1767	1	0
NG_063106.1	1771	1	0
NG_063105.1	1766	2	0
NG_063104.1	1771	1	0
NG_063103.1	1769	13	0
NG_063101.1	1731	1	0
NG_063098.1	1614	88	0
NG_063091.1	1709	10	0
NG_063088.1	1739	1	0
NG_063085.1	1628	2	0
NG_063084.1	1628	1	0
NG_063080.1	1632	5	0
NG_063077.1	1738	1	0
NG_063062.1	1056	5	0
NG_063060.1	1538	1	0
NG_063058.1	1590	1	0
NG_063045.1	1588	6	0
NG_063044.1	1589	1	0
NG_063043.1	1582	1	0
NG_063042.1	1596	1	0
NG_063036.1	1581	1	0
NG_063019.1	1681	2	0
NG_063018.1	1614	1	0
NG_063016.1	1577	2	0
NG_063012.1	1598	1	0
NG_063002.1	1542	12	0
NG_063001.1	1533	7	0
NG_063000.1	1570	11	0
NG_062979.1	1656	1	0
NG_062977.1	1656	1	0
NG_062975.1	1642	1	0
NG_062974.1	1656	5	0
NG_062973.1	1654	3	0
NG_062972.1	1657	3	0
NG_062971.1	1657	3	0
NG_062970.1	1657	1	0
NG_062969.1	1656	4	0
NG_062968.1	1657	3	0
NG_062966.1	1656	12	0
NG_062963.1	1656	4	0
NG_062958.1	1655	1	0
NG_062953.1	1653	1	0
NG_062950.1	1655	1	0
NG_062949.1	1655	2	0
NG_062947.1	1655	1	0
NG_062946.1	1653	1	0
NG_062943.1	1655	4	0
NG_062942.1	1656	1	0
NG_062941.1	1656	2	0
NG_062938.1	1655	2	0
NG_062936.1	1656	1	0
NG_062934.1	1656	4	0
NG_062931.1	1656	1	0
NG_062930.1	1538	1	0
NG_062923.1	1686	8	0
NG_062864.1	1596	1	0
NG_062861.1	1640	1	0
NG_062860.1	1650	1	0
NG_062858.1	1141	3	0
NG_062852.1	1779	1	0
NG_062850.1	1068	5	0
NG_062849.1	1068	4	0
NG_062842.1	1021	1	0
NG_062826.1	1080	1	0
NG_062820.1	1769	20	0
NG_062815.1	1770	1	0
NG_062814.1	1767	16	0
NG_062813.1	1747	1	0
NG_062809.1	1741	1	0
NG_062807.1	1768	14	0
NG_062802.1	1622	1	0
NG_062800.1	1771	2	0
NG_062797.1	1750	3	0
NG_062787.1	2105	1	0
NG_062786.1	1728	1	0
NG_062783.1	1727	2	0
NG_062782.1	1778	1	0
NG_062777.1	1682	2	0
NG_062763.1	1590	4	0
NG_062759.1	1155	4	0
NG_062753.1	1702	9	0
NG_062735.1	1697	69	0
NG_062732.1	1549	15	0
NG_062727.1	1750	1	0
NG_062726.1	1763	2	0
NG_062716.1	1473	2	0
NG_062711.1	1659	3	0
NG_062709.1	1697	2	0
NG_062708.1	2861	36	0
NG_062707.1	1702	1	0
NG_062706.1	2583	37	0
NG_062704.1	2692	4	0
NG_062701.1	1690	2	0
NG_062700.1	1691	7	0
NG_062699.1	1702	3	0
NG_062698.1	1707	3	0
NG_062697.1	1653	11	0
NG_062696.1	1754	2	0
NG_062694.1	1141	6	0
NG_062692.1	1181	1	0
NG_062691.1	1799	17	0
NG_062690.1	1710	2	0
NG_062686.1	1786	1	0
NG_062684.1	1652	1	0
NG_062683.1	1744	1	0
NG_062671.1	1783	1	0
NG_062670.1	1783	5	0
NG_062667.1	1759	1	0
NG_062658.1	1710	1	0
NG_062657.1	1708	1	0
NG_062656.1	1727	3	0
NG_062655.1	1726	82	0
NG_062653.1	1038	1	0
NG_062652.1	1085	30	0
NG_062651.1	1102	3	0
NG_062650.1	1110	1	0
NG_062645.1	1753	32	0
NG_062643.1	1704	2	0
NG_062641.1	1758	1	0
NG_062640.1	1761	1	0
NG_062638.1	1753	1	0
NG_062635.1	1750	1	0
NG_062634.1	1692	1	0
NG_062633.1	1769	1	0
NG_062626.1	1766	24	0
NG_062624.1	1756	110	0
NG_062623.1	1761	1	0
NG_062622.1	1757	97	0
NG_062619.1	1757	96	0
NG_062618.1	1757	108	0
NG_062616.1	1782	11	0
NG_062615.1	1782	23	0
NG_062612.1	1751	1	0
NG_062611.1	1792	4	0
NG_062610.1	1732	1	0
NG_062609.1	1734	3	0
NG_062607.1	1686	1	0
NG_062601.1	1687	1	0
NG_062600.1	1769	1	0
NG_062597.1	1740	1	0
NG_062595.1	1739	23	0
NG_062594.1	1739	2	0
NG_062593.1	1742	2	0
NG_062444.1	1768	3	0
NG_062443.1	1769	7	0
NG_062442.1	1768	1	0
NG_062420.1	1461	253	0
NG_062417.1	942	1	0
NG_062416.1	942	1	0
NG_062412.1	1599	1	0
NG_062410.1	1579	1	0
NG_062407.1	1613	8	0
NG_062406.1	1575	8	0
NG_062405.1	1702	5	0
NG_062403.1	1574	2	0
NG_062402.1	1642	2	0
NG_062401.1	1637	1	0
NG_062399.1	1656	1	0
NG_062397.1	1749	3	0
NG_062396.1	1749	13	0
NG_062393.1	1696	185	0
NG_062391.1	1663	9	0
NG_062388.1	1703	1	0
NG_062387.1	1703	1	0
NG_062386.1	1778	5	0
NG_062385.1	1734	1	0
NG_062382.1	1684	8	0
NG_062381.1	1770	30	0
NG_062380.1	1143	7	0
NG_062378.1	1619	116	0
NG_062377.1	1765	7	0
NG_062376.1	1653	3	0
NG_062371.1	1770	25	0
NG_062367.1	1783	3	0
NG_062366.1	1767	327	0
NG_062362.1	1769	5	0
NG_062361.1	1766	4	0
NG_062197.1	1783	1	0
NG_062195.1	1783	2	0
NG_062193.1	1698	8	0
NG_062192.1	1697	5	0
NG_062191.1	1697	6	0
NG_062184.1	2035	1	0
NG_062181.1	1763	13	0
NG_062179.1	1581	1	0
NG_062171.1	1663	74	0
NG_062169.1	1719	2	0
NG_062168.1	1719	1	0
NG_062167.1	1719	1	0
NG_062165.1	1719	1	0
NG_062164.1	1660	1	0
NG_062163.1	1650	2	0
NG_062162.1	1651	1	0
NG_062161.1	1656	1	0
NG_062159.1	1655	1	0
NG_062158.1	1656	1	0
NG_062147.1	1789	2	0
NG_062144.1	1744	1	0
NG_062143.1	1748	11	0
NG_062141.1	1758	2	0
NG_062140.1	1753	3	0
NG_062139.1	1686	1	0
NG_062137.1	1673	1	0
NG_062136.1	1781	1	0
NG_062135.1	1782	2	0
NG_062134.1	1782	1	0
NG_062133.1	1781	1	0
NG_062130.1	1731	1	0
NG_062129.1	1762	3	0
NG_062127.1	1768	1	0
NG_062126.1	1762	1	0
NG_062125.1	1786	1	0
NG_062122.1	1734	2	0
NG_062120.1	1779	4	0
NG_062119.1	1762	1	0
NG_062109.1	1657	1	0
NG_062107.1	1656	3	0
NG_062101.1	1656	2	0
NG_062100.1	1656	1	0
NG_062098.1	1656	1	0
NG_062094.1	1655	2	0
NG_062093.1	1653	1	0
NG_062092.1	1765	3	0
NG_062091.1	1758	1	0
NG_062090.1	1758	4	0
NG_062088.1	1758	2	0
NG_062086.1	1758	4	0
NG_062085.1	1708	3	0
NG_062084.1	1746	2	0
NG_062083.1	1775	4	0
NG_062082.1	1758	1	0
NG_062081.1	1758	3	0
NG_062074.1	1741	3	0
NG_062070.1	1753	1	0
NG_062069.1	1696	4	0
NG_062068.1	1696	1	0
NG_062063.1	1665	2	0
NG_062061.1	1661	2	0
NG_062057.1	1667	2	0
NG_062055.1	1659	5	0
NG_062054.1	1666	1	0
NG_062052.1	1662	2	0
NG_062051.1	1611	3	0
NG_062050.1	1671	1	0
NG_062049.1	1668	1	0
NG_062048.1	1790	2	0
NG_062047.1	1696	1	0
NG_062045.1	1696	1	0
NG_062042.1	1781	6	0
NG_062036.1	1730	1	0
NG_062034.1	1746	9	0
NG_062033.1	1781	3	0
NG_062032.1	1774	1	0
NG_062031.1	1759	2	0
NG_062030.1	1775	1	0
NG_062029.1	1782	3	0
NG_062028.1	1782	3	0
NG_062026.1	1782	1	0
NG_062025.1	1789	3	0
NG_062024.1	1792	43	0
NG_062023.1	1776	7	0
NG_062022.1	1780	3	0
NG_062021.1	1773	6	0
NG_062020.1	1773	3	0
NG_062019.1	1780	4	0
NG_062018.1	1777	7	0
NG_062017.1	1777	1	0
NG_062016.1	1777	2	0
NG_062015.1	1778	1	0
NG_062014.1	1776	3	0
NG_062013.1	1776	2	0
NG_062012.1	1774	4	0
NG_062011.1	1776	4	0
NG_062010.1	1754	2	0
NG_062009.1	1755	1	0
NG_061300.1	1768	9	0
NG_061287.1	1050	3	0
NG_061284.1	857	4458	0
NG_061275.1	1507	11	0
NG_061262.1	1783	2	0
NG_061261.1	974	5	0
NG_061249.1	982	1	0
NG_061246.1	2310	6	0
NG_061239.1	1448	99	0
NG_061233.1	972	1	0
NG_061232.1	941	1	0
NG_061226.1	1003	11	0
NG_061224.1	907	1	0
NG_061221.1	2699	2	0
NG_061212.1	1659	23	0
NG_061209.1	1017	2	0
NG_061200.1	1700	1	0
NG_061196.1	1697	7	0
NG_061194.1	1599	1	0
NG_061186.1	1019	2	0
NG_061179.1	1606	10	0
NG_061178.1	1623	1	0
NG_061177.1	1712	1	0
NG_061176.1	1616	2	0
NG_061175.1	1685	9	0
NG_061173.1	767	56	0
NG_061172.1	1708	1	0
NG_061171.1	1547	1	0
NG_061166.1	1719	4	0
NG_061162.1	1654	2	0
NG_061160.1	1656	6	0
NG_061159.1	1656	1	0
NG_061158.1	1657	8	0
NG_061155.1	1656	2	0
NG_061154.1	1655	2	0
NG_061151.1	1656	1	0
NG_061150.1	1655	1	0
NG_061142.1	1569	1	0
NG_061140.1	1649	206	0
NG_061135.1	1643	6	0
NG_061134.1	1640	3	0
NG_061133.1	1749	6	0
NG_061132.1	1749	15	0
NG_061130.1	1752	2	0
NG_061129.1	1742	2	0
NG_061126.1	1646	2	0
NG_061125.1	1763	1	0
NG_061122.1	1339	1	0
NG_061121.1	1005	5	0
NG_061118.1	1031	1	0
NG_061116.1	1778	2	0
NG_061115.1	1775	124	0
NG_061114.1	1664	20	0
NG_061113.1	1664	39	0
NG_061108.1	1201	29	0
NG_061104.1	1735	3	0
NG_061103.1	1746	21	0
NG_061096.1	1741	5	0
NG_061094.1	1762	1	0
NG_061088.1	1744	1	0
NG_061087.1	1727	3	0
NG_061083.1	1749	2	0
NG_061077.1	2459	29	0
NG_061076.1	1684	5	0
NG_061070.1	1138	2	0
NG_061060.1	1663	4	0
NG_061059.1	1575	104	0
NG_061056.1	1715	23	0
NG_061055.1	1785	2	0
NG_061053.1	1769	200	0
NG_061052.1	1696	1	0
NG_061051.1	1146	6	0
NG_061045.1	1792	13	0
NG_061042.1	1777	1	0
NG_061039.1	1758	10	0
NG_061038.1	1756	68	0
NG_061035.1	1746	1	0
NG_061034.1	1759	2	0
NG_061033.1	1757	1	0
NG_061032.1	2157	2	0
NG_061030.1	2121	2	0
NG_061028.1	1672	4	0
NG_061026.1	1849	4	0
NG_061018.1	1749	1	0
NG_061016.1	511	1	0
NG_061011.1	1776	104	0
NG_061010.1	1752	66	0
NG_061009.1	1751	2	0
NG_061008.1	1762	15	0
NG_061004.1	1742	4	0
NG_060996.1	1676	46	0
NG_060988.1	1778	2	0
NG_060986.1	1781	2	0
NG_060984.1	1781	10	0
NG_060983.1	1781	5	0
NG_060982.1	1782	3	0
NG_060978.1	1760	2	0
NG_060976.1	1763	17	0
NG_060975.1	2072	2	0
NG_060974.1	1781	16	0
NG_060972.1	1740	50	0
NG_060971.1	1683	1	0
NG_060968.1	1756	4	0
NG_016525.1	1703	2	0
NG_013175.1	1776	28	0
NG_017192.1	1736	101	0
NG_017187.1	1751	183	0
NG_017185.1	1816	267	0
NG_017179.1	1787	8	0
NG_017174.1	1770	305	0
NG_017173.1	2620	98	0
NG_017172.1	1796	216	0
NG_017168.1	1784	168	0
NG_017166.1	1860	2	0
NG_016540.1	1708	2	0
NG_016527.1	1779	1	0
NG_016510.1	960	1	0
NG_016494.1	1686	1	0
NG_013154.1	1715	84	0
NG_013192.1	1618	1	0
NG_012432.1	1724	1	0
NG_017176.1	1463	491	0
