NR_178170.1	621	16	0
NR_178156.1	673	1	0
NR_178153.1	683	14	0
NR_178141.1	628	43	0
NR_178118.1	696	16	0
NR_177638.1	708	1	0
NR_177636.1	685	1	0
NR_177613.1	715	1	0
NR_177586.1	543	222	0
NR_177573.1	661	2	0
NR_177555.1	818	1	0
NR_177536.1	607	1	0
NR_177535.1	608	1	0
NR_177534.1	604	2	0
NR_177513.1	677	202	0
NR_177510.1	634	240	0
NR_177500.1	630	1	0
NR_177494.1	674	1	0
NR_177481.1	714	1	0
NR_177464.1	711	8	0
NR_177463.1	612	1	0
NR_177458.1	784	2703	0
NR_177457.1	645	1	0
NR_177181.1	963	407	0
NR_177180.1	896	22	0
NR_177176.1	784	166	0
NR_177173.1	846	2	0
NR_177171.1	665	1	0
NR_177137.1	548	4	0
NR_172229.1	639	1	0
NR_176780.1	609	1	0
NR_176758.1	680	1	0
NR_176701.1	659	4	0
NR_176699.1	685	2	0
NR_176697.1	709	3	0
NR_153988.1	701	1	0
NR_130292.1	643	1	0
NR_175700.1	716	520	0
NR_175249.1	677	20	0
NR_176184.1	790	13	0
NR_176157.1	661	1	0
NR_176137.1	673	161	0
NR_176108.1	665	2	0
NR_172300.1	727	1	0
NR_171285.1	660	1	0
NR_157969.1	735	1	0
NR_157961.1	719	2	0
NR_130305.1	684	1	0
NR_130284.1	697	2	0
NR_130274.1	708	1	0
NR_130210.1	700	4	0
NR_130206.1	728	3	0
NR_121305.1	750	1	0
NR_121304.1	756	1	0
NR_120301.1	557	2239	0
NR_175763.1	608	1	0
NR_175760.1	600	2	0
NR_175756.1	559	2	0
NR_175754.1	580	3	0
NR_175751.1	694	1	0
NR_175695.1	575	64	0
NR_175660.1	652	1	0
NR_175659.1	519	1	0
NR_175633.1	747	32	0
NR_175602.1	769	1	0
NR_175251.1	706	21	0
NR_175250.1	681	20	0
NR_157879.1	583	1	0
NR_157855.1	640	3	0
NR_153002.1	685	1	0
NR_131803.1	706	1	0
NR_130213.1	773	8	0
NR_130195.1	709	1	0
NR_175186.1	571	83	0
NR_175183.1	653	47	0
NR_175179.1	625	1	0
NR_175178.1	587	1	0
NR_175172.1	653	2	0
NR_175166.1	710	1	0
NR_175163.1	709	1	0
NR_175153.1	735	3	0
NR_175152.1	733	5	0
NR_175141.1	800	1	0
NR_175127.1	706	2	0
NR_175112.1	655	28	0
NR_175107.1	602	1	0
NR_175101.1	641	127	0
NR_175095.1	778	184	0
NR_175050.1	775	2	0
NR_121486.1	663	1	0
NR_174924.1	593	2	0
NR_174921.1	604	5	0
NR_174908.1	778	1	0
NR_174900.1	744	186	0
NR_174894.1	818	5	0
NR_174826.1	589	7	0
NR_174819.1	628	97	0
NR_174818.1	620	106	0
NR_174805.1	545	1	0
NR_174803.1	726	1	0
NR_174802.1	778	4	0
NR_174799.1	760	16	0
NR_174798.1	753	19	0
NR_174797.1	776	13	0
NR_174796.1	778	15	0
NR_174794.1	780	11	0
NR_174793.1	781	11	0
NR_174792.1	780	22	0
NR_174791.1	736	2	0
NR_174790.1	813	15	0
NR_174787.1	716	3	0
NR_174786.1	716	2	0
NR_174785.1	710	3	0
NR_174783.1	714	2	0
NR_174782.1	712	1	0
NR_174780.1	697	1	0
NR_174779.1	703	2	0
NR_174771.1	743	1	0
NR_174770.1	750	1	0
NR_174767.1	769	1	0
NR_174763.1	813	2	0
NR_174762.1	748	231	0
NR_174761.1	732	275	0
NR_174760.1	735	238	0
NR_174759.1	732	297	0
NR_174757.1	632	1	0
NR_174756.1	610	1	0
NR_174755.1	611	1	0
NR_174752.1	564	4	0
NR_174751.1	585	1	0
NR_174742.1	620	1	0
NR_174741.1	620	218	0
NR_174738.1	630	1	0
NR_174737.1	632	2	0
NR_174735.1	589	4	0
NR_174734.1	710	2	0
NR_174733.1	677	92	0
NR_174732.1	667	90	0
NR_174731.1	671	3	0
NR_174730.1	594	96	0
NR_174726.1	650	2	0
NR_174722.1	575	217	0
NR_171256.1	633	3	0
NR_174668.1	667	10	0
NR_174641.1	544	1	0
NR_153452.1	544	217	0
NR_174052.1	661	1614	0
NR_174051.1	660	1694	0
NR_174038.1	723	2	0
NR_174037.1	719	3	0
NR_174034.1	793	5	0
NR_164277.1	756	6177	0
NR_119887.1	608	2	0
NR_173979.1	695	1	0
NR_173978.1	693	7	0
NR_173976.1	657	6	0
NR_173973.1	760	2	0
NR_173972.1	721	34	0
NR_173970.1	700	1	0
NR_173967.1	732	71	0
NR_173954.1	618	12	0
NR_173948.1	605	11	0
NR_173944.1	739	73	0
NR_173940.1	663	2	0
NR_173939.1	689	2071	0
NR_173938.1	780	2	0
NR_173911.1	629	1	0
NR_173904.1	692	15	0
NR_173892.1	804	1	0
NR_173890.1	645	1	0
NR_173881.1	617	172	0
NR_173880.1	656	1	0
NR_173879.1	535	1	0
NR_173878.1	628	2299	0
NR_173877.1	697	5	0
NR_173876.1	651	2	0
NR_173874.1	735	857	0
NR_173873.1	650	561	0
NR_173872.1	675	553	0
NR_173861.1	710	1	0
NR_173842.1	550	1	0
NR_173834.1	723	2	0
NR_173793.1	748	460	0
NR_173787.1	723	175	0
NR_173762.1	751	1	0
NR_173755.1	934	1	0
NR_173726.1	695	104	0
NR_173706.1	741	6	0
NR_173445.1	699	1	0
NR_173429.1	683	21	0
NR_173428.1	634	18	0
NR_173427.1	637	16	0
NR_173417.1	711	6	0
NR_173403.1	678	6	0
NR_155247.1	712	6	0
NR_119473.1	642	347	0
NR_173390.1	610	1	0
NR_137743.1	463	224	0
NR_137742.1	488	252	0
NR_173325.1	669	1	0
NR_173324.1	578	219	0
NR_173319.1	700	5	0
NR_173316.1	479	72	0
NR_173315.1	625	5	0
NR_173313.1	531	4	0
NR_173308.1	572	19	0
NR_173293.1	648	1	0
NR_173233.1	772	1	0
NR_173224.1	769	1	0
NR_173216.1	785	16	0
NR_173214.1	694	1	0
NR_173212.1	712	1	0
NR_173193.1	575	19	0
NR_173189.1	791	1	0
NR_173188.1	1016	160	0
NR_173167.1	733	1	0
NR_173077.1	656	7	0
NR_172995.1	636	5	0
NR_172982.1	607	22	0
NR_172981.1	612	16	0
NR_172980.1	661	14	0
NR_172976.1	576	1	0
NR_172975.1	568	1	0
NR_172974.1	518	781	0
NR_138235.2	493	1	0
NR_172855.1	665	5	0
NR_172809.1	637	1	0
NR_172792.1	707	1	0
NR_172782.1	806	3678	0
NR_172766.1	649	221	0
NR_172427.1	806	14	0
NR_172417.1	700	1	0
NR_163771.1	496	2	0
NR_154314.1	741	2	0
NR_153597.1	609	570	0
NR_119591.1	573	6	0
NR_172361.1	745	3	0
NR_172323.1	554	1	0
NR_172296.1	629	4	0
NR_172258.1	572	4	0
NR_172245.1	756	2	0
NR_172227.1	722	165	0
NR_172218.1	652	5	0
NR_172192.1	595	1	0
NR_172177.1	602	1	0
NR_172174.1	570	3	0
NR_159628.1	548	4	0
NR_120312.1	602	171	0
NR_172002.1	689	1	0
NR_164580.1	617	1	0
NR_171869.1	618	108	0
NR_171841.1	683	1	0
NR_171809.1	596	2	0
NR_171785.1	554	8	0
NR_171754.1	706	2	0
NR_171752.1	711	6	0
NR_171751.1	708	2	0
NR_171727.1	573	2	0
NR_171718.1	636	2	0
NR_171265.1	671	1	0
NR_171372.1	623	1	0
NR_171371.1	636	1	0
NR_171354.1	686	1	0
NR_171350.1	612	1	0
NR_171347.1	623	1	0
NR_171330.1	593	2	0
NR_171321.1	583	9	0
NR_171292.1	727	1	0
NR_171267.1	976	915	0
NR_171255.1	681	4	0
NR_171252.1	618	1	0
NR_171217.1	663	5	0
NR_171216.1	679	1	0
NR_171210.1	612	1	0
NR_171160.1	569	1	0
NR_171159.1	578	4	0
NR_171144.1	608	5	0
NR_171143.1	568	1	0
NR_171139.1	622	4	0
NR_145301.1	603	7	0
NR_170840.1	631	1	0
NR_170772.1	705	10	0
NR_170738.1	815	6	0
NR_170724.1	739	1	0
NR_170723.1	675	16	0
NR_156500.1	728	2	0
NR_152899.1	579	2	0
NR_170026.1	632	1	0
NR_169989.1	686	1	0
NR_169943.1	675	1	0
NR_169916.1	473	1	0
NR_169902.1	669	1	0
NR_169974.1	641	4	0
NR_169938.1	728	1	0
NR_169695.1	665	1	0
NR_169693.1	656	25	0
NR_169668.1	795	9	0
NR_168850.1	526	1	0
NR_168751.1	703	22	0
NR_168750.1	699	23	0
NR_158374.1	667	2574	0
NR_147521.1	633	5	0
NR_120088.1	705	3	0
NR_168426.1	687	1	0
NR_168425.1	687	1	0
NR_168413.1	605	1	0
NR_168411.1	608	1	0
NR_168410.1	606	2	0
NR_168152.1	638	6	0
NR_168142.1	715	22	0
NR_166037.1	662	1	0
NR_167959.1	752	1	0
NR_132835.1	653	6	0
NR_166794.1	641	1	0
NR_166799.1	721	1	0
NR_166389.1	607	1	0
NR_166379.1	578	1	0
NR_166359.1	733	2	0
NR_166300.1	606	1	0
NR_166282.1	702	1	0
NR_166278.1	704	70	0
NR_166276.1	643	1	0
NR_166261.1	645	1	0
NR_166237.1	641	3013	0
NR_166232.1	700	207	0
NR_166223.1	659	504	0
NR_165972.1	676	1	0
NR_165971.1	676	1	0
NR_165965.1	624	1	0
NR_160610.1	697	86	0
NR_160608.1	669	2	0
NR_152356.1	715	5	0
NR_166034.1	650	5	0
NR_166015.1	658	1	0
NR_165941.1	581	5	0
NR_165884.1	741	5	0
NR_121520.1	692	507	0
NR_165207.1	568	1	0
NR_165200.1	829	1	0
NR_120266.2	605	132	0
NR_119780.1	673	1	0
NR_119557.1	580	348	0
NR_164613.1	833	1	0
NR_164612.1	639	5	0
NR_164539.1	666	1	0
NR_164509.1	477	1	0
NR_164489.1	768	1	0
NR_164487.1	710	1	0
NR_164379.1	434	22	0
NR_164371.1	474	8	0
NR_164292.1	705	19	0
NR_164278.1	690	15	0
NR_164269.1	640	10	0
NR_164222.1	1082	1	0
NR_164091.1	388	2	0
NR_164086.1	454	1	0
NR_164071.1	616	1	0
NR_164069.1	722	1	0
NR_164031.1	652	1	0
NR_164019.1	678	1	0
NR_164045.1	735	463	0
NR_111375.1	552	9	0
NR_163687.1	529	1	0
NR_154704.1	668	13	0
NR_154667.1	666	3	0
NR_154604.1	656	9	0
NR_154391.1	832	1	0
NR_153863.1	801	50	0
NR_153607.1	651	4	0
NR_152977.1	741	1	0
NR_152948.1	626	4	0
NR_145293.1	805	2	0
NR_145276.1	600	3	0
NR_120090.2	646	2	0
NR_132908.1	564	2	0
NR_132841.1	647	181	0
NR_132054.1	1092	916	0
NR_121448.1	646	1	0
NR_121445.1	645	6	0
NR_121437.1	681	2	0
NR_121432.1	645	3	0
NR_121410.1	653	1	0
NR_121401.1	672	1	0
NR_121400.1	692	90	0
NR_121399.1	691	1	0
NR_121398.1	691	92	0
NR_121395.1	691	94	0
NR_121394.1	689	97	0
NR_121393.1	689	87	0
NR_121391.1	690	94	0
NR_121390.1	694	92	0
NR_121389.1	692	1	0
NR_121388.1	694	98	0
NR_121387.1	691	89	0
NR_121385.1	664	170	0
NR_121384.1	664	160	0
NR_121361.1	645	2	0
NR_121339.1	804	949	0
NR_120089.1	694	4	0
NR_119974.1	722	1	0
NR_119652.1	668	917	0
NR_119650.1	681	935	0
NR_119649.1	790	14	0
NR_119648.1	853	6	0
NR_119647.1	521	11	0
NR_119644.1	713	916	0
NR_119592.1	565	9	0
NR_119590.1	749	960	0
NR_119555.1	747	4	0
NR_119554.1	824	404	0
NR_119543.1	814	4	0
NR_119537.1	659	16	0
NR_111658.1	636	3	0
NR_111586.1	601	1	0
NR_103626.1	626	3	0
NR_077169.1	664	2	0
NR_073317.1	600	3	0
NR_163314.1	655	32	0
NR_163289.1	636	1	0
NR_163278.1	719	1	0
NR_161043.1	732	6	0
NR_161004.1	501	1	0
NR_161042.1	690	9	0
NR_161041.1	718	4	0
NR_160630.1	555	1	0
NR_160618.1	708	2	0
NR_160586.1	727	1	0
NR_160568.1	638	105	0
NR_160490.1	646	1	0
NR_160459.1	834	2	0
NR_160454.1	680	207	0
NR_160453.1	642	1	0
NR_160333.1	650	1	0
NR_160330.1	684	63	0
NR_160261.1	782	5	0
NR_160256.1	536	2	0
NR_160239.1	807	22	0
NR_160200.1	759	1	0
NR_160139.1	692	12	0
NR_159832.1	686	92	0
NR_159831.1	704	86	0
NR_159823.1	725	3	0
NR_159860.1	589	1	0
NR_119560.2	742	8	0
NR_119415.2	697	64	0
NR_119394.2	655	1	0
NR_121542.1	712	2298	0
NR_121536.1	740	8	0
NR_121535.1	703	5	0
NR_121534.1	703	2	0
NR_121524.1	605	1	0
NR_121504.1	759	8	0
NR_121464.1	517	2	0
NR_121458.1	797	16	0
NR_121454.1	683	1	0
NR_121347.1	685	11	0
NR_121335.1	735	1	0
NR_121323.1	688	1	0
NR_121307.1	592	22	0
NR_121306.1	593	13	0
NR_121301.1	589	18	0
NR_121294.1	607	1	0
NR_121274.1	796	24	0
NR_121273.1	606	1	0
NR_121270.1	773	1	0
NR_120314.1	701	1	0
NR_120168.1	631	168	0
NR_120167.1	624	181	0
NR_120166.1	655	182	0
NR_120161.1	780	2	0
NR_120157.1	674	2	0
NR_120147.1	616	1	0
NR_120115.1	972	1	0
NR_120051.1	564	1	0
NR_120035.1	609	81	0
NR_120025.1	850	14	0
NR_119994.1	548	1	0
NR_119977.1	603	3	0
NR_119975.1	746	8	0
NR_119968.1	687	73	0
NR_119950.1	635	1	0
NR_119946.1	702	2	0
NR_119929.1	580	1	0
NR_119865.1	593	1	0
NR_119854.1	617	1	0
NR_119826.1	672	3	0
NR_119810.1	723	1	0
NR_119772.1	671	1	0
NR_119764.1	732	178	0
NR_119762.1	527	2	0
NR_119743.1	556	1	0
NR_119734.1	690	1	0
NR_119723.1	606	97	0
NR_119695.1	698	19	0
NR_119694.1	706	1	0
NR_119691.1	646	15	0
NR_119690.1	629	20	0
NR_119670.1	717	1	0
NR_119646.1	746	8	0
NR_119633.1	573	3	0
NR_119624.1	653	1	0
NR_119585.1	685	1	0
NR_119581.1	617	1	0
NR_119559.1	755	24	0
NR_119502.1	585	1	0
NR_119476.1	622	1	0
NR_119449.1	686	2	0
NR_119439.1	697	18	0
NR_119429.1	652	1	0
NR_119416.1	506	2	0
NR_111550.1	574	1	0
NR_111390.1	619	1	0
NR_111372.1	552	6	0
NR_111048.1	638	1	0
NR_103612.1	631	6	0
NR_077200.1	428	1	0
NR_077075.1	411	1	0
NR_073273.1	612	1	0
NR_073250.1	691	1	0
NR_144870.1	516	1	0
NR_134367.1	591	1	0
NR_131317.1	569	1	0
NR_159607.1	661	1	0
NR_159586.1	662	77	0
NR_159061.1	684	257	0
NR_159055.1	674	1	0
NR_159054.1	713	6	0
NR_159044.1	581	2	0
NR_159043.1	675	1	0
NR_159039.1	555	1	0
NR_159029.1	730	1	0
NR_155318.1	638	2	0
NR_152965.1	682	1	0
NR_152370.1	702	7	0
NR_152364.1	737	3	0
NR_151814.1	468	2	0
NR_137923.1	547	7	0
NR_158945.1	549	1	0
NR_158938.1	743	4	0
NR_158926.1	707	3	0
NR_158924.1	505	197	0
NR_158876.1	749	1	0
NR_158836.1	612	2	0
NR_158808.1	744	1	0
NR_158806.1	716	1	0
NR_158805.1	642	84	0
NR_158794.1	578	1	0
NR_158525.1	500	1541	0
NR_158506.1	678	1	0
NR_158485.1	766	24	0
NR_158461.1	862	981	0
NR_158460.1	695	5310	0
NR_158407.1	636	1	0
NR_158401.1	593	5	0
NR_158347.1	613	13	0
NR_158333.1	639	122	0
NR_158305.1	606	1	0
NR_158299.1	762	5	0
NR_158262.1	488	1	0
NR_157920.1	728	1	0
NR_157919.1	648	2	0
NR_157915.1	645	77	0
NR_157909.1	695	1	0
NR_157906.1	673	1	0
NR_157863.1	608	1	0
NR_156572.1	688	1	0
NR_156553.1	1045	9	0
NR_156587.1	615	2	0
NR_156300.1	761	1	0
NR_156245.1	621	17	0
NR_157131.1	702	1	0
NR_152964.1	754	1	0
NR_137804.1	1001	4	0
NR_155369.1	392	4	0
NR_156661.1	595	4	0
NR_156607.1	604	18	0
NR_156544.1	714	1	0
NR_156539.1	668	13	0
NR_156268.1	694	1	0
NR_156209.1	651	1	0
NR_156194.1	703	1	0
NR_156191.1	485	1	0
NR_155991.1	790	1	0
NR_155933.1	575	1514	0
NR_155910.1	661	99	0
NR_155847.1	501	3	0
NR_155846.1	625	18	0
NR_155816.1	567	1	0
NR_155807.1	625	17	0
NR_155789.1	760	3	0
NR_155788.1	761	7	0
NR_155707.1	609	1	0
NR_155695.1	500	7	0
NR_155611.1	601	7	0
NR_155610.1	601	5	0
NR_155366.1	725	6	0
NR_155358.1	691	5	0
NR_155334.1	588	183	0
NR_155195.1	685	1	0
NR_155181.1	758	1	0
NR_155110.1	690	13	0
NR_155092.1	745	3	0
NR_155084.1	578	1	0
NR_155064.1	615	2	0
NR_155027.1	711	4	0
NR_155020.1	595	361	0
NR_155011.1	401	2	0
NR_154976.1	647	1	0
NR_154870.1	663	4	0
NR_154805.1	643	4	0
NR_154793.1	659	3	0
NR_154767.1	667	14	0
NR_154687.1	636	2	0
NR_154681.1	601	17	0
NR_154680.1	694	1	0
NR_154669.1	892	80	0
NR_154617.1	595	1	0
NR_154610.1	585	1	0
NR_154536.1	766	4	0
NR_154522.1	787	1	0
NR_154495.1	617	1	0
NR_154494.1	701	9	0
NR_154487.1	584	1	0
NR_154475.1	598	3	0
NR_154470.1	699	23	0
NR_154357.1	505	15	0
NR_154354.1	600	2024	0
NR_154330.1	734	555	0
NR_154299.1	706	2	0
NR_154297.1	580	2	0
NR_154251.1	605	22	0
NR_154250.1	596	14	0
NR_154249.1	619	16	0
NR_154200.1	596	24	0
NR_154171.1	713	1	0
NR_154152.1	792	1	0
NR_154148.1	630	1	0
NR_154136.1	658	1	0
NR_154135.1	616	1	0
NR_154119.1	675	376	0
NR_154114.1	710	1	0
NR_154081.1	671	202	0
NR_154021.1	723	6	0
NR_154000.1	684	70	0
NR_153973.1	769	1	0
NR_153930.1	702	2	0
NR_153916.1	619	1	0
NR_131987.1	596	1	0
NR_153644.1	504	1	0
NR_153639.1	559	20	0
NR_153636.1	556	20	0
NR_153630.1	659	1	0
NR_153584.1	717	1	0
NR_153577.1	633	119	0
NR_153553.1	648	336	0
NR_153525.1	717	2279	0
NR_153522.1	718	6	0
NR_153483.1	591	1	0
NR_153482.1	543	78	0
NR_153462.1	599	7	0
NR_153458.1	694	2	0
NR_153449.1	677	98	0
NR_153080.1	703	1	0
NR_153040.1	690	93	0
NR_153039.1	682	89	0
NR_152898.1	654	1	0
NR_144988.1	702	1	0
NR_144767.1	682	1	0
NR_138231.1	640	1	0
NR_137593.1	665	1	0
NR_137137.1	694	2	0
NR_132060.1	623	1	0
NR_131873.1	564	1	0
NR_130212.1	669	81	0
NR_153037.1	721	1	0
NR_153032.1	584	417	0
NR_153029.1	613	69	0
NR_153013.1	664	1	0
NR_152538.1	632	1	0
NR_152489.1	559	6	0
NR_152483.1	651	1	0
NR_152482.1	636	1	0
NR_152324.1	705	2	0
NR_151842.1	866	6	0
NR_151797.1	628	2	0
NR_151759.1	665	1	0
NR_149345.1	654	2	0
NR_148190.1	483	1	0
NR_148111.1	612	2	0
NR_148110.1	772	18	0
NR_148109.1	667	2	0
NR_148069.1	669	1	0
NR_147659.1	657	1655	0
NR_147657.1	682	1	0
NR_147574.1	650	5	0
NR_147573.1	585	6	0
NR_147528.1	744	1210	0
NR_147428.1	726	1	0
NR_146257.1	711	6	0
NR_146256.1	715	4	0
NR_145382.1	875	1	0
NR_145335.1	719	8	0
NR_145305.1	764	3	0
NR_145181.1	591	1	0
NR_145099.1	728	1	0
NR_144982.1	684	1	0
NR_144901.1	637	1355	0
NR_144882.1	649	1	0
NR_144842.1	699	5	0
NR_144766.1	630	1	0
NR_126138.2	491	59	0
NR_138417.1	657	1	0
NR_138411.1	617	9	0
NR_138387.1	684	2	0
NR_138383.1	657	2	0
NR_138234.1	641	26	0
NR_138220.1	469	309	0
NR_138022.1	689	2	0
NR_138004.1	652	1	0
NR_137829.1	788	4	0
NR_137827.1	629	3	0
NR_137825.1	644	2	0
NR_137126.1	635	4	0
NR_136137.1	493	1	0
NR_135971.1	487	1	0
NR_135947.1	565	56	0
NR_135937.1	722	1	0
NR_132903.1	732	12	0
NR_132895.1	564	1	0
NR_132858.1	652	54	0
NR_132856.1	652	1	0
NR_132854.1	654	2	0
NR_132851.1	636	1	0
NR_132836.1	641	12	0
NR_132834.1	780	2	0
NR_132830.1	768	20	0
NR_132823.1	663	1	0
NR_131879.1	602	1	0
NR_131330.1	727	1	0
NR_126151.1	803	1	0
NR_126147.1	705	4	0
NR_144889.1	710	1	0
NR_148192.1	536	1	0
NR_148071.1	752	1	0
NR_144985.1	678	1	0
NR_138239.1	672	1	0
NR_137922.1	576	95	0
NR_137795.1	787	1	0
NR_137600.1	756	1	0
NR_137085.1	679	1	0
NR_132045.1	693	2	0
NR_131996.1	689	2	0
NR_131891.1	605	208	0
NR_131823.1	527	1	0
NR_131815.1	797	1	0
NR_131807.1	612	194	0
NR_131798.1	705	105	0
NR_153300.1	651	2	0
NR_153299.1	645	5	0
NR_153177.1	611	2	0
NR_153173.1	676	719	0
NR_153161.1	583	1	0
NR_153159.1	620	1	0
NR_153151.1	693	785	0
NR_153143.1	617	1	0
NR_153139.1	709	717	0
NR_153135.1	748	10	0
NR_148101.1	604	4	0
NR_147540.1	632	8	0
NR_147539.1	634	5	0
NR_147538.1	637	4	0
NR_147537.1	659	5	0
NR_147536.1	629	4	0
NR_147535.1	633	3	0
NR_147534.1	593	5	0
NR_147305.1	616	1	0
NR_137710.1	803	233	0
NR_137703.1	630	3	0
NR_137597.1	720	8	0
NR_137596.1	729	5	0
NR_137595.1	723	1	0
NR_137545.1	569	6	0
NR_137532.1	583	1	0
NR_137156.1	685	1	0
NR_137151.1	673	4	0
NR_137107.1	627	5	0
NR_137106.1	641	2	0
NR_137105.1	637	4	0
NR_137104.1	628	2	0
NR_137103.1	636	6	0
NR_137088.1	721	2	0
NR_137021.1	682	28	0
NR_137007.1	678	1	0
NR_136956.1	625	17	0
NR_135975.1	681	4	0
NR_152348.1	724	779	0
NR_152341.1	674	1	0
NR_152328.1	695	2	0
NR_138402.1	670	1	0
NR_138392.1	710	2	0
