NR_177918.1	1474	1	0
NR_177911.1	1484	25	0
NR_177909.1	1484	1	0
NR_177906.1	1504	2	0
NR_177904.1	1464	20	0
NR_177903.1	1461	21	0
NR_177902.1	1464	14	0
NR_177899.1	1222	3	0
NR_177891.1	1479	60	0
NR_177888.1	1497	1	0
NR_177886.1	1464	5	0
NR_177885.1	1427	89	0
NR_177882.1	1465	2	0
NR_177876.1	1455	58	0
NR_177868.1	1160	338	0
NR_177867.1	1160	341	0
NR_177866.1	1162	293	0
NR_177863.1	1124	6	0
NR_177862.1	1462	90	0
NR_177859.1	1472	2	0
NR_177856.1	1333	1	0
NR_177851.1	1166	2	0
NR_177850.1	1166	1	0
NR_177849.1	1166	1	0
NR_177848.1	1121	2	0
NR_177847.1	1462	57	0
NR_177841.1	1144	4	0
NR_177840.1	1144	4	0
NR_177839.1	1144	12	0
NR_177838.1	1144	10	0
NR_177837.1	1144	5	0
NR_177836.1	1144	17	0
NR_177835.1	1144	8	0
NR_177834.1	1144	9	0
NR_177833.1	1144	2	0
NR_177832.1	1144	33	0
NR_177831.1	1145	45	0
NR_177830.1	1144	4	0
NR_177829.1	1144	26	0
NR_177828.1	1144	34	0
NR_177827.1	1144	36	0
NR_177826.1	1144	39	0
NR_177825.1	1163	12	0
NR_177824.1	1145	27	0
NR_177823.1	1145	42	0
NR_177822.1	1145	47	0
NR_177821.1	1145	41	0
NR_177820.1	1145	28	0
NR_177819.1	1145	32	0
NR_177818.1	1145	26	0
NR_177817.1	1145	43	0
NR_177816.1	1145	12	0
NR_177815.1	1145	10	0
NR_177814.1	1145	6	0
NR_177813.1	1145	10	0
NR_177812.1	1145	6	0
NR_177811.1	1145	8	0
NR_177810.1	1145	8	0
NR_177809.1	1145	10	0
NR_177805.1	1474	2	0
NR_177804.1	1389	1	0
NR_177803.1	1554	3	0
NR_177802.1	1554	1	0
NR_177801.1	1554	2	0
NR_177800.1	1554	1	0
NR_177799.1	1163	10	0
NR_177789.1	1144	1	0
NR_177786.1	1143	31	0
NR_177785.1	1143	24	0
NR_177784.1	1143	23	0
NR_177783.1	1143	31	0
NR_177782.1	1143	19	0
NR_177780.1	1144	33	0
NR_177779.1	1143	24	0
NR_177778.1	1162	24	0
NR_177777.1	1481	11	0
NR_177776.1	1447	2	0
NR_177767.1	1438	22	0
NR_177758.1	1484	7	0
NR_177753.1	1478	1	0
NR_177748.1	1481	230	0
NR_177737.1	1485	8	0
NR_177735.1	1450	19	0
NR_177734.1	1478	19	0
NR_177732.1	1485	6	0
NR_177729.1	1485	7	0
NR_177728.1	1462	1	0
NR_177727.1	1450	1	0
NR_177722.1	1466	1	0
NR_177714.1	1543	12	0
NR_177705.1	1393	32	0
NR_177702.1	946	1	0
NR_177701.1	1293	95	0
NR_177700.1	1461	92	0
NR_177699.1	1453	91	0
NR_177698.1	1328	1	0
NR_177697.1	1342	1	0
NR_177692.1	1415	69	0
NR_177691.1	1414	59	0
NR_177690.1	1414	57	0
NR_177688.1	1471	167	0
NR_177684.1	1410	14	0
NR_177681.1	1146	1294	0
NR_177680.1	1443	1	0
NR_177674.1	1257	1	0
NR_177673.1	1258	3	0
NR_177669.1	1430	62	0
NR_177665.1	1311	33	0
NR_177056.1	1486	1	0
NR_177049.1	1481	1	0
NR_177048.1	1481	1	0
NR_177047.1	1481	2	0
NR_177044.1	1067	1	0
NR_177041.1	1464	2	0
NR_177040.1	1430	65	0
NR_177032.1	1455	67	0
NR_177031.1	1449	1	0
NR_177026.1	1385	1	0
NR_177019.1	1464	1	0
NR_177016.1	1164	1	0
NR_177010.1	1164	1	0
NR_177006.1	1478	1	0
NR_177003.1	1481	2	0
NR_177000.1	1270	1	0
NR_176994.1	1443	231	0
NR_176993.1	1437	1	0
NR_176987.1	1485	41	0
NR_176983.1	1111	1	0
NR_176981.1	1462	1	0
NR_172681.1	1009	1	0
NR_153674.1	1510	1	0
NR_145527.1	1552	3	0
NR_118672.1	1490	4	0
NR_113179.1	1461	1	0
NR_112167.1	1517	1	0
NR_176804.1	1504	16	0
NR_176606.1	1200	74	0
NR_176599.1	1372	1	0
NR_176594.1	1102	1	0
NR_176585.1	1412	2	0
NR_176580.1	1001	36	0
NR_176579.1	746	22	0
NR_176578.1	1002	4	0
NR_176577.1	1002	6	0
NR_176576.1	1002	45	0
NR_176575.1	1350	7	0
NR_176555.1	1488	1	0
NR_176553.1	1500	171	0
NR_176552.1	1500	186	0
NR_176550.1	1478	6	0
NR_176547.1	1482	4	0
NR_176542.1	1487	4	0
NR_176539.1	1500	16	0
NR_176533.1	1560	2	0
NR_176532.1	1560	1	0
NR_176530.1	1428	1	0
NR_176526.1	1481	11	0
NR_176521.1	1480	2	0
NR_176517.1	1354	70	0
NR_176515.1	1477	49	0
NR_176514.1	1471	17	0
NR_176511.1	1500	3	0
NR_176510.1	1500	3	0
NR_176508.1	1398	1	0
NR_176504.1	1477	59	0
NR_176501.1	1471	18	0
NR_176498.1	1500	20	0
NR_176497.1	1500	22	0
NR_176494.1	1500	13	0
NR_176493.1	640	23	0
NR_176487.1	1509	4	0
NR_176486.1	1445	41	0
NR_176484.1	1353	222	0
NR_176481.1	1395	2	0
NR_176477.1	1370	2	0
NR_176475.1	1489	402	0
NR_172677.2	1490	136	0
NR_172660.2	1483	127	0
NR_172580.2	1445	1	0
NR_173600.1	1540	3	0
NR_172619.1	1368	1	0
NR_176790.1	1462	1	0
NR_175594.1	1493	1	0
NR_175592.1	1491	1	0
NR_175591.1	1528	5	0
NR_175588.1	1522	1	0
NR_175581.1	1524	1	0
NR_175578.1	1526	1	0
NR_175566.1	1500	1	0
NR_175555.1	1555	2	0
NR_175547.1	1528	1	0
NR_175546.1	1406	3	0
NR_175535.1	1353	1	0
NR_175508.1	1426	1	0
NR_175507.1	1501	1	0
NR_175500.1	1359	17	0
NR_175492.1	1447	2	0
NR_175489.1	1436	1	0
NR_175483.1	1359	1	0
NR_175451.1	1257	150	0
NR_175448.1	1440	148	0
NR_175430.1	1457	1	0
NR_175420.1	1493	1	0
NR_175418.1	1445	3	0
NR_175414.1	1467	1	0
NR_169381.1	1456	1	0
NR_164996.1	1438	1	0
NR_159904.1	1447	1	0
NR_159251.1	1413	2	0
NR_158108.1	1539	1	0
NR_157747.1	1487	1	0
NR_156900.1	1500	1	0
NR_156812.1	1480	1	0
NR_153733.1	1380	1	0
NR_152077.1	1411	1	0
NR_152071.1	1452	1	0
NR_151943.1	1424	5	0
NR_134842.2	1498	137	0
NR_074469.2	1498	13	0
NR_074999.2	1553	1	0
NR_136480.2	1528	1	0
NR_137349.2	1488	1	0
NR_146362.2	1485	3	0
NR_146667.2	1522	152	0
NR_149294.1	1476	2	0
NR_148578.1	1408	80	0
NR_148289.1	1516	1	0
NR_146371.1	1299	1	0
NR_145895.1	1461	2	0
NR_136830.1	1405	12	0
NR_136827.1	1540	1	0
NR_136464.1	1510	1	0
NR_135864.1	1472	1	0
NR_134065.1	1490	1	0
NR_134028.1	1409	3	0
NR_133978.1	1455	1	0
NR_133977.1	1109	2	0
NR_133776.1	1480	1	0
NR_126296.1	1444	1	0
NR_126248.1	1437	1	0
NR_125691.1	1419	42	0
NR_125600.1	1499	44	0
NR_119370.1	1484	17	0
NR_119245.1	1567	3	0
NR_118974.1	1515	1	0
NR_118954.1	1429	1	0
NR_118791.1	1315	1	0
NR_118756.1	1476	1	0
NR_118636.1	1418	148	0
NR_118471.1	1529	22	0
NR_117854.1	1506	2	0
NR_117627.1	1530	5	0
NR_117572.1	1530	1	0
NR_117114.1	1477	1	0
NR_117053.1	1386	1	0
NR_116757.1	1387	23	0
NR_116411.1	1499	1	0
NR_116402.1	1424	1	0
NR_116353.1	1476	1	0
NR_116274.1	1369	1	0
NR_115847.1	1528	36	0
NR_115607.1	1477	1	0
NR_115603.1	1433	1	0
NR_115576.1	1432	2	0
NR_115308.1	1520	1	0
NR_115172.1	1406	8	0
NR_115044.1	1387	1	0
NR_115043.1	1429	1	0
NR_114980.1	1388	1	0
NR_114976.1	1537	1	0
NR_114915.1	1401	7	0
NR_114908.1	1529	1	0
NR_114713.1	1500	15	0
NR_114417.1	1501	1	0
NR_114402.1	1469	1	0
NR_114086.1	1476	1	0
NR_113989.1	1475	19	0
NR_113986.1	1412	1	0
NR_113969.1	1496	19	0
NR_113821.1	1499	9	0
NR_113818.1	1500	1	0
NR_113812.1	1410	1	0
NR_113776.1	1477	2	0
NR_113691.1	1436	1	0
NR_113683.1	1438	4	0
NR_113334.1	1491	4	0
NR_113160.1	1473	1	0
NR_113159.1	1473	1	0
NR_113001.1	1566	1	0
NR_112785.1	1503	26	0
NR_112753.1	1495	1	0
NR_112699.1	1442	1	0
NR_112678.1	1450	1	0
NR_112157.1	1329	1	0
NR_029338.2	1511	1	0
NR_044666.2	1459	4	0
NR_044674.2	1479	1	0
NR_109724.1	1524	1	0
NR_109669.1	1493	1	0
NR_109485.1	1456	1	0
NR_109170.1	1449	1	0
NR_108831.1	1398	1	0
NR_044711.2	1522	1	0
NR_044647.2	1486	4	0
NR_102852.1	1519	463	0
NR_075013.1	1558	1	0
NR_075007.1	1555	1	0
NR_074958.1	1549	1	0
NR_074910.1	1544	2596	0
NR_074854.1	1538	1	0
NR_074799.1	1534	20	0
NR_074617.1	1520	3	0
NR_074517.1	1510	3	0
NR_074268.1	1480	1	0
NR_074246.1	1477	1	0
NR_074243.1	1476	2	0
NR_044829.1	1422	2	0
NR_044783.1	1547	1	0
NR_043999.1	1476	1	0
NR_043591.1	1474	2	0
NR_043184.1	1476	13	0
NR_043095.1	1556	12	0
NR_043073.1	1554	1	0
NR_042599.1	1387	1	0
NR_042588.1	1388	1	0
NR_042456.1	1518	1	0
NR_042443.1	1561	6	0
NR_042438.1	1548	1	0
NR_042437.1	1559	3	0
NR_042367.1	1532	1	0
NR_042243.1	1549	3	0
NR_042242.1	1518	8	0
NR_042241.1	1518	1	0
NR_041770.1	1469	13	0
NR_041659.1	1566	2	0
NR_041658.1	1565	4	0
NR_041657.1	1566	4	0
NR_041656.1	1567	13	0
NR_041611.1	1488	1	0
NR_041610.1	1489	2	0
NR_041494.1	1428	1	0
NR_041468.1	1556	1	0
NR_041368.1	1489	1	0
NR_041263.1	1507	19	0
NR_040991.1	1479	1	0
NR_040958.1	1454	7	0
NR_040826.1	1444	4	0
NR_044533.1	1371	2	0
NR_044394.1	1406	28	0
NR_043268.1	1437	2	0
NR_043114.1	1561	1	0
NR_042944.1	1454	1	0
NR_042924.1	1518	1	0
NR_037074.1	1499	12	0
NR_029085.1	1568	3	0
NR_028902.1	1398	1	0
NR_028894.1	1505	64	0
NR_028858.1	1474	2	0
NR_028829.1	1463	1	0
NR_028776.1	1500	3	0
NR_028658.1	1556	29	0
NR_028624.1	1530	1	0
NR_027575.1	1540	2	0
NR_027525.1	1481	1	0
NR_027206.1	1520	1	0
NR_025579.1	1536	1	0
NR_025576.1	1453	2	0
NR_025567.1	1498	6	0
NR_025241.1	1507	2	0
NR_025240.1	1506	1	0
NR_025070.1	1460	2	0
NR_024808.1	1388	1	0
NR_024691.1	1529	1	0
NR_026531.1	1446	1	0
NR_026447.1	1409	2	0
NR_026309.1	1512	1	0
NR_026303.1	1503	1	0
NR_026144.1	1504	1	0
NR_026077.1	1475	3	0
NR_025986.1	1452	1	0
NR_025765.1	1416	1	0
NR_025649.1	1485	1	0
NR_174339.1	1489	1	0
NR_174326.1	1484	5	0
NR_174319.1	1514	1	0
NR_174306.1	1410	3	0
NR_174303.1	1514	4	0
NR_174300.1	1538	2	0
NR_174296.1	1461	1	0
NR_174281.1	1428	1	0
NR_174266.1	1574	157	0
NR_174263.1	1509	1	0
NR_174260.1	1464	1	0
NR_174258.1	1528	26	0
NR_174253.1	1501	1	0
NR_174241.1	1502	1	0
NR_174227.1	1486	1	0
NR_174193.1	1524	2	0
NR_173692.1	1429	1	0
NR_173685.1	1405	1	0
NR_173684.1	1399	1	0
NR_173683.1	1395	2	0
NR_173682.1	1389	1	0
NR_173681.1	1523	16	0
NR_173679.1	1515	1	0
NR_173673.1	1447	1	0
NR_173669.1	1455	10	0
NR_173655.1	1403	1	0
NR_173654.1	1379	2	0
NR_173653.1	1481	1	0
NR_173651.1	1409	2	0
NR_173636.1	1536	4	0
NR_173628.1	1533	2	0
NR_173627.1	1535	3	0
NR_173617.1	1475	1	0
NR_173616.1	1476	3	0
NR_173615.1	1455	1	0
NR_173614.1	1451	1	0
NR_173610.1	1543	136	0
NR_173607.1	1497	4	0
NR_173587.1	1528	149	0
NR_173586.1	1523	162	0
NR_173585.1	1525	144	0
NR_173584.1	1533	152	0
NR_173583.1	1533	160	0
NR_173582.1	1533	192	0
NR_173581.1	1526	163	0
NR_173580.1	1529	160	0
NR_173579.1	1504	174	0
NR_173578.1	1523	154	0
NR_173577.1	1524	169	0
NR_173576.1	1523	144	0
NR_173575.1	1525	166	0
NR_173574.1	1515	173	0
NR_173573.1	1532	1	0
NR_173572.1	1546	167	0
NR_173571.1	1546	159	0
NR_173567.1	1532	216	0
NR_173566.1	1522	172	0
NR_173565.1	1518	167	0
NR_173564.1	1528	153	0
NR_173563.1	1528	158	0
NR_173562.1	1535	148	0
NR_173561.1	1507	154	0
NR_173559.1	1534	154	0
NR_173558.1	1542	161	0
NR_173557.1	1526	157	0
NR_173556.1	1517	6	0
NR_173555.1	1497	154	0
NR_173554.1	1520	137	0
NR_173553.1	1522	1	0
NR_173552.1	1527	154	0
NR_173540.1	1494	3	0
NR_173536.1	1459	30	0
NR_173530.1	1513	1	0
NR_173524.1	1505	1	0
NR_173523.1	1428	6	0
NR_026538.1	1497	3	0
NR_172707.1	1161	2	0
NR_172706.1	1161	2	0
NR_172705.1	1161	1	0
NR_172704.1	1162	34	0
NR_172703.1	1489	1	0
NR_172700.1	1479	1	0
NR_172692.1	1162	29	0
NR_172691.1	1162	27	0
NR_172690.1	1162	29	0
NR_172683.1	1139	14	0
NR_172676.1	1161	3	0
NR_172674.1	1161	194	0
NR_172673.1	1161	2	0
NR_172667.1	1490	1	0
NR_172661.1	1163	9	0
NR_172659.1	1167	3	0
NR_172657.1	923	1	0
NR_172624.1	1475	1	0
NR_172621.1	979	59	0
NR_172613.1	1068	155	0
NR_172606.1	1463	414	0
NR_172605.1	1477	209	0
NR_172604.1	1478	71	0
NR_172603.1	1477	818	0
NR_172599.1	1310	1	0
NR_172597.1	1286	247	0
NR_172585.1	1086	2	0
NR_172579.1	1498	1	0
NR_172576.1	1324	6	0
NR_171515.1	1463	21	0
NR_171514.1	1508	13	0
NR_171510.1	1500	2	0
NR_171503.1	1524	4	0
NR_171496.1	1411	1	0
NR_171494.1	1371	1	0
NR_171484.1	1480	1	0
NR_171477.1	1481	1	0
NR_171474.1	1506	1	0
NR_171472.1	1527	1	0
NR_171463.1	1508	1	0
NR_171461.1	1385	1	0
NR_171449.1	1464	1	0
NR_171448.1	1389	3	0
NR_171436.1	1286	1	0
NR_171434.1	1416	1	0
NR_171428.1	1395	13	0
NR_171418.1	1433	1	0
NR_171417.1	1078	41	0
NR_171397.1	1532	1	0
NR_170503.1	1491	1	0
NR_170498.1	1485	1	0
NR_170496.1	1542	2	0
NR_170494.1	1576	2	0
NR_170485.1	1570	1	0
NR_170465.1	1412	270	0
NR_170447.1	1495	1	0
NR_170426.1	1462	63	0
NR_170425.1	1489	1	0
NR_170416.1	1526	2	0
NR_170414.1	1361	13	0
NR_170407.1	1528	1	0
NR_170403.1	1553	1	0
NR_170401.1	1523	3	0
NR_170393.1	1516	1	0
NR_170392.1	1532	1	0
NR_170492.1	1504	250	0
NR_170476.1	1544	4	0
NR_169498.1	1540	15	0
NR_169492.1	1457	7	0
NR_169478.1	1499	2	0
NR_169476.1	1536	47	0
NR_169468.1	1495	25	0
NR_169448.1	1465	3	0
NR_169445.1	1457	1	0
NR_169429.1	1526	9	0
NR_169395.1	1468	1	0
NR_169374.1	1480	44	0
NR_169360.1	1490	1	0
NR_169355.1	1450	2	0
NR_169344.1	1410	1	0
NR_169341.1	1518	2	0
NR_169333.1	1500	170	0
NR_169332.1	1532	154	0
NR_169331.1	1532	160	0
NR_169330.1	1532	172	0
NR_169329.1	1540	157	0
NR_169328.1	1536	157	0
NR_169322.1	1441	1	0
NR_169320.1	1521	164	0
NR_169312.1	1520	1	0
NR_169310.1	1520	1	0
NR_169486.1	1429	1	0
NR_169447.1	1533	2	0
NR_169446.1	1533	4	0
NR_169425.1	1325	1	0
NR_169339.1	1400	3	0
NR_169327.1	1535	186	0
NR_169326.1	1534	153	0
NR_169319.1	1506	1	0
NR_169318.1	1508	2	0
NR_165749.1	1391	1	0
NR_165748.1	1538	3	0
NR_165739.1	1454	1	0
NR_165713.1	1410	1	0
NR_165712.1	1564	39	0
NR_165668.1	1549	1	0
NR_165666.1	1580	1	0
NR_165665.1	1565	1	0
NR_165020.1	1470	1	0
NR_165016.1	1460	1	0
NR_165015.1	1524	1	0
NR_165011.1	1430	1	0
NR_165007.1	1443	1	0
NR_164982.1	1404	1	0
NR_164974.1	1502	3	0
NR_164971.1	1390	1	0
NR_164968.1	1351	1	0
NR_164955.1	1465	1	0
NR_164944.1	1506	1	0
NR_164942.1	1427	1	0
NR_164937.1	1409	2	0
NR_164931.1	1516	1	0
NR_164907.1	1482	2	0
NR_164887.1	1521	1	0
NR_164874.1	1428	1	0
NR_164632.1	1524	1	0
NR_164619.1	1418	2	0
NR_146028.1	1482	1	0
NR_164626.1	1481	1	0
NR_164624.1	1279	1	0
NR_164616.1	1535	1	0
NR_164615.1	1518	1	0
NR_108896.1	1427	1	0
NR_163665.1	1380	19	0
NR_163651.1	1449	7	0
NR_163645.1	1496	4	0
NR_163620.1	1480	1	0
NR_163604.1	1490	1	0
NR_159926.1	1530	5	0
NR_159925.1	1530	33	0
NR_159916.1	1412	2	0
NR_159915.1	1479	1	0
NR_159914.1	1499	1	0
NR_159905.1	1359	1	0
NR_159352.1	1395	2	0
NR_159332.1	1380	1	0
NR_159317.1	1454	69	0
NR_159316.1	1271	1	0
NR_159312.1	1414	2	0
NR_159307.1	1398	1	0
NR_159303.1	1404	1	0
NR_159257.1	1434	3	0
NR_159255.1	1542	54	0
NR_159247.1	1417	1	0
NR_159241.1	1540	4	0
NR_159239.1	1444	1	0
NR_159238.1	1451	1	0
NR_159235.1	1503	36	0
NR_159232.1	1455	165	0
NR_159221.1	1420	3	0
NR_159212.1	1445	1	0
NR_159188.1	1467	2	0
NR_159163.1	1409	4	0
NR_159162.1	1479	1	0
NR_159144.1	1518	1	0
NR_159101.1	1500	1	0
NR_159098.1	1394	221	0
NR_159086.1	1534	16	0
NR_159085.1	1542	74	0
NR_159084.1	1542	44	0
NR_159083.1	1542	64	0
NR_158141.1	1423	1	0
NR_158140.1	1413	1	0
NR_158137.1	1423	3	0
NR_158112.1	1482	1	0
NR_158069.1	1483	1	0
NR_158058.1	1450	12	0
NR_158052.1	1395	1	0
NR_158050.1	1420	156	0
NR_158037.1	1352	10	0
NR_158012.1	1472	1	0
NR_157993.1	1443	2	0
NR_157992.1	1491	1	0
NR_157984.1	1403	4	0
NR_157795.1	1399	6	0
NR_157786.1	1404	1	0
NR_157777.1	1531	5	0
NR_157773.1	1432	2	0
NR_157772.1	1486	1	0
NR_157762.1	1525	11	0
NR_157759.1	1503	1	0
NR_157757.1	1435	1	0
NR_157756.1	1478	1	0
NR_157696.1	1442	1	0
NR_157686.1	1451	1	0
NR_157674.1	1465	1	0
NR_157665.1	1418	3	0
NR_157658.1	1535	272	0
NR_157651.1	1434	1	0
NR_157615.1	1509	1	0
NR_157602.1	1551	475	0
NR_157016.1	1449	1	0
NR_157009.1	1411	2	0
NR_157004.1	1473	1	0
NR_156997.1	1463	1	0
NR_156995.1	1358	1	0
NR_156989.1	1539	3	0
NR_156982.1	1517	103	0
NR_156932.1	1288	39	0
NR_156931.1	1281	57	0
NR_156930.1	1368	22	0
NR_156924.1	1526	2	0
NR_156918.1	1506	12	0
NR_156914.1	1439	155	0
NR_156913.1	1453	1	0
NR_156891.1	1456	1	0
NR_156877.1	1510	1	0
NR_156872.1	1517	1	0
NR_156871.1	1463	2	0
NR_156860.1	1480	6	0
NR_156857.1	1431	1	0
NR_156848.1	1455	1	0
NR_156845.1	1524	4	0
NR_156838.1	1538	4	0
NR_156816.1	1416	4	0
NR_156801.1	1544	2	0
NR_156160.1	1388	1	0
NR_156158.1	1475	1	0
NR_156139.1	1462	1	0
NR_156105.1	1468	1	0
NR_156094.1	1491	1	0
NR_156087.1	1447	5	0
NR_156074.1	1427	3	0
NR_156030.1	1430	1	0
NR_156023.1	1394	2	0
NR_153752.1	1543	66	0
NR_153746.1	1428	2	0
NR_153734.1	1391	99	0
NR_153720.1	1409	7	0
NR_153712.1	1362	3	0
NR_153675.1	1510	1	0
NR_153664.1	1532	2	0
NR_152720.1	1464	1	0
NR_152707.1	1472	2	0
NR_152687.1	1473	1	0
NR_152677.1	1441	1	0
NR_152639.1	1423	2	0
NR_152092.1	1485	2	0
NR_152086.1	1545	1	0
NR_152082.1	1526	1	0
NR_152069.1	1490	1	0
NR_152066.1	1430	2	0
NR_152064.1	1514	1	0
NR_152032.1	1437	1	0
NR_152005.1	1360	1	0
NR_151988.1	1528	3	0
NR_151987.1	1528	2	0
NR_151986.1	1521	3	0
NR_151985.1	1502	1	0
NR_151928.1	1539	1	0
NR_151914.1	1426	8	0
NR_151905.1	1515	20	0
NR_151862.1	1485	5	0
NR_151861.1	1485	4	0
NR_074480.2	1498	19	0
NR_074484.2	1498	9	0
NR_074459.2	1498	9	0
NR_074473.2	1498	10	0
NR_126315.2	1531	2	0
NR_132700.2	1456	6	0
NR_136501.2	1537	2	0
NR_074335.2	1488	14	0
NR_074336.2	1485	1	0
NR_075005.2	1550	1	0
NR_102489.2	1489	1	0
NR_116361.2	1486	2	0
NR_118693.2	1489	15	0
NR_109025.2	1479	1	0
NR_145962.2	1490	1	0
NR_149822.1	1416	2	0
NR_149815.1	1368	1	0
NR_149801.1	1481	1	0
NR_149789.1	1454	1	0
NR_149787.1	1378	2	0
NR_149302.1	1542	11	0
NR_149297.1	1485	1	0
NR_149293.1	1451	3	0
NR_149290.1	1317	3	0
NR_149266.1	1508	1	0
NR_149251.1	1413	8	0
NR_149249.1	1441	1	0
NR_149246.1	1413	2	0
NR_149239.1	1448	2	0
NR_149231.1	1518	2	0
NR_149223.1	1521	1	0
NR_149220.1	1425	1	0
NR_149185.1	1421	1	0
NR_108597.1	1457	1	0
NR_042754.2	1399	1	0
NR_148851.1	1461	1	0
NR_148826.1	1438	1	0
NR_148820.1	1348	61	0
NR_148809.1	1523	1	0
NR_148798.1	1481	1	0
NR_148788.1	1589	1	0
NR_148783.1	1476	1	0
NR_148775.1	1487	1	0
NR_148770.1	1423	1	0
NR_148766.1	1477	1	0
NR_148761.1	1475	1	0
NR_148756.1	1532	11	0
NR_148753.1	1533	2	0
NR_148571.2	1479	1	0
NR_148663.1	1414	23	0
NR_148650.1	1454	80	0
NR_148649.1	1444	63	0
NR_148645.1	1551	1	0
NR_148635.1	1423	1	0
NR_148634.1	1525	1	0
NR_148609.1	1406	1	0
NR_148602.1	1455	3	0
NR_148601.1	1456	1	0
NR_148598.1	1490	149	0
NR_148585.1	1512	1	0
NR_148580.1	1465	1	0
NR_148577.1	1513	3	0
NR_148576.1	1489	4	0
NR_148573.1	1499	2	0
NR_148329.1	1403	1	0
NR_148323.1	1372	1	0
NR_148273.1	1473	1	0
NR_148272.1	1424	1	0
NR_148246.1	1409	8	0
NR_147782.1	1457	2	0
NR_147778.1	1490	1	0
NR_147774.1	1528	22	0
NR_147771.1	1454	164	0
NR_147769.1	1405	1	0
NR_147767.1	1428	1	0
NR_147757.1	1505	1	0
NR_147756.1	1402	1	0
NR_147752.1	1516	5	0
NR_147747.1	1453	9	0
NR_147725.1	1411	1	0
NR_147400.1	1482	1	0
NR_147393.1	1464	18	0
NR_146851.1	1395	1	0
NR_146848.1	1345	8	0
NR_146847.1	1345	6	0
NR_146845.1	1345	7	0
NR_146821.1	1510	1	0
NR_146815.1	1476	2	0
NR_146707.1	1518	2	0
NR_146698.1	1480	1	0
NR_146690.1	1430	1	0
NR_146677.1	1452	167	0
NR_146676.1	1449	156	0
NR_146368.1	1400	2	0
NR_146364.1	1429	1	0
NR_146023.1	1484	2	0
NR_146008.1	1436	1	0
NR_145925.1	1339	2	0
NR_145923.1	1451	9	0
NR_145904.1	1522	2	0
NR_145885.1	1442	1	0
NR_145881.1	1351	1	0
NR_145874.1	1393	1	0
NR_145864.1	1458	1	0
NR_145849.1	1404	10	0
NR_145647.1	1422	146	0
NR_145642.1	1452	1	0
NR_145635.1	1452	1	0
NR_145632.1	1523	1	0
NR_145586.1	1405	1	0
NR_145570.1	1436	10	0
NR_145569.1	1390	1	0
NR_145566.1	1401	1	0
NR_145538.1	1516	1	0
NR_145537.1	1453	1	0
NR_145531.1	1426	1	0
NR_145528.1	1489	3	0
NR_144751.1	1472	1	0
NR_144729.1	1526	2	0
NR_144715.1	1527	4	0
NR_144713.1	1514	1	0
NR_144619.1	1528	1	0
NR_144611.1	808	1	0
NR_144605.1	1510	1	0
NR_144604.1	1450	4	0
NR_144596.1	1451	1	0
NR_144581.1	1359	2	0
NR_144574.1	1464	10	0
NR_144572.1	1474	1	0
NR_137415.1	1494	412	0
NR_137413.1	1452	2	0
NR_137410.1	1461	1	0
NR_137380.1	1502	420	0
NR_137347.1	1454	2	0
NR_137345.1	1358	1	0
NR_137344.1	1290	1	0
NR_137336.1	1427	4	0
NR_137333.1	1495	169	0
NR_137263.1	1482	1	0
NR_137255.1	1498	1	0
NR_137252.1	1453	2	0
NR_137237.1	1374	1	0
NR_137215.1	1454	2	0
NR_136866.1	1482	1	0
NR_136847.1	1508	1	0
NR_136790.1	1405	1	0
NR_136780.1	1464	2	0
NR_136770.1	1525	2	0
NR_136767.1	1461	21	0
NR_136472.1	1504	11	0
NR_136444.1	1461	1	0
NR_136429.1	1508	10	0
NR_135885.1	1437	20	0
NR_135876.1	1451	3	0
NR_135875.1	1455	2	0
NR_135871.1	1463	41	0
NR_135867.1	1434	1	0
NR_135703.1	1524	1	0
NR_135702.1	1504	2	0
NR_135211.1	1462	13	0
NR_135210.1	1450	2	0
NR_134830.1	1432	17	0
NR_134826.1	1483	151	0
NR_134825.1	1445	158	0
NR_134809.1	1493	2	0
NR_134802.1	1438	1	0
NR_134770.1	1466	1	0
NR_134761.1	1552	2	0
NR_134759.1	1506	1	0
NR_134756.1	1410	4	0
NR_134741.1	1441	4	0
NR_134694.1	1465	3	0
NR_134230.1	1476	6	0
NR_134229.1	1396	25	0
NR_134222.1	1325	1	0
NR_134219.1	1506	1	0
NR_134202.1	1508	1	0
NR_134189.1	1493	1	0
NR_134176.1	1387	1	0
NR_134171.1	1509	1	0
NR_134168.1	1561	1	0
NR_134155.1	1454	11	0
NR_134134.1	1495	2	0
NR_134124.1	1530	1	0
NR_134116.1	1546	4	0
NR_134105.1	1445	1	0
NR_134081.1	1339	25	0
NR_134073.1	1430	1	0
NR_134063.1	1462	33	0
NR_134062.1	1462	14	0
NR_134057.1	1426	1	0
NR_134047.1	1425	1	0
NR_134020.1	1409	2	0
NR_134013.1	1295	4	0
NR_133994.1	1443	1	0
NR_133991.1	1498	1	0
NR_133987.1	1301	1	0
NR_133986.1	1353	3	0
NR_133985.1	1358	1	0
NR_133967.1	1505	3	0
NR_133952.1	1497	53	0
NR_133893.1	1435	1	0
NR_133887.1	1455	1	0
NR_133881.1	1296	1	0
NR_133878.1	1418	9	0
NR_133866.1	1463	2	0
NR_133864.1	1426	1	0
NR_133859.1	1451	1	0
NR_133848.1	1414	13	0
NR_133847.1	1409	2	0
NR_133845.1	1453	2	0
NR_133840.1	1496	1	0
NR_133833.1	1412	1	0
NR_133820.1	1440	1	0
NR_133816.1	1450	1	0
NR_133815.1	1366	19	0
NR_133800.1	1407	1	0
NR_133775.1	1411	1	0
NR_133740.1	1424	1	0
NR_133718.1	1408	1	0
NR_133716.1	1353	3	0
NR_133706.1	1363	1	0
NR_133685.1	1399	1	0
NR_133047.1	1306	1	0
NR_133041.1	1454	1	0
NR_133039.1	1489	1	0
NR_132706.1	1249	1	0
NR_132688.1	1411	1	0
NR_132686.1	1441	1	0
NR_132675.1	1381	1	0
NR_132596.1	1456	7	0
NR_132395.1	1492	1	0
NR_132330.1	1543	2	0
NR_132328.1	1367	1	0
NR_132293.1	1435	8	0
NR_132289.1	1439	6	0
NG_041959.1	1692	13	0
NR_044847.4	1497	25	0
NR_117712.2	1159	21	0
NR_126314.1	1546	8	0
NR_126285.1	1417	1	0
NR_126284.1	1462	5	0
NR_126260.1	1239	5	0
NR_126252.1	1438	1	0
NR_126228.1	1495	1	0
NR_126226.1	1532	1	0
NR_126224.1	1433	5	0
NR_126223.1	1456	164	0
NR_126220.1	1472	1	0
NR_126199.1	1496	171	0
NR_126192.1	1362	1	0
NR_126182.1	1483	1	0
NR_126180.1	1453	7	0
NR_126172.1	1508	1	0
NR_115546.2	1543	2	0
NR_125699.1	1344	28	0
NR_125698.1	1344	46	0
NR_125690.1	1459	44	0
NR_125638.1	1490	3	0
NR_125587.1	1397	1	0
NR_125586.1	1404	9	0
NR_125566.1	1338	1	0
NR_125544.1	1500	1	0
NR_125517.1	1430	1	0
NR_125496.1	1420	1	0
NR_125468.1	1469	1	0
NR_125465.1	1485	2	0
NR_125461.1	1452	62	0
NR_125454.1	1458	1	0
NR_125449.1	1466	1	0
NR_118125.1	1453	1	0
NR_122085.1	1475	1	0
NR_122081.1	1480	165	0
NR_121793.1	1543	13	0
NR_121786.1	1506	1	0
NR_044660.3	1390	4	0
NR_119289.1	1607	1	0
NR_119223.1	1335	528	0
NR_119207.1	1361	1	0
NR_119203.1	1488	1	0
NR_118911.1	1491	2	0
NR_118902.1	1484	1	0
NR_118848.1	1464	4	0
NR_118847.1	1464	5	0
NR_118846.1	1478	1	0
NR_118845.1	1390	1	0
NR_118785.1	1453	11	0
NR_118761.1	1478	1	0
NR_118707.1	1467	1	0
NR_118677.1	1458	8	0
NR_118667.1	1465	1	0
NR_118641.1	1529	1	0
NR_118585.1	1259	49	0
NR_118555.1	1342	1	0
NR_118544.1	1491	1	0
NR_118490.1	1534	2	0
NR_118439.1	1466	2	0
NR_118433.1	1538	1	0
NR_118420.1	1498	2	0
NR_118406.1	1514	2	0
NR_118393.1	1422	1	0
NR_118391.1	1506	14	0
NR_118386.1	1451	41	0
NR_118351.1	1470	4	0
NR_118348.1	1503	25	0
NR_118346.1	1414	1	0
NR_118336.1	1511	1	0
NR_118335.1	1395	22	0
NR_118333.1	1500	12	0
NR_118321.1	1477	1	0
NR_118315.1	1462	1	0
NR_118312.1	1417	1	0
NR_118270.1	1338	1	0
NR_118269.1	1493	1	0
NR_118264.1	1495	3	0
NR_118263.1	1414	1	0
NR_118216.1	1503	1	0
NR_118156.1	1409	1	0
NR_118146.1	1452	1	0
NR_118138.1	1544	50	0
NR_118103.1	1479	1	0
NR_118089.1	1479	3	0
NR_118084.1	1471	1	0
NR_118023.1	1488	3	0
NR_118022.1	1490	1	0
NR_118021.1	1488	1	0
NR_118019.1	1357	1	0
NR_118013.1	1487	1	0
NR_117978.1	1488	1	0
NR_117931.1	1390	1	0
NR_117928.1	1499	1	0
NR_117903.1	1354	8	0
NR_117881.1	1449	55	0
NR_117880.1	1446	16	0
NR_117865.1	1459	2	0
NR_117848.1	1402	1	0
NR_117847.1	1452	1	0
NR_117794.1	1424	102	0
NR_117783.1	1440	1	0
NR_117697.1	1516	10	0
NR_117552.1	1452	1	0
NR_117551.1	1504	15	0
NR_117547.1	1535	49	0
NR_117535.1	1304	1	0
NR_117518.1	1448	1	0
NR_117485.1	1455	1	0
NR_117463.1	1524	2	0
NR_117446.1	1406	85	0
NR_117437.1	1507	19	0
NR_117427.1	1523	4	0
NR_117419.1	1430	2	0
NR_117413.1	1458	1	0
NR_117369.1	1451	14	0
NR_117304.1	1495	370	0
NR_117298.1	1448	2	0
NR_117283.1	1510	1	0
NR_117216.1	1480	1	0
NR_117202.1	1456	1	0
NR_117179.1	1509	8	0
NR_117039.1	1461	12	0
NR_117033.1	1429	1	0
NR_117003.1	1516	1	0
NR_116999.1	1413	37	0
NR_116969.1	1431	140	0
NR_116965.1	1425	1	0
NR_116954.1	1455	1	0
NR_116935.1	1338	10	0
NR_116902.1	1458	34	0
NR_116899.1	1496	1	0
NR_116893.1	1463	9	0
NR_116889.1	1437	1	0
NR_116885.1	1482	2	0
NR_116842.1	1444	2	0
NR_116839.1	1290	20	0
NR_116833.1	1448	1	0
NR_116813.1	1441	1	0
NR_116782.1	1484	15	0
NR_116775.1	1508	1	0
NR_116773.1	1410	1	0
NR_116772.1	1490	5	0
NR_116722.1	1418	1	0
NR_116720.1	1227	1	0
NR_116715.1	1459	1	0
NR_116610.1	1426	4	0
NR_116609.1	1464	1	0
NR_116604.1	1422	18	0
NR_116573.1	1432	2	0
NR_116554.1	1491	1	0
NR_116553.1	1532	2	0
NR_116537.1	1481	1	0
NR_116498.1	1437	3	0
NR_116463.1	1339	1	0
NR_116437.1	1299	2	0
NR_116426.1	1389	1	0
NR_116415.1	1477	1	0
NR_116403.1	1426	1	0
NR_116395.1	1449	3	0
NR_116377.1	1413	1	0
NR_116375.1	1438	1	0
NR_116326.1	1483	28	0
NR_116164.1	1432	1	0
NR_116123.1	1335	1	0
NR_116121.1	1545	1	0
NR_116120.1	1549	4	0
NR_116102.1	1453	6	0
NR_116098.1	1376	2	0
NR_116079.1	1368	33	0
NR_116042.1	1528	3	0
NR_116033.1	1481	4	0
NR_116029.1	1450	2	0
NR_116020.1	1381	1	0
NR_116018.1	1408	1	0
NR_116014.1	1223	2	0
NR_116008.1	1410	1	0
NR_116005.1	1445	8	0
NR_116003.1	1448	3	0
NR_115987.1	1467	1	0
NR_115948.1	1500	2	0
NR_115943.1	1425	22	0
NR_115920.1	1444	1	0
NR_115861.1	1495	1	0
NR_115817.1	1467	1	0
NR_115810.1	1527	2	0
NR_115808.1	1501	4	0
NR_115759.1	1513	15	0
NR_115756.1	1516	1	0
NR_115748.1	1413	1	0
NR_115739.1	1445	22	0
NR_115697.1	1445	1	0
NR_115689.1	1360	2	0
NR_115523.1	1446	1	0
NR_115520.1	1503	12	0
NR_115511.1	1365	1	0
NR_115427.1	1420	1	0
NR_115336.1	1515	1	0
NR_115318.1	1478	1	0
NR_115258.1	1533	239	0
NR_115254.1	1443	1	0
NR_115225.1	1360	20	0
NR_115224.1	1363	19	0
NR_115203.1	1441	1	0
NR_115191.1	1499	1	0
NR_115118.1	1452	1	0
NR_115096.1	1408	1	0
NR_115065.1	1411	8	0
NR_115062.1	1494	1	0
NR_115009.1	1377	1	0
NR_114999.1	1431	1	0
NR_114981.1	1391	2	0
NR_114965.1	1530	1	0
NR_114902.1	1518	1	0
NR_114900.1	1468	24	0
NR_114868.1	1354	6	0
NR_114684.1	1491	1	0
NR_114633.1	1333	1	0
NR_114615.1	1485	3	0
NR_114612.1	1321	1	0
NR_114580.1	1539	2	0
NR_114544.1	1501	9	0
NR_114327.1	1463	1	0
NR_114312.1	1474	146	0
NR_114308.1	1406	1	0
NR_114306.1	1338	1	0
NR_113569.1	1478	1951	0
NR_113331.1	1441	104	0
NR_113285.1	1349	1	0
NR_113269.1	1494	1	0
NR_113264.1	1474	9	0
NR_113219.1	1453	1	0
NR_113200.1	1497	1	0
NR_113061.1	1467	641	0
NR_113051.1	1473	1	0
NR_113018.1	1458	1	0
NR_113009.1	1438	6	0
NR_112995.1	1444	1	0
NR_112972.1	1483	20	0
NR_112915.1	1415	3	0
NR_112898.1	1463	1	0
NR_112891.1	1475	1	0
NR_112880.1	1417	1	0
NR_112879.1	1434	1	0
NR_112875.1	1461	1	0
NR_112829.1	1487	1	0
NR_112791.1	1349	1	0
NR_112776.1	1488	1	0
NR_112713.1	1443	1	0
NR_112684.1	1535	1	0
NR_112680.1	1391	3	0
NR_112571.1	1452	1	0
NR_112560.1	1393	18	0
NR_112223.1	1430	2	0
NR_112114.1	1398	1	0
NR_044675.2	1435	1	0
NR_108118.1	1477	1	0
NR_104937.1	1527	4616	0
NR_104911.1	1446	1	0
NR_104906.1	1463	2	0
NR_104901.1	1515	19	0
NR_104895.1	1534	1	0
NR_104890.1	1469	13	0
NR_104828.1	1508	135	0
NR_104528.1	1449	1	0
NR_103954.1	1532	20	0
NR_103943.1	1556	1	0
NR_102957.1	1525	7	0
NR_102934.1	1497	1	0
NR_102806.1	1539	1	0
NR_102776.1	1559	2	0
NR_102494.1	1475	18	0
NR_102462.1	1479	12	0
NR_102440.1	1596	1	0
NR_074111.1	1432	1	0
NR_074325.2	1535	1	0
NR_075060.1	1601	1	0
NR_075055.1	1586	2	0
NR_075054.1	1585	5	0
NR_075034.1	1568	189	0
NR_075011.1	1556	1	0
NR_074951.1	1548	53	0
NR_074946.1	1548	1	0
NR_074933.1	1546	1	0
NR_074932.1	1546	1	0
NR_074924.1	1545	1	0
NR_074890.1	1542	4	0
NR_074872.1	1540	1	0
NR_074869.1	1539	3109	0
NR_074815.1	1535	54	0
NR_074804.1	1534	4	0
NR_074790.1	1533	1	0
NR_074731.1	1528	1	0
NR_074692.1	1526	3	0
NR_074463.1	1508	1	0
NR_074394.1	1499	10	0
NR_074389.1	1498	1	0
NR_074388.1	1498	3	0
NR_074386.1	1498	1	0
NR_074324.1	1490	1	0
NR_074296.1	1488	6	0
NR_074294.1	1488	3	0
NR_044972.1	1506	3	0
NR_044962.1	1409	1	0
NR_044960.1	1391	1	0
NR_044959.1	1414	1	0
NR_044952.1	1420	1	0
NR_044794.1	1393	1	0
NR_044753.1	1473	7	0
NR_044611.1	1402	1	0
NR_044566.1	1384	3	0
NR_044500.1	1496	1	0
NR_044439.1	1458	5	0
NR_044425.1	1510	1	0
NR_044269.1	1441	18	0
NR_044245.1	1496	1	0
NR_044233.1	1418	1	0
NR_044222.1	1301	1	0
NR_044210.1	1396	1	0
NR_044188.1	1442	10	0
NR_044187.1	1447	1	0
NR_044185.1	1470	1	0
NR_044104.1	1359	1	0
NR_044075.1	1518	6	0
NR_044068.1	1492	2	0
NR_044061.1	1423	63	0
NR_043985.1	1474	4	0
NR_043962.1	1480	1	0
NR_043958.1	1484	1	0
NR_043935.1	1528	2	0
NR_043858.1	1488	4	0
NR_043791.1	1406	1	0
NR_043787.1	1440	1	0
NR_043770.1	1403	13	0
NR_043750.1	1356	96	0
NR_043618.1	1478	2	0
NR_043545.1	1441	1	0
NR_043537.1	1482	1	0
NR_043536.1	1489	3	0
NR_043322.1	1494	2	0
NR_043311.1	1407	1	0
NR_043217.1	1498	1	0
NR_043215.1	1476	1	0
NR_043174.1	1403	2	0
NR_043160.1	1461	1	0
NR_043115.1	1529	1	0
NR_043068.1	1474	8	0
NR_043037.1	1483	1	0
NR_043036.1	1484	2	0
NR_042975.1	1546	1	0
NR_042973.1	1462	1	0
NR_042964.1	1536	1	0
NR_042963.1	1540	2	0
NR_042869.1	1362	3	0
NR_042867.1	1362	3	0
NR_042634.1	1502	1	0
NR_042633.1	1498	1	0
NR_042562.1	1476	1	0
NR_042387.1	1516	1	0
NR_042130.1	1472	1	0
NR_042129.1	1457	1	0
NR_042050.1	1532	2	0
NR_041962.1	1407	5	0
NR_041958.1	1510	2	0
NR_041878.1	1468	1	0
NR_041697.1	1527	82	0
NR_041670.1	1440	1	0
NR_041622.1	1453	1	0
NR_041557.1	1496	2	0
NR_041556.1	1499	2	0
NR_041555.1	1500	2	0
NR_041552.1	1487	2	0
NR_041501.1	1479	1	0
NR_041482.1	1492	1	0
NR_041479.1	1383	2	0
NR_041444.1	1463	1	0
NR_041443.1	1434	1	0
NR_041407.1	1472	2	0
NR_041385.1	1457	1	0
NR_041369.1	1473	1	0
NR_041365.1	1495	1	0
NR_041355.1	1422	3	0
NR_041354.1	1425	1	0
NR_041318.1	1461	2	0
NR_041316.1	1446	2	0
NR_041306.1	1482	1	0
NR_041296.1	1418	1	0
NR_041282.1	1481	1	0
NR_041046.1	1481	1	0
NR_041041.1	1515	1	0
NR_040971.1	1426	1	0
NR_040970.1	1428	3	0
NR_040950.1	1499	1	0
NR_040853.1	1500	1	0
NR_040819.1	1419	7	0
NR_044466.1	1389	1	0
NR_044429.1	1555	1	0
NR_044406.1	1486	1	0
NR_044324.1	1403	1	0
NR_044284.1	1536	201	0
NR_044283.1	1464	3	0
NR_044205.1	1441	1	0
NR_044100.1	1420	1	0
NR_044092.1	1510	1	0
NR_044087.1	1425	1	0
NR_044030.1	1467	2	0
NR_043902.1	1508	1	0
NR_043875.1	1297	1	0
NR_043874.1	1332	4	0
NR_043860.1	1450	29	0
NR_043806.1	1491	31	0
NR_043788.1	1530	1	0
NR_043780.1	1420	1	0
NR_043653.1	1436	1	0
NR_043648.1	1486	1	0
NR_043617.1	1462	3	0
NR_043562.1	1491	3	0
NR_043281.1	1522	1	0
NR_043171.1	1421	2	0
NR_043169.1	1485	1	0
NR_043104.1	1416	2	0
NR_043077.1	1493	1	0
NR_043010.1	1482	1	0
NR_042945.1	1485	1	0
NR_042816.1	1499	1	0
NR_042809.1	1488	1	0
NR_042727.1	1440	1	0
NR_042719.1	1465	1	0
NR_041840.1	1440	2	0
NR_041798.1	1466	2	0
NR_037012.2	1503	3	0
NR_037110.1	1502	4	0
NR_037099.1	1458	1	0
NR_036865.1	1481	1	0
NR_036811.1	1376	1	0
NR_029344.1	1470	1	0
NR_029294.1	1549	2	0
NR_029257.1	1470	1	0
NR_028875.1	1532	1	0
NR_028020.1	1391	1	0
NR_028010.1	1482	1	0
NR_027214.1	1468	1	0
NR_025258.1	1516	1	0
NR_025254.1	1533	1	0
NR_024862.1	1521	66	0
NR_026382.1	1417	2	0
NR_026357.1	1541	2	0
NR_026321.1	1401	3	0
NR_026035.1	1461	2	0
NR_025972.1	1456	1	0
NR_025828.1	1466	1	0
NR_159347.1	1486	1	0
NR_159305.1	1363	10	0
NR_159226.1	1359	4	0
NR_159197.1	1524	1	0
NR_159195.1	1501	2	0
NR_159179.1	1512	101	0
NR_159157.1	1531	41	0
NR_159121.1	1423	1	0
NR_158122.1	1482	1	0
NR_157981.1	1448	3	0
NR_157754.1	1381	1	0
NR_157729.1	1509	1	0
NR_157623.1	1417	1	0
NR_156849.1	1404	2	0
NR_156138.1	1475	2	0
NR_156059.1	1510	1	0
NR_156052.1	1336	62	0
NR_153750.1	1461	19	0
NR_152635.1	1484	14	0
NR_152025.1	1493	1	0
NR_152004.1	1526	1	0
NR_151867.1	1445	3	0
NR_075015.2	1553	1	0
NR_044656.2	1498	12	0
NR_102794.2	1543	1694	0
NR_103934.2	1537	3	0
NR_109621.2	1538	1	0
NR_025868.2	1527	1	0
NR_074354.2	1490	5	0
NR_074476.2	1503	3	0
NR_074674.2	1521	21	0
NR_074770.2	1530	2	0
NR_074997.2	1550	1	0
NR_075014.2	1550	1	0
NR_075044.2	1565	1	0
NR_102493.2	1540	117	0
NR_112116.2	1550	1	0
NR_118997.2	1552	1	0
NR_134748.2	1515	1	0
NR_145947.2	1517	1	0
NR_149304.1	1514	5	0
NR_149284.1	1508	1	0
NR_149213.1	1515	1	0
NR_108488.2	1493	1	0
NR_148889.1	1555	1	0
NR_148767.1	1502	7	0
NR_148764.1	1525	1	0
NR_148763.1	1525	1	0
NR_148750.1	1536	1	0
NR_148747.1	1521	156	0
NR_148666.1	1500	4	0
NR_148647.1	1434	1	0
NR_148575.1	1390	171	0
NR_148572.1	1503	141	0
NR_148333.1	1532	1	0
NR_148331.1	1469	14	0
NR_148298.1	1499	5	0
NR_148297.1	1455	1	0
NR_148244.1	1513	1	0
NR_146846.1	1475	12	0
NR_146684.1	1520	1	0
NR_145912.1	1252	3	0
NR_145884.1	1415	1	0
NR_145860.1	1468	1	0
NR_145602.1	1484	2	0
NR_145598.1	1484	1	0
NR_144601.1	1377	1	0
NR_137370.1	1446	1	0
NR_137272.1	1461	2	0
NR_137271.1	1477	1	0
NR_137259.1	1489	1	0
NR_137216.1	1408	1	0
NR_136858.1	1496	1	0
NR_136855.1	1405	2	0
NR_136831.1	1405	6	0
NR_136829.1	1405	8	0
NR_136490.1	1508	4	0
NR_136448.1	1456	157	0
NR_136437.1	1528	162	0
NR_136431.1	1404	35	0
NR_135894.1	1347	7022	0
NR_135877.1	1335	2	0
NR_135866.1	1451	1	0
NR_134807.1	1451	421	0
NR_134793.1	1506	2	0
NR_134738.1	1389	4	0
NR_134191.1	1520	1	0
NR_134161.1	1490	11	0
NR_134120.1	1413	3	0
NR_134041.1	1389	3	0
NR_133997.1	1456	1	0
NR_133904.1	1551	69	0
NR_133903.1	1552	74	0
NR_133865.1	1402	1	0
NR_133858.1	1432	5	0
NR_133799.1	1446	1	0
NR_133766.1	1422	90	0
NR_117138.2	1521	1	0
NR_132718.1	1503	10	0
NR_132692.1	1459	157	0
NR_037064.2	1356	2	0
NR_126319.1	1531	136	0
NR_126318.1	1531	168	0
NR_126317.1	1532	149	0
NR_126305.1	1501	4573	0
NR_126304.1	1501	4561	0
NR_126303.1	1501	7537	0
NR_126291.1	1344	10	0
NR_126208.1	1429	122	0
NR_117738.2	1528	180	0
NR_117737.2	1528	141	0
NR_125711.1	1460	106	0
NR_125687.1	1163	1	0
NR_125682.1	1162	20	0
NR_125649.1	985	21	0
NR_125611.1	1462	2	0
NR_125599.1	460	78	0
NR_125585.1	1162	3	0
NR_125539.1	1428	7	0
NR_125521.1	1458	25	0
NR_125514.1	1491	1	0
NR_125480.1	1465	2	0
NR_122060.1	1541	1	0
NR_122059.1	1541	1	0
NR_122057.1	1544	35	0
NR_122050.1	1541	2	0
NR_121745.1	1485	44	0
NR_121742.1	1542	16	0
NR_121736.1	1491	2	0
NR_121733.1	1525	4	0
NR_121729.1	1503	1	0
NR_121727.1	1538	2	0
NR_121724.1	1545	1	0
NR_121718.1	1529	10	0
NR_121709.1	1541	2	0
NR_121704.1	1524	2	0
NR_121703.1	1542	76	0
NR_121691.1	1541	3	0
NR_119372.1	1484	15	0
NR_119371.1	1471	85	0
NR_119369.1	1485	2	0
NR_119368.1	1497	146	0
NR_119367.1	1497	11	0
NR_119366.1	1481	44	0
NR_119365.1	1498	107	0
NR_119364.1	1496	61	0
NR_119363.1	1484	33	0
NR_119362.1	1495	205	0
NR_119361.1	1497	113	0
NR_119360.1	1416	2	0
NR_119358.1	1416	2	0
NR_119336.1	1449	1	0
NR_119296.1	1410	20	0
NR_119279.1	1452	532	0
NR_119278.1	1452	17	0
NR_119277.1	1452	104	0
NR_119276.1	1452	140	0
NR_119256.1	1499	17	0
NR_119255.1	1239	243	0
NR_119252.1	1470	1	0
NR_119246.1	1600	2	0
NR_119224.1	1334	120	0
NR_119219.1	1502	1	0
NR_119214.1	1401	541	0
NR_119190.1	1538	8	0
NR_119186.1	1092	146	0
NR_119182.1	1435	1	0
NR_119181.1	1460	1	0
NR_119152.1	1498	2	0
NR_119151.1	1497	1	0
NR_119150.1	1497	1	0
NR_119131.1	1200	170	0
NR_119130.1	1475	153	0
NR_119109.1	1443	1	0
NR_119108.1	1539	17	0
NR_119092.1	1460	4	0
NR_119080.1	1459	1	0
NR_119079.1	1458	1	0
NR_119078.1	1260	1	0
NR_119064.1	1486	14	0
NR_119063.1	1485	1	0
NR_119061.1	1466	1	0
NR_119059.1	1464	1	0
NR_119054.1	1488	1	0
NR_119053.1	1457	7	0
NR_119048.1	1457	16	0
NR_119045.1	1460	5	0
NR_119044.1	1460	4	0
NR_119043.1	1460	7	0
NR_119042.1	1460	5	0
NR_119041.1	1460	7	0
NR_119040.1	1460	7	0
NR_119039.1	1460	4	0
NR_119005.1	1480	8	0
NR_118985.1	1435	1	0
NR_118947.1	1503	5	0
NR_118945.1	1503	4	0
NR_118944.1	1503	11	0
NR_118931.1	1482	36	0
NR_118928.1	1481	47	0
NR_118927.1	1482	49	0
NR_118925.1	1472	46	0
NR_118878.1	1390	2	0
NR_118864.1	1467	8	0
NR_118859.1	1457	5	0
NR_118858.1	1458	89	0
NR_118857.1	1457	79	0
NR_118856.1	1458	160	0
NR_118855.1	1457	7	0
NR_118854.1	1456	331	0
NR_118853.1	1502	57	0
NR_118799.1	1472	3	0
NR_118789.1	1406	2	0
NR_118775.1	1511	2	0
NR_118771.1	1527	148	0
NR_118763.1	1471	1	0
NR_118762.1	1483	2	0
NR_118760.1	1477	1	0
NR_118758.1	1487	13	0
NR_118757.1	1477	1	0
NR_118755.1	1476	1	0
NR_118747.1	1482	1	0
NR_118744.1	1479	1	0
NR_118743.1	1476	1	0
NR_118742.1	1479	3	0
NR_118722.1	1465	1	0
NR_118717.1	1474	15	0
NR_118714.1	1473	1	0
NR_118702.1	1466	1	0
NR_118675.1	1453	1	0
NR_118671.1	1481	1	0
NR_118670.1	1481	1	0
NR_118665.1	1465	1	0
NR_118658.1	1495	2	0
NR_118656.1	1476	1	0
NR_118655.1	1485	1	0
NR_118652.1	1462	1	0
NR_118651.1	1477	1	0
NR_118632.1	1541	2	0
NR_118602.1	1373	1	0
NR_118599.1	1467	1	0
NR_118588.1	1459	10	0
NR_118571.1	1450	8	0
NR_118569.1	1368	2	0
NR_118568.1	1369	75	0
NR_118556.1	1376	76	0
NR_118547.1	1287	6	0
NR_118531.1	1494	76	0
NR_118487.1	1294	5	0
NR_118449.1	1438	15	0
NR_118443.1	1291	12	0
NR_118431.1	1493	1168	0
NR_118409.1	1498	19	0
NR_118408.1	1498	89	0
NR_118394.1	1500	102	0
NR_118387.1	1439	39	0
NR_118356.1	1426	1	0
NR_118353.1	1375	1	0
NR_118342.1	1503	3	0
NR_118328.1	1422	7	0
NR_118325.1	1271	30	0
NR_118320.1	1404	1	0
NR_118295.1	1531	92	0
NR_118294.1	1531	22	0
NR_118293.1	1531	3	0
NR_118292.1	1530	16	0
NR_118291.1	1530	10	0
NR_118273.1	1344	39	0
NR_118262.1	1524	1	0
NR_118258.1	1458	2	0
NR_118256.1	1525	20	0
NR_118248.1	1444	1	0
NR_118247.1	1500	1	0
NR_118241.1	1464	1	0
NR_118230.1	1410	1	0
NR_118228.1	1530	13	0
NR_118227.1	1530	13	0
NR_118226.1	1530	7	0
NR_118225.1	1530	18	0
NR_118224.1	1530	11	0
NR_118173.1	1357	1	0
NR_118144.1	1454	1	0
NR_118143.1	1364	4	0
NR_118142.1	1362	6	0
NR_118134.1	1494	141	0
NR_118127.1	1345	368	0
NR_118126.1	1345	117	0
NR_118122.1	1344	64	0
NR_118121.1	1344	409	0
NR_118120.1	1344	366	0
NR_118106.1	1494	9	0
NR_118105.1	1494	15	0
NR_118095.1	1471	1	0
NR_118091.1	1471	3	0
NR_118088.1	1443	18	0
NR_118087.1	1425	9	0
NR_118063.1	1124	1	0
NR_118044.1	1503	2	0
NR_118043.1	1503	7	0
NR_118042.1	1503	5	0
NR_118037.1	1394	1	0
NR_118011.1	1507	89	0
NR_118009.1	1504	3	0
NR_117995.1	1435	2	0
NR_117969.1	1500	3158	0
NR_117945.1	1348	1	0
NR_117898.1	1470	1	0
NR_117893.1	1471	2	0
NR_117889.1	1465	1	0
NR_117887.1	1470	1	0
NR_117828.1	1478	1	0
NR_117820.1	1444	1	0
NR_117793.1	1471	33	0
NR_117789.1	1413	28	0
NR_117784.1	1393	2	0
NR_117769.1	1356	7	0
NR_117763.1	1348	6	0
NR_117753.1	1545	60	0
NR_117752.1	1427	59	0
NR_117751.1	1427	11	0
NR_117750.1	1427	40	0
NR_117713.1	1533	1	0
NR_117704.1	1530	43	0
NR_117698.1	1499	10	0
NR_117691.1	1415	1	0
NR_117686.1	1530	16	0
NR_117685.1	1530	14	0
NR_117684.1	1530	19	0
NR_117683.1	1530	18	0
NR_117682.1	1524	21	0
NR_117679.1	1529	88	0
NR_117677.1	1515	2	0
NR_117648.1	1501	1	0
NR_117634.1	1526	1	0
NR_117624.1	1530	1	0
NR_117623.1	1529	2	0
NR_117622.1	1530	1	0
NR_117621.1	1530	2	0
NR_117620.1	1529	9	0
NR_117604.1	1301	1	0
NR_117591.1	1526	2	0
NR_117586.1	1499	4	0
NR_117585.1	1500	4	0
NR_117575.1	1536	39	0
NR_117574.1	1543	1	0
NR_117566.1	1287	1	0
NR_117540.1	1351	1	0
NR_117526.1	1396	44	0
NR_117512.1	1478	3	0
NR_117508.1	1375	1	0
NR_117495.1	1516	2	0
NR_117477.1	1428	2	0
NR_117457.1	1462	1	0
NR_117429.1	1439	2	0
NR_117424.1	1421	1	0
NR_117405.1	1506	149	0
NR_117379.1	1446	4	0
NR_117374.1	1442	1	0
NR_117353.1	1350	68	0
NR_117305.1	1494	309	0
NR_117303.1	1504	10	0
NR_117269.1	1527	1	0
NR_117239.1	1408	1	0
NR_117201.1	1514	1	0
NR_117198.1	1515	1	0
NR_117173.1	1537	1	0
NR_117156.1	1551	1	0
NR_117152.1	1514	1	0
NR_117117.1	1455	10	0
NR_117108.1	1553	1	0
NR_117077.1	1408	2	0
NR_117068.1	1494	1	0
NR_117065.1	1502	1	0
NR_117061.1	1518	1	0
NR_117000.1	1493	460	0
NR_116947.1	1464	5	0
NR_116945.1	1475	1	0
NR_116905.1	1530	1	0
NR_116898.1	1495	18	0
NR_116880.1	1503	6	0
NR_116808.1	1488	8	0
NR_116801.1	1441	1	0
NR_116800.1	1502	818	0
NR_116799.1	1361	1314	0
NR_116798.1	1505	785	0
NR_116797.1	1506	511	0
NR_116786.1	1484	15	0
NR_116785.1	1466	41	0
NR_116784.1	1460	9	0
NR_116783.1	1484	131	0
NR_116777.1	1401	2	0
NR_116774.1	1533	2	0
NR_116758.1	1387	16	0
NR_116756.1	1387	165	0
NR_116755.1	1361	123	0
NR_116754.1	1387	96	0
NR_116753.1	1361	315	0
NR_116752.1	1362	855	0
NR_116751.1	1387	120	0
NR_116750.1	1387	197	0
NR_116749.1	1387	106	0
NR_116748.1	1376	172	0
NR_116662.1	1398	1	0
NR_116654.1	1461	1	0
NR_116603.1	1436	54	0
NR_116602.1	1421	13	0
NR_116586.1	1503	10	0
NR_116585.1	1503	1	0
NR_116584.1	1503	6	0
NR_116540.1	1387	1	0
NR_116478.1	1464	13	0
NR_116430.1	1285	125	0
NR_116364.1	1497	1	0
NR_116362.1	1462	1	0
NR_116341.1	1223	11	0
NR_116283.1	1494	1784	0
NR_116282.1	1492	1000	0
NR_116257.1	1405	1	0
NR_116247.1	1344	158	0
NR_116246.1	1344	110	0
NR_116245.1	1344	158	0
NR_116244.1	1344	903	0
NR_116220.1	1449	1	0
NR_116185.1	1168	1	0
NR_116177.1	1411	3	0
NR_116172.1	1469	2	0
NR_116168.1	1505	7	0
NR_116167.1	1506	1	0
NR_116157.1	1313	1	0
NR_116151.1	1313	1	0
NR_116126.1	1262	12	0
NR_116125.1	1438	4	0
NR_116124.1	1443	8	0
NR_116115.1	1429	183	0
NR_116114.1	1443	76	0
NR_116113.1	1432	113	0
NR_116112.1	1348	235	0
NR_116111.1	1422	1265	0
NR_116110.1	1494	852	0
NR_116109.1	1494	1167	0
NR_116061.1	1387	2	0
NR_116048.1	1345	5	0
NR_116047.1	1344	12	0
NR_116046.1	1343	3	0
NR_116045.1	1345	97	0
NR_116044.1	1344	7	0
NR_116026.1	1506	5	0
NR_116025.1	1415	2	0
NR_115988.1	1500	12	0
NR_115976.1	1461	11	0
NR_115975.1	1461	51	0
NR_115974.1	1461	58	0
NR_115973.1	1461	10	0
NR_115972.1	1461	10	0
NR_115971.1	1461	139	0
NR_115970.1	1461	129	0
NR_115969.1	1461	18	0
NR_115968.1	1461	120	0
NR_115942.1	1424	25	0
NR_115932.1	1251	771	0
NR_115929.1	1468	1	0
NR_115882.1	1465	208	0
NR_115881.1	1476	215	0
NR_115880.1	1485	16	0
NR_115879.1	1479	211	0
NR_115878.1	1478	19	0
NR_115873.1	1305	1168	0
NR_115869.1	1440	5	0
NR_115862.1	1491	2	0
NR_115802.1	1471	1	0
NR_115750.1	1356	29	0
NR_115724.1	1419	1	0
NR_115723.1	1245	6	0
NR_115722.1	1266	15	0
NR_115630.1	1475	1	0
NR_115618.1	1386	1	0
NR_115615.1	1388	1	0
NR_115610.1	1526	2	0
NR_115606.1	1476	1	0
NR_115592.1	1419	1	0
NR_115573.1	1479	1	0
NR_115572.1	1482	8	0
NR_115491.1	1415	1	0
NR_115351.1	1510	4	0
NR_115304.1	1343	1	0
NR_115290.1	1511	1	0
NR_115288.1	1190	1	0
NR_115265.1	1485	1	0
NR_115241.1	1470	1	0
NR_115217.1	1363	2	0
NR_115215.1	1362	1	0
NR_115214.1	1362	2	0
NR_115212.1	1364	4	0
NR_115192.1	1499	1	0
NR_115190.1	1499	6	0
NR_115185.1	1461	1	0
NR_115173.1	1447	12	0
NR_115091.1	1457	1	0
NR_114995.1	1459	65	0
NR_114982.1	1381	1	0
NR_114964.1	1478	512	0
NR_114923.1	1086	28	0
NR_114921.1	1462	1	0
NR_114883.1	1497	2	0
NR_114867.1	1462	1	0
NR_114851.1	1500	1	0
NR_114812.1	1493	2	0
NR_114810.1	1521	1	0
NR_114764.1	1466	4	0
NR_114758.1	1617	4	0
NR_114750.1	1362	4	0
NR_114737.1	1511	81	0
NR_114736.1	1516	58	0
NR_114735.1	1512	138	0
NR_114716.1	1509	8	0
NR_114715.1	1492	15	0
NR_114714.1	1499	72	0
NR_114712.1	1446	1	0
NR_114711.1	1477	167	0
NR_114706.1	1531	74	0
NR_114705.1	1502	57	0
NR_114704.1	1498	1	0
NR_114701.1	1444	16	0
NR_114680.1	1451	8	0
NR_114672.1	1411	1	0
NR_114630.1	1514	4	0
NR_114589.1	1437	70	0
NR_114588.1	1498	3	0
NR_114582.1	1482	1	0
NR_114579.1	1464	1	0
NR_114578.1	1464	1	0
NR_114577.1	1457	6	0
NR_114576.1	1461	54	0
NR_114575.1	1464	41	0
NR_114558.1	1461	1	0
NR_114555.1	1462	2	0
NR_114550.1	1531	2	0
NR_114540.1	1422	1	0
NR_114520.1	1480	327	0
NR_114515.1	1454	1	0
NR_114507.1	1436	31	0
NR_114506.1	1436	18	0
NR_114505.1	1271	88	0
NR_114503.1	1436	61	0
NR_114502.1	1436	70	0
NR_114495.1	1511	1	0
NR_114479.1	1492	1	0
NR_114477.1	1457	1	0
NR_114474.1	1458	1	0
NR_114473.1	1458	1	0
NR_114470.1	1418	18	0
NR_114448.1	1504	1	0
NR_114419.1	1497	15	0
NR_114404.1	1480	1	0
NR_114345.1	1324	56	0
NR_114340.1	1413	1	0
NR_114332.1	1470	1	0
NR_114297.1	1412	1	0
NR_114292.1	1414	3	0
NR_114286.1	1467	9	0
NR_114281.1	1468	1	0
NR_114279.1	1459	1	0
NR_114272.1	1441	1	0
NR_114245.1	1420	3	0
NR_114235.1	1467	22	0
NR_114232.1	1467	5	0
NR_114225.1	1462	1	0
NR_114224.1	1462	2	0
NR_114218.1	1478	12	0
NR_114216.1	1464	1	0
NR_114211.1	1448	1	0
NR_114207.1	1478	1	0
NR_114198.1	1414	1	0
NR_114192.1	1462	1	0
NR_114162.1	1466	1	0
NR_114159.1	1466	27	0
NR_114158.1	1467	17	0
NR_114156.1	1466	14	0
NR_114155.1	1467	19	0
NR_114154.1	1465	163	0
NR_114153.1	1465	105	0
NR_114152.1	1465	98	0
NR_114147.1	1477	1	0
NR_114144.1	1414	1	0
NR_114138.1	1414	3	0
NR_114124.1	1410	1	0
NR_114122.1	1410	1	0
NR_114111.1	1466	208	0
NR_114108.1	1465	138	0
NR_114107.1	1465	60	0
NR_114080.1	1465	100	0
NR_114079.1	1467	14	0
NR_114078.1	1469	75	0
NR_114077.1	1467	13	0
NR_114073.1	1465	10	0
NR_114071.1	1458	1	0
NR_114044.1	1478	10	0
NR_114043.1	1467	20	0
NR_114042.1	1467	21	0
NR_114023.1	1468	1	0
NR_114022.1	1468	1	0
NR_113994.1	1475	1	0
NR_113978.1	1432	1	0
NR_113957.1	1476	1	0
NR_113945.1	1474	1	0
NR_113941.1	1412	1	0
NR_113897.1	1414	2	0
NR_113878.1	1414	2	0
NR_113875.1	1460	1	0
NR_113866.1	1449	3	0
NR_113856.1	1462	1	0
NR_113855.1	1462	2	0
NR_113849.1	1414	3	0
NR_113838.1	1410	2	0
NR_113798.1	1481	13	0
NR_113790.1	1466	1	0
NR_113787.1	1478	2	0
NR_113784.1	1477	1	0
NR_113782.1	1478	1	0
NR_113781.1	1478	1	0
NR_113775.1	1496	149	0
NR_113755.1	1462	1	0
NR_113741.1	1409	9	0
NR_113737.1	1414	1	0
NR_113729.1	1416	2	0
NR_113727.1	1414	1	0
NR_113703.1	1467	65	0
NR_113702.1	1465	19	0
NR_113701.1	1465	511	0
NR_113668.1	1410	1	0
NR_113666.1	1487	1	0
NR_113637.1	1412	1	0
NR_113635.1	1470	5	0
NR_113616.1	1468	63	0
NR_113615.1	1465	74	0
NR_113614.1	1465	83	0
NR_113610.1	1478	2	0
NR_113598.1	1465	317	0
NR_113596.1	1467	47	0
NR_113591.1	1410	1	0
NR_113580.1	1468	21	0
NR_113579.1	1475	1	0
NR_113565.1	1489	1	0
NR_113555.1	1412	1	0
NR_113404.1	1516	3	0
NR_113403.1	1516	2	0
NR_113402.1	1524	2	0
NR_113390.1	1507	2	0
NR_113386.1	1477	1	0
NR_113385.1	1347	8	0
NR_113347.1	1464	24	0
NR_113344.1	1465	24	0
NR_113342.1	1467	1	0
NR_113341.1	1462	25	0
NR_113340.1	1464	70	0
NR_113322.1	1462	13	0
NR_113321.1	1468	37	0
NR_113261.1	1486	1	0
NR_113258.1	1499	2154	0
NR_113240.1	1462	19	0
NR_113236.1	1464	16	0
NR_113232.1	1469	1	0
NR_113196.1	1529	1	0
NR_113189.1	1470	1	0
NR_113152.1	1488	1	0
NR_113125.1	1486	1	0
NR_113094.1	1494	1	0
NR_113058.1	1522	1	0
NR_113028.1	1486	11	0
NR_113019.1	1447	1	0
NR_112986.1	1434	70	0
NR_112985.1	1473	513	0
NR_112959.1	1437	1	0
NR_112954.1	1471	1	0
NR_112952.1	1409	1	0
NR_112838.1	1415	5	0
NR_112837.1	1414	5	0
NR_112737.1	1471	1	0
NR_112732.1	1464	1	0
NR_112701.1	1470	2	0
NR_112698.1	1477	1	0
NR_112697.1	1477	1	0
NR_112685.1	1475	1	0
NR_112671.1	1413	1	0
NR_112665.1	1473	1	0
NR_112664.1	1442	1	0
NR_112629.1	1475	1	0
NR_112619.1	1447	1	0
NR_112558.1	1110	18	0
NR_112557.1	1110	13	0
NR_112556.1	1110	6	0
NR_112555.1	1110	49	0
NR_112554.1	1110	308	0
NR_112506.1	1451	1	0
NR_112439.1	1476	1	0
NR_112370.1	1476	1	0
NR_112235.1	1433	1	0
NR_112220.1	1433	1	0
NR_112218.1	1446	5	0
NR_112201.1	1489	1	0
NR_112191.1	1436	17	0
NR_112190.1	1480	1	0
NR_112185.1	1485	1	0
NR_112179.1	1148	6	0
NR_112175.1	1145	68	0
NR_112136.1	1439	1	0
NR_112132.1	1468	1	0
NR_112127.1	1369	9	0
NR_112126.1	1357	5	0
NR_112125.1	1354	8	0
NR_112124.1	1354	6	0
NR_112123.1	1361	232	0
NR_112110.1	1432	18	0
NR_112108.1	1443	64	0
NR_112102.1	1466	1	0
NR_112090.1	1446	1	0
NR_112087.1	1454	117	0
NR_112076.1	1504	1	0
NR_112070.1	1505	1	0
NR_112017.1	1461	1	0
NR_112011.1	1451	11	0
NR_112010.1	1441	47	0
NR_112009.1	1449	16	0
NR_112007.1	1438	167	0
NR_112006.1	1449	26	0
NR_112005.1	1449	24	0
NR_111998.1	1449	135	0
NR_108442.1	1336	1	0
NR_044670.2	1467	1	0
NR_044712.2	1475	2	0
NR_044825.2	1482	49	0
NR_044659.2	1526	8	0
NR_044664.2	1462	1	0
NR_044752.2	1476	4	0
NR_109740.1	1435	1	0
NR_109681.1	1464	2	0
NR_109674.1	1429	12	0
NR_109658.1	1372	1	0
NR_109655.1	1455	2	0
NR_109616.1	1468	1	0
NR_109614.1	1531	2	0
NR_109586.1	1484	2	0
NR_109535.1	1430	1	0
NR_109521.1	1454	1	0
NR_109490.1	1407	82	0
NR_109484.1	1441	1	0
NR_109420.1	1422	7	0
NR_109415.1	1512	1	0
NR_109407.1	1403	1	0
NR_109327.1	1471	5	0
NR_109312.1	1432	17	0
NR_109179.1	1449	1	0
NR_109060.1	1471	1	0
NR_108991.1	1405	25	0
NR_108902.1	1401	2	0
NR_108899.1	1500	2	0
NR_108873.1	1463	6	0
NR_108872.1	1322	6	0
NR_108869.1	1443	1	0
NR_108866.1	1412	1	0
NR_108848.1	1494	60	0
NR_108841.1	1454	1	0
NR_108829.1	1516	1	0
NR_108732.1	1470	1	0
NR_108709.1	1406	1	0
NR_108634.1	1488	1	0
NR_108559.1	1430	2	0
NR_108532.1	1437	1	0
NR_108528.1	1362	1	0
NR_108526.1	1448	3	0
NR_108515.1	1441	5	0
NR_108497.1	1460	1	0
NR_108494.1	1517	1	0
NR_108493.1	1487	3	0
NR_108484.1	1529	3	0
NR_108459.1	1477	1	0
NR_108457.1	1410	3	0
NR_108437.1	1419	1	0
NR_108386.1	1442	1	0
NR_108325.1	1408	1	0
NR_108320.1	1506	1	0
NR_108295.1	1395	1	0
NR_108220.1	1375	2	0
NR_108219.1	1365	2	0
NR_108192.1	1489	5	0
NR_108187.1	1405	13	0
NR_108136.1	1422	1	0
NR_108134.1	1421	1	0
NR_108121.1	1535	60	0
NR_108119.1	1415	1	0
NR_104989.1	1466	1	0
NR_104980.1	1418	57	0
NR_104962.1	1432	245	0
NR_104961.1	1437	1	0
NR_104960.1	1483	3	0
NR_104948.1	1413	1	0
NR_104943.1	1440	164	0
NR_104940.1	1478	160	0
NR_104939.1	1532	299	0
NR_104935.1	1534	5	0
NR_104934.1	1527	126	0
NR_104933.1	1527	267	0
NR_104932.1	1529	1283	0
NR_104928.1	1524	209	0
NR_104925.1	1534	6	0
NR_104924.1	1494	74	0
NR_104914.1	1472	260	0
NR_104903.1	1480	22	0
NR_104902.1	1461	9	0
NR_104864.1	1527	1	0
NR_104861.1	1562	1	0
NR_104860.1	1500	4	0
NR_104826.1	1530	28	0
NR_104824.1	1494	5	0
NR_104823.1	1504	14	0
NR_104822.1	1491	5	0
NR_104806.1	1551	1	0
NR_104789.1	1518	1	0
NR_104770.1	1530	1	0
NR_104767.1	1510	34	0
NR_104765.1	1512	2	0
NR_104763.1	1480	3	0
NR_104760.1	1532	1	0
NR_104752.1	1516	1	0
NR_104747.1	1474	1	0
NR_104743.1	1499	1	0
NR_104742.1	1469	9	0
NR_104724.1	1461	448	0
NR_104714.1	1467	1	0
NR_104709.1	1467	11	0
NR_104574.1	1506	1	0
NR_104569.1	1494	89	0
NR_104568.1	1473	28	0
NR_104542.1	1404	1	0
NR_104527.1	1475	1	0
NR_104525.1	1461	1	0
NR_104517.1	1486	1	0
NR_104491.1	1385	1	0
NR_104279.1	1484	1	0
NR_104278.1	1484	1	0
NR_044729.2	1488	257	0
NR_044713.2	1478	41	0
NR_044710.2	1501	20	0
NR_044706.2	1502	1	0
NR_044648.2	1485	6	0
NR_044644.2	1469	2	0
NR_104207.1	1473	11	0
NR_104206.1	1414	1	0
NR_102954.1	1519	3	0
NR_102893.1	1537	1	0
NR_102854.1	1526	1	0
NR_102822.1	1531	2	0
NR_102802.1	1543	438	0
NR_102469.1	1488	1	0
NR_102465.1	1480	1	0
NR_102464.1	1480	62	0
NR_102447.1	1476	1	0
NR_102443.1	1474	1	0
NR_102439.1	1507	157	0
NR_074189.1	1469	1	0
NR_074188.1	1469	1	0
NR_074143.1	1452	1	0
NR_074129.1	1447	1	0
NR_074121.1	1439	1	0
NR_074118.1	1437	2	0
NR_074106.1	1493	2	0
NR_075021.1	1562	1	0
NR_075019.1	1561	1	0
NR_074955.1	1549	2	0
NR_074952.1	1548	1	0
NR_074945.1	1548	2	0
NR_074936.1	1547	2	0
NR_074930.1	1546	1	0
NR_074917.1	1544	1	0
NR_074915.1	1544	2	0
NR_074908.1	1544	2698	0
NR_074906.1	1543	1	0
NR_074902.1	1542	436	0
NR_074888.1	1542	205	0
NR_074886.1	1541	1	0
NR_074885.1	1541	1	0
NR_074851.1	1538	1	0
NR_074841.1	1537	8	0
NR_074830.1	1536	3	0
NR_074823.1	1535	2	0
NR_074819.1	1535	1	0
NR_074805.1	1534	5	0
NR_074782.1	1533	4	0
NR_074734.1	1529	9	0
NR_074696.1	1527	1	0
NR_074680.1	1525	1	0
NR_074670.1	1524	208	0
NR_074653.1	1523	1	0
NR_074624.1	1520	1	0
NR_074587.1	1517	49	0
NR_074542.1	1512	1	0
NR_074534.1	1512	150	0
NR_074521.1	1510	165	0
NR_074520.1	1510	1	0
NR_074501.1	1509	3	0
NR_074457.1	1507	1	0
NR_074443.1	1506	1	0
NR_074436.1	1505	4	0
NR_074390.1	1498	11	0
NR_074383.1	1498	2	0
NR_074379.1	1497	4	0
NR_074347.1	1493	1	0
NR_074345.1	1493	3	0
NR_074338.1	1493	2	0
NR_074337.1	1492	1	0
NR_074314.1	1489	357	0
NR_074309.1	1489	3	0
NR_074297.1	1488	144	0
NR_074282.1	1485	45	0
NR_074266.1	1480	1	0
NR_074261.1	1479	6	0
NR_074244.1	1476	2	0
NR_074208.1	1472	6	0
NR_074203.1	1472	1	0
NR_044980.1	1485	101	0
NR_044978.1	1495	92	0
NR_044977.1	1495	146	0
NR_044976.1	1498	32	0
NR_044975.1	1417	1	0
NR_044974.1	1492	2	0
NR_044973.1	1445	1	0
NR_044947.1	1410	1	0
NR_044924.1	1536	13	0
NR_044911.1	1441	1	0
NR_044902.1	1443	1	0
NR_044901.1	1467	1	0
NR_044846.1	1490	1	0
NR_044845.1	1532	6	0
NR_044844.1	1478	7	0
NR_044838.1	1454	91	0
NR_044827.1	1499	18	0
NR_044808.1	1462	1	0
NR_044800.1	1456	170	0
NR_044799.1	1502	60	0
NR_044784.1	1411	1	0
NR_044762.1	1433	1	0
NR_044749.1	1479	7	0
NR_044744.1	1425	3	0
NR_044743.1	1471	1	0
NR_044742.1	1425	7	0
NR_044698.1	1467	1	0
NR_044646.1	1469	89	0
NR_044612.1	1490	1	0
NR_044469.1	1354	1	0
NR_044414.1	1342	3	0
NR_044386.1	1505	1	0
NR_044385.1	1500	27	0
NR_044373.1	1368	15	0
NR_044372.1	1448	15	0
NR_044371.1	1437	16	0
NR_044370.1	1414	4	0
NR_044275.1	1429	1	0
NR_044273.1	1502	1	0
NR_044267.1	1418	1	0
NR_044211.1	1432	1	0
NR_044191.1	1421	7	0
NR_044152.1	1461	10	0
NR_044101.1	1400	93	0
NR_044062.1	1361	48	0
NR_044060.1	1417	19	0
NR_044059.1	1425	19	0
NR_044058.1	1417	42	0
NR_044057.1	1380	33	0
NR_043998.1	1383	1	0
NR_043997.1	1503	28	0
NR_043980.1	1351	1201	0
NR_043898.1	1425	1	0
NR_043880.1	1409	1	0
NR_043751.1	1356	29	0
NR_043679.1	1325	33	0
NR_043663.1	1500	6	0
NR_043662.1	1500	9	0
NR_043656.1	1540	1	0
NR_043515.1	1386	34	0
NR_043479.1	1550	1	0
NR_043468.1	1461	1	0
NR_043465.1	1423	1	0
NR_043430.1	1474	1	0
NR_043427.1	1359	1	0
NR_043425.1	1527	2	0
NR_043423.1	1526	1	0
NR_043413.1	1367	1	0
NR_043403.1	1486	1	0
NR_043384.1	1515	172	0
NR_043324.1	1510	2	0
NR_043007.1	1477	9	0
NR_042938.1	1365	6	0
NR_042890.1	1362	1	0
NR_042879.1	1362	1	0
NR_042878.1	1362	7	0
NR_042876.1	1362	4	0
NR_042868.1	1364	7	0
NR_042802.1	1550	1	0
NR_042764.1	1439	1	0
NR_042748.1	1436	86	0
NR_042709.1	1502	1	0
NR_042706.1	1430	1	0
NR_042690.1	1369	4	0
NR_042688.1	1516	1	0
NR_042681.1	1481	5	0
NR_042662.1	1425	167	0
NR_042654.1	1399	1	0
NR_042650.1	1418	24	0
NR_042623.1	1492	1	0
NR_042613.1	1371	1	0
NR_042612.1	1481	1	0
NR_042560.1	1371	1	0
NR_042556.1	1508	1	0
NR_042554.1	1420	1	0
NR_042542.1	1459	1	0
NR_042541.1	1492	1	0
NR_042518.1	1350	6	0
NR_042500.1	1332	25	0
NR_042493.1	1410	1	0
NR_042485.1	1488	4	0
NR_042466.1	1446	179	0
NR_042465.1	1426	165	0
NR_042425.1	1514	1	0
NR_042422.1	1502	1250	0
NR_042415.1	1517	3	0
NR_042413.1	1497	30	0
NR_042412.1	1518	220	0
NR_042411.1	1516	237	0
NR_042395.1	1481	2	0
NR_042372.1	1451	1	0
NR_042356.1	1479	38	0
NR_042349.1	1513	78	0
NR_042343.1	1505	1	0
NR_042341.1	1529	2	0
NR_042238.1	1419	133	0
NR_042191.1	1459	1	0
NR_042181.1	1428	1	0
NR_042173.1	1486	5	0
NR_042155.1	1498	7	0
NR_042147.1	1492	3	0
NR_042087.1	1561	1	0
NR_042072.1	1515	1	0
NR_042065.1	1536	2	0
NR_042062.1	1428	38	0
NR_042042.1	1512	1	0
NR_042021.1	1523	1	0
NR_042014.1	1509	1	0
NR_042002.1	1510	1	0
NR_041997.1	1377	4	0
NR_041979.1	1495	17	0
NR_041978.1	1473	184	0
NR_041977.1	1491	13	0
NR_041976.1	1497	101	0
NR_041975.1	1509	71	0
NR_041974.1	1504	46	0
NR_041973.1	1495	136	0
NR_041972.1	1496	129	0
NR_041971.1	1497	9	0
NR_041970.1	1497	135	0
NR_041969.1	1496	62	0
NR_041964.1	1435	1	0
NR_041953.1	1492	2	0
NR_041935.1	1409	1	0
NR_041924.1	1434	4	0
NR_041923.1	1422	3	0
NR_041922.1	1427	176	0
NR_041921.1	1413	104	0
NR_041873.1	1494	1	0
NR_041864.1	1492	1	0
NR_041852.1	1505	1	0
NR_041851.1	1523	23	0
NR_041838.1	1514	2	0
NR_041833.1	1461	10	0
NR_041832.1	1461	61	0
NR_041831.1	1461	16	0
NR_041823.1	1509	1	0
NR_041786.1	1509	20	0
NR_041780.1	1439	1	0
NR_041750.1	1436	157	0
NR_041749.1	1436	55	0
NR_041735.1	1413	1	0
NR_041732.1	1507	1	0
NR_041696.1	1491	9	0
NR_041678.1	1505	1	0
NR_041653.1	1463	1	0
NR_041647.1	1471	1	0
NR_041646.1	1471	1	0
NR_041634.1	1474	3	0
NR_041612.1	1470	2	0
NR_041599.1	1453	1	0
NR_041592.1	1438	1	0
NR_041568.1	1426	4	0
NR_041551.1	1470	1	0
NR_041527.1	1490	34	0
NR_041515.1	1506	1	0
NR_041435.1	1458	1	0
NR_041428.1	1472	1	0
NR_041386.1	1456	1	0
NR_041317.1	1490	4	0
NR_041259.1	1460	4	0
NR_041239.1	1415	1	0
NR_041174.1	1475	1	0
NR_041075.1	1453	2	0
NR_041060.1	1480	1	0
NR_041044.1	1464	1	0
NR_040961.1	1540	3	0
NR_040936.1	1482	1	0
NR_040930.1	1399	107	0
NR_040928.1	1480	3	0
NR_040927.1	1449	2	0
NR_040874.1	1520	1	0
NR_040863.1	1459	3	0
NR_040847.1	1486	7	0
NR_040845.1	1515	2	0
NR_040843.1	1357	1	0
NR_040829.1	1467	6	0
NR_040825.1	1476	1	0
NR_040816.1	1477	1831	0
NR_040813.1	1479	12	0
NR_040812.1	1480	19	0
NR_040809.1	1478	29	0
NR_040807.1	1438	1	0
NR_040804.1	1517	1	0
NR_040798.1	1513	1	0
NR_040795.1	1485	1	0
NR_040782.1	1465	1	0
NR_044741.1	1498	5	0
NR_044640.1	1544	1	0
NR_044600.1	1442	1	0
NR_044396.1	1475	13	0
NR_044304.1	1438	16	0
NR_044259.1	1413	1	0
NR_044248.1	1359	155	0
NR_044203.1	1425	2	0
NR_044076.1	1493	17	0
NR_043906.1	1480	3	0
NR_043885.1	1506	3	0
NR_043883.1	1347	137	0
NR_043716.1	1482	4	0
NR_043709.1	1504	2	0
NR_043652.1	1447	6	0
NR_043642.1	1487	1	0
NR_043638.1	1542	2	0
NR_043314.1	1524	2	0
NR_043165.1	1436	2	0
NR_042893.1	1441	26	0
NR_042811.1	1511	8	0
NR_042779.1	1433	1	0
NR_042729.1	1489	1	0
NR_041927.1	1468	90	0
NR_041814.1	1500	3	0
NR_037014.2	1503	7	0
NR_037013.2	1503	6	0
NR_036911.2	1503	4	0
NR_026089.2	1503	7	0
NR_025945.2	1503	6	0
NR_037134.1	1527	1	0
NR_037112.1	1508	54	0
NR_037111.1	1502	17	0
NR_037102.1	1529	6	0
NR_037094.1	1507	1	0
NR_037087.1	1490	1	0
NR_037085.1	1454	74	0
NR_037067.1	1546	9	0
NR_037011.1	1502	4	0
NR_037010.1	1491	2	0
NR_036974.1	1462	1	0
NR_036970.1	1503	1	0
NR_036959.1	1475	1	0
NR_036956.1	1544	1	0
NR_036924.1	1529	3538	0
NR_036919.1	1497	87	0
NR_036886.1	1532	23	0
NR_036883.1	1429	1	0
NR_036877.1	1443	1	0
NR_036874.1	1487	1	0
NR_036850.1	1489	1	0
NR_036836.1	1439	3	0
NR_036794.1	1534	20	0
NR_036790.1	1537	9	0
NR_036784.1	1526	1	0
NR_036779.1	1448	2	0
NR_029353.1	1509	1	0
NR_029342.1	1519	77	0
NR_029334.1	1451	1	0
NR_029331.1	1500	1	0
NR_029317.1	1513	1	0
NR_029295.1	1548	1	0
NR_029276.1	1435	1	0
NR_029263.1	1385	1	0
NR_029252.1	1460	5	0
NR_029244.1	1454	1	0
NR_029236.1	1525	1	0
NR_029223.1	1439	1	0
NR_029212.1	1522	1	0
NR_029205.1	1521	1	0
NR_029189.1	1410	1	0
NR_029183.1	1499	1	0
NR_029171.1	1484	1	0
NR_029164.1	1475	5	0
NR_029162.1	1498	2	0
NR_029125.1	1407	2	0
NR_029123.1	1417	1	0
NR_029117.1	1422	1	0
NR_029111.1	1462	2	0
NR_029104.1	1483	1	0
NR_029100.1	1538	22	0
NR_029072.1	1485	2	0
NR_029069.1	1532	1	0
NR_029063.1	1531	2	0
NR_029062.1	1479	5	0
NR_029050.1	1408	1	0
NR_029046.1	1418	24	0
NR_029041.1	1497	112	0
NR_029036.1	1498	1	0
NR_029019.1	1438	1	0
NR_029012.1	1516	29	0
NR_029006.1	1541	1	0
NR_028993.1	1451	16	0
NR_028985.1	1494	1	0
NR_028984.1	1485	3	0
NR_028959.1	1370	14	0
NR_028954.1	1465	1	0
NR_028953.1	1450	4	0
NR_028946.1	1542	11	0
NR_028941.1	1475	1	0
NR_028912.1	1511	77	0
NR_028897.1	1519	141	0
NR_028893.1	1507	91	0
NR_028881.1	1521	1	0
NR_028865.1	1507	1	0
NR_028857.1	1482	2	0
NR_028847.1	1493	3	0
NR_028836.1	1509	1	0
NR_028817.1	1551	1	0
NR_028816.1	1508	2	0
NR_028809.1	1450	1	0
NR_028803.1	1459	144	0
NR_028802.1	1453	143	0
NR_028801.1	1509	2	0
NR_028788.1	1437	6	0
NR_028786.1	1503	11	0
NR_028783.1	1282	2	0
NR_028757.1	1461	2	0
NR_028744.1	1436	2	0
NR_028736.1	1544	1	0
NR_028721.1	1517	1	0
NR_028702.1	1400	2	0
NR_028700.1	1497	1	0
NR_028688.1	1530	82	0
NR_028687.1	1530	105	0
NR_028686.1	1522	16	0
NR_028685.1	1496	14	0
NR_028683.1	1468	32	0
NR_028662.1	1504	1	0
NR_028647.1	1481	1	0
NR_028641.1	1485	1	0
NR_028631.1	1400	1	0
NR_028619.1	1528	1	0
NR_028015.1	1382	2	0
NR_028009.1	1475	15	0
NR_027564.1	1469	1	0
NR_027218.1	1454	1	0
NR_027216.1	1484	1	0
NR_027198.1	1484	1	0
NR_025620.1	1498	1	0
NR_025618.1	1498	1	0
NR_025605.1	1421	1	0
NR_025592.1	1432	4	0
NR_025585.1	1452	3	0
NR_025578.1	1497	1	0
NR_025570.1	1489	1	0
NR_025566.1	1362	29	0
NR_025564.1	1449	2	0
NR_025549.1	1494	2	0
NR_025548.1	1490	1	0
NR_025544.1	1407	1	0
NR_025543.1	1460	1	0
NR_025540.1	1482	1	0
NR_025527.1	1456	1	0
NR_025497.1	1464	23	0
NR_025491.1	1468	2	0
NR_025487.1	1362	1	0
NR_025486.1	1493	1	0
NR_025483.1	1356	1	0
NR_025478.1	1435	2	0
NR_025466.1	1482	1	0
NR_025464.1	1484	1	0
NR_025456.1	1424	3	0
NR_025450.1	1531	1	0
NR_025443.1	1495	1	0
NR_025419.1	1486	1	0
NR_025412.1	1466	4	0
NR_025385.1	1449	1	0
NR_025381.1	1502	1	0
NR_025350.1	1508	1	0
NR_025341.1	1502	41	0
NR_025340.1	1495	69	0
NR_025339.1	1490	22	0
NR_025338.1	1516	27	0
NR_025335.1	1485	45	0
NR_025334.1	1490	68	0
NR_025331.1	1498	79	0
NR_025330.1	1495	52	0
NR_025329.1	1504	35	0
NR_025328.1	1505	43	0
NR_025327.1	1504	183	0
NR_025324.1	1442	1	0
NR_025317.1	1407	4	0
NR_025316.1	1488	10	0
NR_025315.1	1391	13	0
NR_025295.1	1505	2	0
NR_025272.1	1440	1	0
NR_025269.1	1394	1	0
NR_025247.1	1507	1	0
NR_025230.1	1411	1	0
NR_025217.1	1455	2	0
NR_025203.1	1393	1	0
NR_025197.1	1465	1	0
NR_025173.1	1384	1	0
NR_025161.1	1461	17	0
NR_025160.1	1461	5	0
NR_025159.1	1461	9	0
NR_025158.1	1461	7	0
NR_025156.1	1526	1	0
NR_025146.1	1497	2	0
NR_025123.1	1459	1	0
NR_025120.1	1443	1	0
NR_025102.1	1501	1	0
NR_025092.1	1347	1	0
NR_025088.1	1472	1	0
NR_025071.1	1460	2	0
NR_025069.1	1429	1	0
NR_025037.1	1529	3	0
NR_025012.1	1462	4	0
NR_025001.1	1431	7	0
NR_024998.1	1441	1	0
NR_024997.1	1442	1	0
NR_024964.1	1499	1	0
NR_024949.1	1486	1	0
NR_024927.1	1516	2	0
NR_024910.1	1517	2	0
NR_024902.1	1518	2	0
NR_024899.1	1504	4	0
NR_024898.1	1504	3	0
NR_024883.1	1414	203	0
NR_024861.1	1511	10	0
NR_024848.1	1494	36	0
NR_024802.1	1406	2	0
NR_024781.1	1508	1	0
NR_024768.1	1466	16	0
NR_024757.1	1417	1	0
NR_024738.1	1411	1	0
NR_024707.1	1502	1	0
NR_024704.1	1511	1	0
NR_024702.1	1508	1	0
NR_024689.1	1515	1	0
NR_024687.1	1475	1	0
NR_024686.1	1476	1	0
NR_024680.1	1494	1	0
NR_024656.1	1429	1	0
NR_024652.1	1458	1	0
NR_024646.1	1466	7	0
NR_024644.1	1442	14	0
NR_024643.1	1438	80	0
NR_024642.1	1449	96	0
NR_024640.1	1422	160	0
NR_024632.1	1428	11	0
NR_026507.1	1497	2	0
NR_026487.1	1473	1	0
NR_026478.1	1490	1	0
NR_026466.1	1393	1	0
NR_026465.1	1395	2	0
NR_026450.1	1539	1	0
NR_026439.1	1472	1	0
NR_026429.1	1438	1	0
NR_026395.1	1529	1	0
NR_026393.1	1505	1	0
NR_026338.1	1461	1	0
NR_026332.1	1487	10	0
NR_026331.1	1488	16	0
NR_026313.1	1487	1	0
NR_026283.1	1416	1	0
NR_026259.1	1476	1	0
NR_026235.1	1486	1	0
NR_026206.1	1459	1	0
NR_026201.1	1519	1	0
NR_026198.1	1482	1	0
NR_026132.1	1483	2	0
NR_026128.1	1465	3	0
NR_026118.1	1476	1	0
NR_026078.1	1537	1	0
NR_026069.1	1482	1	0
NR_026049.1	1456	123	0
NR_026048.1	1456	10	0
NR_026046.1	1458	13	0
NR_026045.1	1455	241	0
NR_026033.1	1451	2	0
NR_026030.1	1466	3	0
NR_025983.1	1519	4	0
NR_025970.1	1559	1	0
NR_025967.1	1491	9	0
NR_025940.1	1485	1	0
NR_025934.1	1470	1	0
NR_025932.1	1512	1	0
NR_025896.1	1467	1	0
NR_025889.1	1466	2	0
NR_025888.1	1548	1	0
NR_025881.1	1527	2	0
NR_025875.1	1476	1	0
NR_025861.1	1368	8	0
NR_025807.1	1506	6	0
NR_025794.1	1499	3	0
NR_025784.1	1446	1	0
NR_025775.1	1531	2	0
NR_025764.1	1482	1	0
NR_025763.1	1482	2	0
NR_025742.1	1514	3	0
NR_025736.1	1375	1	0
NR_025672.1	1523	2	0
NR_025667.1	1382	1	0
NR_025645.1	1508	4	0
NR_025642.1	1558	116	0
NR_025635.1	1412	10	0
NR_029226.2	1501	4	0
NR_041722.2	1556	1	0
NR_146849.1	1254	44	0
NR_122058.1	1502	3	0
NR_028903.2	1510	4	0
NR_042178.1	1411	1	0
NR_042154.1	1365	88	0
NR_042143.1	1518	1	0
NR_042123.1	1419	1	0
NR_042107.1	1487	1	0
NR_042081.1	1468	5	0
NR_042053.1	1507	233	0
NR_042049.1	1463	2	0
NR_041980.1	1505	16	0
NR_041968.1	1504	46	0
NR_041829.1	1498	1	0
NR_041809.1	1364	1	0
NR_041794.1	1434	2	0
NR_041765.1	1509	27	0
NR_041751.1	1487	1	0
NR_041705.1	1431	1	0
NR_041702.1	1528	1	0
NR_041640.1	1540	704	0
NR_041633.1	1439	3	0
NR_041620.1	1480	1	0
NR_041547.1	1450	96	0
NR_041535.1	1396	1	0
NR_041312.1	1494	1	0
NR_041254.1	1528	4	0
NR_041236.1	1438	1	0
NR_041023.1	1409	18	0
NR_040784.1	1461	1	0
NR_041920.1	1572	1	0
NR_036982.1	1539	1	0
NR_036891.1	1501	1	0
NR_036888.1	1536	1	0
NR_036866.1	1506	2	0
NR_029362.1	1521	1	0
NR_029340.1	1494	1	0
NR_029227.1	1468	1	0
NR_029225.1	1528	227	0
NR_029222.1	1484	2	0
NR_029186.1	1438	1	0
NR_029088.1	1472	2	0
NR_028979.1	1470	4	0
NR_028969.1	1504	2	0
NR_028938.1	1502	40	0
NR_028892.1	1470	146	0
NR_028891.1	1447	173	0
NR_028830.1	1523	32	0
NR_028814.1	1552	1	0
NR_028793.1	1452	2	0
NR_028682.1	1538	2	0
NR_028677.1	1459	32	0
NR_028672.1	1447	2	0
NR_028640.1	1436	1	0
NR_028639.1	1493	50	0
NR_028011.1	1440	1	0
NR_027587.1	1488	1	0
NR_027583.1	1469	1	0
NR_027553.1	1294	1	0
NR_027549.1	1473	24	0
NR_027547.1	1549	1	0
NR_027546.1	1461	112	0
NR_027545.1	1461	111	0
NR_027544.1	1461	7	0
NR_027543.1	1461	137	0
NR_027540.1	1484	26	0
NR_027539.1	1435	1	0
NR_027529.1	1446	2	0
NR_027212.1	1498	1	0
NR_025610.1	1448	2	0
NR_025569.1	1494	27	0
NR_025533.1	1470	1	0
NR_025342.1	1480	1836	0
NR_025337.1	1473	5	0
NR_025333.1	1482	27	0
NR_025332.1	1481	228	0
NR_025194.1	1438	3	0
NR_025243.1	1403	172	0
NR_025125.1	1514	4	0
NR_024996.1	1436	514	0
NR_024965.1	1510	1	0
NR_024820.1	1270	8	0
NR_024795.1	1484	122	0
NR_024770.1	1399	15	0
NR_024769.1	1466	22	0
NR_024728.1	1411	3	0
NR_024727.1	1472	12	0
NR_024706.1	1522	325	0
NR_024641.1	1450	70	0
NR_026266.1	1492	1	0
NR_026210.1	1459	2	0
NR_026129.1	1436	3	0
NR_026124.1	1466	1	0
NR_026056.1	1475	1	0
NR_026050.1	1455	35	0
NR_026047.1	1458	7	0
NR_025979.1	1392	1	0
NR_025860.1	1459	7	0
NR_025855.1	1390	1	0
NR_025758.1	1531	1	0
NR_025703.1	1378	45	0
NR_024570.1	1450	4	0
NR_043924.1	1385	1	0
NR_042943.1	1452	2	0
NR_037084.1	1452	28	0
NR_036764.1	1524	1	0
NR_043237.1	1482	1	0
NR_040859.1	1484	1	0
NR_040835.1	1468	1	0
NR_036884.1	1403	1	0
NR_036806.1	1523	1	0
NR_025615.1	1499	1	0
