NG_088171.1	904	1	0
NG_088149.1	1402	5	0
NG_088148.1	1379	8	0
NG_088147.1	1387	10	0
NG_088146.1	1391	30	0
NG_088141.1	1334	9	0
NG_088092.1	875	2	0
NG_079683.1	1329	48	0
NG_088360.1	859	239	0
NG_088358.1	881	5	0
NG_088352.1	1372	39	0
NG_088351.1	1279	1	0
NG_088333.1	859	1	0
NG_088318.1	1333	1	0
NG_088317.1	1342	88	0
NG_088316.1	1344	63	0
NG_088315.1	1344	94	0
NG_088311.1	1350	1289	0
NG_088310.1	1360	47	0
NG_088309.1	1348	77	0
NG_088307.1	1379	93	0
NG_088306.1	1388	4	0
NG_088305.1	1378	10	0
NG_088304.1	1384	11	0
NG_088301.1	913	7	0
NG_088299.1	903	1	0
NG_088298.1	1345	31	0
NG_088294.1	810	117	0
NG_088291.1	862	6	0
NG_088286.1	879	1	0
NG_088285.1	1339	7	0
NG_088284.1	1074	2	0
NG_088282.1	868	869	0
NG_088281.1	912	2	0
NG_088279.1	892	2	0
NG_088267.1	624	2	0
NG_088262.1	1379	5	0
NG_088261.1	1338	4	0
NG_088260.1	1400	6	0
NG_088259.1	1372	3	0
NG_088258.1	1348	4	0
NG_088257.1	1355	4	0
NG_088256.1	1353	6	0
NG_088255.1	1352	2	0
NG_088254.1	933	2	0
NG_088253.1	1385	31	0
NG_088251.1	875	1	0
NG_088250.1	878	2	0
NG_088248.1	868	1	0
NG_088239.1	1350	28	0
NG_088237.1	1337	15	0
NG_088236.1	1283	10	0
NG_088235.1	1344	9	0
NG_088234.1	1389	6	0
NG_088232.1	929	305	0
NG_088230.1	1391	31	0
NG_088229.1	1390	90	0
NG_088228.1	1352	2	0
NG_088227.1	1354	3	0
NG_088217.1	1339	6	0
NG_088215.1	1384	23	0
NG_088214.1	1389	21	0
NG_088213.1	1390	43	0
NG_088210.1	888	3	0
NG_088209.1	1368	4	0
NG_088203.1	1275	31	0
NG_088202.1	1336	182	0
NG_088198.1	1392	35	0
NG_088197.1	1334	16	0
NG_088196.1	1334	7	0
NG_088195.1	1345	9	0
NG_088186.1	1353	12	0
NG_088185.1	970	2058	0
NG_088184.1	968	337	0
NG_088183.1	934	1	0
NG_088179.1	1344	23	0
NG_088174.1	621	13	0
NG_088161.1	1134	1	0
NG_088159.1	1393	8	0
NG_088158.1	869	13	0
NG_088157.1	1310	6	0
NG_088156.1	1246	4	0
NG_088152.1	945	51	0
NG_088151.1	868	1	0
NG_088150.1	925	8	0
NG_088145.1	913	3	0
NG_088144.1	1338	1	0
NG_088142.1	1390	15	0
NG_088140.1	1355	78	0
NG_088137.1	838	4	0
NG_088136.1	833	1	0
NG_088132.1	855	2	0
NG_088131.1	843	1	0
NG_088130.1	842	1	0
NG_088129.1	847	1	0
NG_088128.1	837	2	0
NG_088127.1	842	1	0
NG_088125.1	837	4	0
NG_088124.1	847	89	0
NG_088122.1	1310	13	0
NG_088120.1	1065	14	0
NG_088118.1	614	1	0
NG_088114.1	1339	2	0
NG_088110.1	868	1	0
NG_088108.1	1355	214	0
NG_088104.1	1206	9	0
NG_088103.1	1354	40	0
NG_088102.1	927	2	0
NG_088101.1	927	1	0
NG_088100.1	842	1	0
NG_088095.1	1265	1	0
NG_088088.1	898	1	0
NG_088084.1	843	12	0
NG_088083.1	1297	65	0
NG_088082.1	1359	4	0
NG_088071.1	906	1	0
NG_088069.1	867	37	0
NG_088067.1	1399	4	0
NG_088066.1	1395	42	0
NG_088065.1	1399	4	0
NG_088062.1	1347	5	0
NG_088061.1	1344	35	0
NG_088060.1	1334	52	0
NG_088055.1	876	1	0
NG_088049.1	1146	1	0
NG_088042.1	1299	26	0
NG_088041.1	1291	18	0
NG_088040.1	1291	19	0
NG_088039.1	1288	18	0
NG_088038.1	836	2	0
NG_088037.1	828	6300	0
NG_088036.1	863	1	0
NG_088035.1	874	1	0
NG_088034.1	872	13	0
NG_088033.1	886	1	0
NG_088032.1	869	1	0
NG_088025.1	1350	7	0
NG_088020.1	1280	34	0
NG_088019.1	614	3	0
NG_088018.1	1314	36	0
NG_088017.1	1364	18	0
NG_088016.1	1431	56	0
NG_088008.1	640	2	0
NG_088003.1	1263	3	0
NG_067788.1	1303	1	0
NG_064334.1	882	2	0
NG_064326.1	893	7	0
NG_070816.1	916	3	0
NG_070626.1	845	1	0
NG_068751.1	892	2	0
NG_067790.1	812	1	0
NG_060299.1	795	6	0
NG_059749.1	805	1	0
NG_058263.1	1415	4	0
NG_058141.1	1380	4	0
NG_058140.1	1381	4	0
NG_058018.1	1313	2	0
NG_058017.1	1312	1	0
NG_058015.1	1303	34	0
NG_058014.1	1330	1	0
NG_058013.1	1350	4	0
NG_057992.1	809	1	0
NG_057991.1	793	1	0
NG_057990.1	802	1	0
NG_057987.1	798	3	0
NG_057986.1	799	2	0
NG_081545.1	848	1	0
NG_081529.1	907	1	0
NG_081522.1	873	1	0
NG_081517.1	906	1	0
NG_081516.1	1286	79	0
NG_081515.1	948	1	0
NG_081514.1	849	18	0
NG_081479.1	1303	2	0
NG_081469.1	665	3	0
NG_081465.1	1269	1	0
NG_081464.1	847	58	0
NG_081454.1	842	1	0
NG_081450.1	839	1	0
NG_081447.1	871	31	0
NG_081296.1	899	2	0
NG_081284.1	1330	24	0
NG_081283.1	950	2	0
NG_081282.1	946	4	0
NG_081281.1	944	4	0
NG_081280.1	944	21	0
NG_081279.1	944	4	0
NG_081277.1	836	5	0
NG_075323.1	897	6	0
NG_067525.1	1376	1	0
NG_060409.1	1367	11	0
NG_060408.1	1375	8	0
NG_069014.1	1327	3	0
NG_077388.1	922	2	0
NG_077386.1	915	4	0
NG_074502.1	937	11	0
NG_069325.1	1325	73	0
NG_069113.1	873	13	0
NG_069112.1	874	20	0
NG_068872.1	1283	42	0
NG_068871.1	1281	107	0
NG_068870.1	1255	81	0
NG_068869.1	1289	45	0
NG_068734.1	1347	7	0
NG_067783.1	941	1	0
NG_064340.1	885	3	0
NG_064336.1	889	3	0
NG_064332.1	877	23	0
NG_064324.1	885	2	0
NG_059107.1	1349	35	0
NG_058907.1	939	3	0
NG_058839.1	882	9	0
NG_058803.1	954	6	0
NG_058802.1	953	73	0
NG_058800.1	951	6	0
NG_058798.1	954	7	0
NG_058791.1	952	12	0
NG_058790.1	926	7	0
NG_058785.1	954	18	0
NG_058784.1	963	7	0
NG_042652.1	1344	15	0
NG_042651.1	1342	24	0
NG_042609.1	1347	50	0
NG_079710.1	1346	6	0
NG_079709.1	1340	5	0
NG_079708.1	918	2	0
NG_079707.1	1380	7	0
NG_079706.1	1324	3034	0
NG_079702.1	956	1	0
NG_079701.1	943	2	0
NG_079698.1	908	1	0
NG_079693.1	881	28	0
NG_079692.1	884	8	0
NG_079691.1	883	61	0
NG_079690.1	886	1	0
NG_079689.1	884	49	0
NG_079687.1	1373	77	0
NG_079686.1	1288	37	0
NG_079685.1	1316	78	0
NG_079684.1	1344	63	0
NG_079682.1	828	1	0
NG_079678.1	1303	1	0
NG_079677.1	1303	1	0
NG_079674.1	1383	3	0
NG_079671.1	1349	7	0
NG_079664.1	844	1	0
NG_079661.1	1326	8	0
NG_079658.1	1404	19	0
NG_079646.1	1380	2	0
NG_079644.1	875	1	0
NG_079640.1	1316	81	0
NG_079638.1	1297	8	0
NG_079637.1	1265	5	0
NG_079636.1	1291	187	0
NG_079635.1	1297	35	0
NG_079634.1	1291	190	0
NG_079633.1	1291	210	0
NG_079632.1	1291	183	0
NG_079631.1	1137	43	0
NG_079630.1	1290	217	0
NG_079629.1	1355	1	0
NG_079626.1	1350	50	0
NG_079624.1	870	1	0
NG_079565.1	835	13	0
NG_079564.1	836	17	0
NG_079561.1	824	18	0
NG_079560.1	862	3	0
NG_079559.1	838	1	0
NG_079546.1	848	1	0
NG_079543.1	822	1	0
NG_079540.1	1295	1	0
NG_079526.1	856	1	0
NG_079525.1	876	59	0
NG_079516.1	531	2	0
NG_079497.1	571	1	0
NG_079495.1	953	2	0
NG_079492.1	1315	4	0
NG_067775.1	1435	27	0
NG_059645.1	947	1	0
NG_078691.1	937	8	0
NG_078690.1	1279	1	0
NG_078689.1	815	3	0
NG_078681.1	921	100	0
NG_078678.1	946	52	0
NG_078668.1	942	3	0
NG_078660.1	876	2	0
NG_078658.1	848	1	0
NG_078655.1	869	1	0
NG_078652.1	876	1	0
NG_078651.1	877	1	0
NG_078646.1	819	1	0
NG_078640.1	1278	102	0
NG_078637.1	1391	33	0
NG_078635.1	869	2	0
NG_078634.1	880	5	0
NG_078632.1	941	3	0
NG_075331.1	1378	2	0
NG_068294.1	911	1	0
NG_058663.1	978	1	0
NG_064005.1	931	23	0
NG_077393.1	906	73	0
NG_077391.1	903	37	0
NG_077390.1	906	38	0
NG_077389.1	865	1	0
NG_077387.1	773	14	0
NG_077381.1	1264	1	0
NG_077380.1	1295	2	0
NG_064046.1	949	3	0
NG_060382.1	3250	41	0
NG_059089.1	1220	1	0
NG_058827.1	996	1	0
NG_058745.1	940	1	0
NG_054840.1	529	17	0
NG_054796.1	529	20	0
NG_066352.1	3183	31	0
NG_064396.1	907	5	0
NG_060406.1	1379	303	0
NG_060083.1	781	16	0
NG_055354.1	3283	1705	0
NG_076748.1	882	2	0
NG_076723.1	895	1	0
NG_076703.1	909	1	0
NG_076697.1	924	4	0
NG_076696.1	978	1	0
NG_076689.1	844	1	0
NG_070418.1	1279	1	0
NG_070417.1	1290	1	0
NG_068638.1	1197	3	0
NG_067902.1	814	16	0
NG_058139.1	1375	1	0
NG_055355.1	3269	92	0
NG_067823.1	878	3	0
NG_075433.1	480	4	0
NG_075429.1	1356	4	0
NG_075427.1	822	1	0
NG_075426.1	903	1	0
NG_075402.1	895	2	0
NG_075400.1	878	1	0
NG_075399.1	878	6	0
NG_075397.1	1339	3	0
NG_075396.1	1357	40	0
NG_075391.1	997	2	0
NG_075390.1	843	1	0
NG_075382.1	1348	1	0
NG_075378.1	895	1	0
NG_075373.1	873	5	0
NG_075372.1	873	6	0
NG_075371.1	842	3	0
NG_075370.1	871	26	0
NG_075369.1	873	2	0
NG_075367.1	908	2	0
NG_075365.1	831	1	0
NG_075351.1	858	14	0
NG_075348.1	1730	5	0
NG_075347.1	1313	4	0
NG_075341.1	1367	113	0
NG_075336.1	1361	24	0
NG_075330.1	1388	8	0
NG_075329.1	1396	9	0
NG_075326.1	1312	4	0
NG_075322.1	1356	3	0
NG_075321.1	868	4	0
NG_075320.1	1389	19	0
NG_075319.1	1341	26	0
NG_075318.1	1349	17	0
NG_075317.1	1350	2	0
NG_075316.1	1349	7	0
NG_075315.1	1348	28	0
NG_075314.1	1349	1	0
NG_075311.1	1341	48	0
NG_075310.1	1339	10	0
NG_075309.1	1303	2	0
NG_075308.1	1277	5	0
NG_075306.1	935	3	0
NG_075305.1	907	1	0
NG_075304.1	935	1	0
NG_075303.1	935	2	0
NG_075300.1	3106	31	0
NG_075291.1	1352	5	0
NG_075289.1	897	1	0
NG_075288.1	1382	6	0
NG_075283.1	1395	8	0
NG_075247.1	983	1	0
NG_075246.1	1307	181	0
NG_075245.1	626	1	0
NG_075235.1	1352	4	0
NG_075234.1	794	3	0
NG_075232.1	1347	20	0
NG_075231.1	1346	10	0
NG_075230.1	1332	55	0
NG_075229.1	722	6	0
NG_075227.1	847	1	0
NG_075214.1	1340	32	0
NG_075213.1	1342	38	0
NG_075212.1	1345	16	0
NG_075209.1	1325	8	0
NG_075207.1	1353	8	0
NG_075206.1	1343	9	0
NG_075202.1	605	1	0
NG_075201.1	1044	8	0
NG_075194.1	950	2	0
NG_075189.1	818	1	0
NG_075187.1	1378	19	0
NG_075185.1	1350	37	0
NG_075184.1	1349	41	0
NG_075183.1	1347	12	0
NG_075182.1	1350	23	0
NG_075181.1	1352	37	0
NG_075180.1	1350	45	0
NG_075179.1	586	9	0
NG_075178.1	1374	42	0
NG_075177.1	563	41	0
NG_075173.1	720	4	0
NG_075167.1	1338	71	0
NG_075166.1	1392	6	0
NG_075164.1	1325	2	0
NG_075163.1	1389	65	0
NG_075161.1	3224	40	0
NG_075155.1	1301	129	0
NG_075153.1	933	3	0
NG_058996.1	655	1	0
NG_027566.1	3087	575	0
NG_074504.1	1280	43	0
NG_074503.1	937	7	0
NG_074501.1	936	9	0
NG_074498.1	888	1	0
NG_074489.1	856	1	0
NG_074475.1	874	1	0
NG_074473.1	917	2	0
NG_074471.1	1018	890	0
NG_074468.1	849	3	0
NG_074467.1	979	1	0
NG_074459.1	934	23	0
NG_074457.1	1038	1350	0
NG_074456.1	1051	5	0
NG_074455.1	1055	7	0
NG_074454.1	877	5	0
NG_074453.1	1075	4	0
NG_074435.1	1298	2	0
NG_074433.1	1227	2	0
NG_057674.1	1078	14	0
NG_069451.1	953	1	0
NG_064487.1	863	2	0
NG_057852.1	3295	765	0
NG_073871.1	825	3	0
NG_073848.1	864	1	0
NG_073829.1	904	1	0
NG_073828.1	882	1	0
NG_073827.1	884	87	0
NG_073826.1	891	5	0
NG_073825.1	878	18	0
NG_073821.1	1291	3	0
NG_073793.1	867	2	0
NG_073789.1	1319	1	0
NG_073788.1	850	3	0
NG_073786.1	911	51	0
NG_073785.1	835	68	0
NG_073778.1	649	16	0
NG_073765.1	822	5	0
NG_073762.1	1344	7	0
NG_073753.1	891	15	0
NG_073752.1	908	10	0
NG_073751.1	1098	6	0
NG_073750.1	892	10	0
NG_073693.1	894	1	0
NG_073692.1	951	8	0
NG_073689.1	1233	2	0
NG_073673.1	912	1	0
NG_073672.1	1101	42	0
NG_073651.1	845	186	0
NG_073619.1	870	1	0
NG_073613.1	879	3	0
NG_073610.1	905	18	0
NG_073607.1	818	9	0
NG_073603.1	787	2	0
NG_073601.1	865	1	0
NG_073598.1	1339	150	0
NG_073595.1	1385	84	0
NG_073593.1	614	1	0
NG_073589.1	1342	2	0
NG_073581.1	1333	32	0
NG_073580.1	954	4	0
NG_073573.1	937	1	0
NG_064130.1	927	1	0
NG_059993.1	1354	5	0
NG_058148.1	848	1	0
NG_057721.1	886	1	0
NG_073626.1	888	104	0
NG_064432.1	1259	2	0
NG_056985.1	871	1	0
NG_060125.1	1375	379	0
NG_071250.1	917	40	0
NG_071249.1	863	62	0
NG_071246.1	1272	67	0
NG_071245.1	1326	188	0
NG_071239.1	876	4	0
NG_071237.1	909	2	0
NG_071235.1	888	1	0
NG_071234.1	683	69	0
NG_071233.1	672	1	0
NG_071232.1	574	104	0
NG_068816.1	900	13	0
NG_059017.1	888	1	0
NG_070937.1	815	1	0
NG_070934.1	811	7	0
NG_070933.1	856	8	0
NG_070932.1	831	7	0
NG_070931.1	869	17	0
NG_070927.1	1224	2	0
NG_070922.1	820	155	0
NG_070919.1	705	1	0
NG_070522.1	1435	2	0
NG_059812.1	1305	3	0
NG_058019.1	1350	5	0
NG_057967.1	702	1	0
NG_057945.1	1459	11	0
NG_057944.1	1118	2	0
NG_057900.1	1429	13	0
NG_057899.1	1405	6	0
NG_057898.1	1429	5	0
NG_042568.1	1429	8	0
NG_042564.1	1258	3	0
NG_042560.1	1428	5	0
NG_042556.1	1430	2	0
NG_042555.1	1382	1	0
NG_042554.1	1401	6	0
NG_042550.1	1429	6	0
NG_042539.1	1429	7	0
NG_070846.1	1317	11	0
NG_070845.1	1319	7	0
NG_070844.1	1329	30	0
NG_070843.1	1233	1	0
NG_070841.1	943	12	0
NG_070840.1	910	1	0
NG_070836.1	988	193	0
NG_070832.1	1298	7	0
NG_070827.1	1222	4	0
NG_070824.1	966	1	0
NG_070823.1	1359	4	0
NG_070810.1	1389	10	0
NG_070809.1	1046	44	0
NG_070815.1	872	53	0
NG_070814.1	1305	3	0
NG_070812.1	944	9	0
NG_069015.1	1327	3	0
NG_067434.1	1327	5	0
NG_070610.1	1327	2	0
NG_070603.1	1327	2	0
NG_070600.1	854	2	0
NG_070598.1	1327	5	0
NG_070594.1	1327	2	0
NG_070589.1	899	1	0
NG_070583.1	1327	7	0
NG_070571.1	910	1	0
NG_070558.1	966	4	0
NG_070557.1	663	1	0
NG_070553.1	935	3	0
NG_070552.1	936	1	0
NG_070545.1	927	1	0
NG_070540.1	1412	2	0
NG_070518.1	1327	4	0
NG_070512.1	3248	42	0
NG_070502.1	1319	56	0
NG_070500.1	871	2	0
NG_070485.1	755	2	0
NG_056936.1	1313	3	0
NG_060647.1	1379	37	0
NG_070475.1	1207	2	0
NG_070472.1	843	1	0
NG_070465.1	856	1	0
NG_070446.1	1326	5	0
NG_070438.1	1327	6	0
NG_070437.1	1234	1	0
NG_070391.1	1436	36	0
NG_070368.1	1339	1	0
NG_070363.1	1207	1	0
NG_070362.1	1327	2	0
NG_070361.1	1327	10	0
NG_070356.1	1315	4	0
NG_070350.1	1288	3	0
NG_070392.1	1436	28	0
NG_068542.1	1334	38	0
NG_068541.1	1393	35	0
NG_070097.1	840	1	0
NG_070096.1	965	2	0
NG_070092.1	1306	3	0
NG_070069.1	812	1	0
NG_069955.1	902	1	0
NG_069952.1	900	1	0
NG_069941.1	901	1	0
NG_069930.1	903	1	0
NG_069923.1	909	1	0
NG_069918.1	860	1	0
NG_069912.1	1327	3	0
NG_069898.1	1236	1	0
NG_069867.1	1327	7	0
NG_069864.1	1327	2	0
NG_069858.1	1327	3	0
NG_069857.1	1327	4	0
NG_069838.1	1327	2	0
NG_069822.1	924	1	0
NG_069819.1	1327	4	0
NG_069800.1	1327	4	0
NG_069795.1	1327	3	0
NG_069787.1	1327	3	0
NG_069785.1	1327	1	0
NG_069784.1	1327	6	0
NG_069783.1	1327	3	0
NG_069782.1	1327	4	0
NG_069776.1	1327	3	0
NG_069775.1	1327	1	0
NG_069749.1	902	1	0
NG_069733.1	1327	3	0
NG_069728.1	906	1	0
NG_069709.1	912	1	0
NG_069691.1	908	1	0
NG_069650.1	910	1	0
NG_069648.1	909	1	0
NG_069627.1	907	1	0
NG_069624.1	906	2	0
NG_069619.1	908	1	0
NG_069605.1	911	1	0
NG_069569.1	808	1	0
NG_069508.1	858	1	0
NG_069472.1	1315	5	0
NG_069471.1	1315	4	0
NG_069470.1	1315	4	0
NG_069419.1	942	45	0
NG_069418.1	935	55	0
NG_069413.1	931	3	0
NG_069409.1	937	3	0
NG_069407.1	928	1	0
NG_069385.1	1322	4	0
NG_069384.1	1322	5	0
NG_069369.1	1305	1	0
NG_069368.1	1302	7	0
NG_069355.1	953	1	0
NG_069324.1	885	92	0
NG_069323.1	871	34	0
NG_069322.1	870	22	0
NG_069321.1	943	2	0
NG_069319.1	995	2	0
NG_069299.1	1314	4	0
NG_069275.1	886	3	0
NG_069264.1	868	64	0
NG_069252.1	874	1	0
NG_069171.1	874	1	0
NG_069151.1	2040	92	0
NG_069150.1	2035	81	0
NG_069149.1	2029	65	0
NG_069120.1	1327	5	0
NG_069119.1	1327	4	0
NG_069114.1	1293	38	0
NG_069111.1	1327	3	0
NG_069096.1	1375	1	0
NG_069090.1	873	1	0
NG_069085.1	855	2	0
NG_069075.1	623	1	0
NG_069074.1	628	1	0
NG_069073.1	1281	2	0
NG_069072.1	1281	2	0
NG_069071.1	1281	3	0
NG_069070.1	1281	4	0
NG_069067.1	1281	1	0
NG_069065.1	1281	6	0
NG_069064.1	1281	7	0
NG_069063.1	1281	2	0
NG_069062.1	1281	2	0
NG_069061.1	1341	7	0
NG_069060.1	1327	4	0
NG_069058.1	1327	3	0
NG_069057.1	1327	5	0
NG_069056.1	1327	1	0
NG_069055.1	1327	4	0
NG_069054.1	1327	2	0
NG_069053.1	1327	5	0
NG_069052.1	1327	3	0
NG_069051.1	1327	3	0
NG_069050.1	1327	5	0
NG_069049.1	1327	6	0
NG_069048.1	1327	4	0
NG_069047.1	1327	5	0
NG_069046.1	1327	3	0
NG_069045.1	1327	4	0
NG_069044.1	1327	2	0
NG_069043.1	1327	2	0
NG_069042.1	1327	3	0
NG_069040.1	1327	1	0
NG_069039.1	1327	2	0
NG_069038.1	1327	5	0
NG_069037.1	1327	4	0
NG_069035.1	1327	4	0
NG_069034.1	1327	6	0
NG_069033.1	1327	2	0
NG_069025.1	1326	6	0
NG_069016.1	1327	1	0
NG_069012.1	1327	4	0
NG_069011.1	1327	2	0
NG_069004.1	3250	1464	0
NG_069003.1	3257	89	0
NG_069000.1	1272	4	0
NG_068999.1	1288	5	0
NG_068997.1	1270	3	0
NG_068983.1	1771	2	0
NG_068969.1	973	7	0
NG_068967.1	590	1	0
NG_068965.1	630	5	0
NG_068961.1	1311	4	0
NG_068960.1	1312	1	0
NG_069826.1	1327	3	0
NG_069818.1	1327	2	0
NG_069714.1	909	1	0
NG_069069.1	1281	5	0
NG_069068.1	1281	6	0
NG_069066.1	1281	5	0
NG_069059.1	1327	3	0
NG_069041.1	1327	1	0
NG_069036.1	1327	4	0
NG_069010.1	1326	3	0
NG_068968.1	973	17	0
NG_068782.1	1371	89	0
NG_068931.1	1418	1	0
NG_068930.1	1414	6	0
NG_068929.1	1393	1	0
NG_068910.1	915	5	0
NG_068907.1	906	30	0
NG_068906.1	1190	2	0
NG_068905.1	1194	3	0
NG_068904.1	1366	7	0
NG_068899.1	1051	1	0
NG_068898.1	902	4	0
NG_068897.1	892	1	0
NG_068896.1	871	1	0
NG_068895.1	914	4	0
NG_068890.1	853	3	0
NG_068882.1	1310	8	0
NG_068881.1	1378	42	0
NG_068880.1	833	15	0
NG_068879.1	1111	1	0
NG_068873.1	1287	5085	0
NG_068868.1	1293	36	0
NG_068867.1	1273	37	0
NG_068866.1	1348	1	0
NG_068863.1	872	1	0
NG_068861.1	947	5	0
NG_068860.1	1031	41	0
NG_068859.1	1024	7	0
NG_068856.1	901	253	0
NG_068850.1	1312	1462	0
NG_068846.1	1343	38	0
NG_068845.1	815	1	0
NG_068844.1	1304	6	0
NG_068828.1	852	1	0
NG_068822.1	1372	25	0
NG_068821.1	1312	18	0
NG_068820.1	923	18	0
NG_068819.1	1279	2	0
NG_068818.1	852	20	0
NG_068814.1	1411	81	0
NG_068813.1	1401	10	0
NG_068812.1	1401	36	0
NG_068811.1	1401	4	0
NG_068808.1	935	5	0
NG_068806.1	1381	44	0
NG_068805.1	1378	24	0
NG_068795.1	896	20	0
NG_068793.1	894	597	0
NG_068788.1	1321	2	0
NG_068781.1	943	2	0
NG_068780.1	602	1	0
NG_068777.1	927	158	0
NG_068769.1	1385	10	0
NG_068765.1	1397	27	0
NG_068764.1	1343	35	0
NG_068763.1	1362	204	0
NG_068760.1	1303	1	0
NG_068759.1	1326	6	0
NG_068758.1	969	3	0
NG_068757.1	959	8	0
NG_068752.1	815	1	0
NG_068750.1	1420	5	0
NG_068747.1	2044	25	0
NG_068746.1	1179	1	0
NG_068745.1	1298	1	0
NG_068744.1	1317	2	0
NG_068743.1	1326	1	0
NG_068740.1	856	1	0
NG_068737.1	1397	39	0
NG_068736.1	1017	2	0
NG_068722.1	1476	1	0
NG_068725.1	613	1	0
NG_068680.1	886	1	0
NG_068658.1	832	402	0
NG_068655.1	1392	89	0
NG_068654.1	1389	99	0
NG_068641.1	1098	1	0
NG_068632.1	1191	8	0
NG_068631.1	1193	10	0
NG_068585.1	1363	5	0
NG_068584.1	1351	4	0
NG_068568.1	1391	4	0
NG_068564.1	1344	10	0
NG_068558.1	1300	1	0
NG_068557.1	1300	1	0
NG_068549.1	635	1	0
NG_068543.1	1394	40	0
NG_068536.1	1386	15	0
NG_068534.1	1384	32	0
NG_068533.1	983	17	0
NG_068528.1	929	13	0
NG_068523.1	1323	2	0
NG_068522.1	1321	3	0
NG_068605.1	1292	1	0
NG_068517.1	1327	1	0
NG_059101.1	920	2587	0
NG_055136.1	3235	158	0
NG_059967.1	2045	22	0
NG_057229.1	1390	43	0
NG_057016.1	2028	703	0
NG_054793.1	577	1	0
NG_054792.1	579	1	0
NG_068334.1	834	6	0
NG_068332.1	862	1	0
NG_068329.1	1179	1	0
NG_068322.1	870	2	0
NG_068313.1	821	8	0
NG_068309.1	848	1	0
NG_068308.1	1270	2	0
NG_068295.1	862	3	0
NG_068285.1	948	1	0
NG_068282.1	889	1	0
NG_068273.1	1377	5	0
NG_068271.1	1350	8	0
NG_068289.1	1417	56	0
NG_068265.1	1368	281	0
NG_068252.1	2422	2632	0
NG_068234.1	708	2	0
NG_068228.1	625	2	0
NG_066407.1	1353	38	0
NG_064382.1	902	4	0
NG_057276.1	935	14	0
NG_057274.1	870	99	0
NG_057260.1	1392	31	0
NG_057259.1	1407	149	0
NG_057248.1	1431	127	0
NG_057200.1	1428	297	0
NG_057196.1	1436	13	0
NG_057188.1	947	9	0
NG_060356.1	695	5	0
NG_042597.1	1429	142	0
NG_067893.1	853	3	0
NG_067873.1	1139	1	0
NG_067846.1	542	1	0
NG_067833.1	1337	2	0
NG_067824.1	1382	53	0
NG_067816.1	1369	54	0
NG_067810.1	951	1	0
NG_067800.1	1311	10	0
NG_067799.1	893	8	0
NG_067791.1	773	29	0
NG_067784.1	1359	1	0
NG_067777.1	853	2	0
NG_067897.1	913	1	0
NG_067868.1	929	1	0
NG_067822.1	1439	311	0
NG_067819.1	625	1	0
NG_067785.1	1371	36	0
NG_067776.1	1073	44	0
NG_067772.1	3257	141	0
NG_067565.1	1271	67	0
NG_067564.1	1290	59	0
NG_067562.1	846	2	0
NG_067546.1	833	1	0
NG_058739.1	5088	238	0
NG_067445.1	1327	3	0
NG_067432.1	939	3	0
NG_067431.1	914	7	0
NG_067429.1	912	1	0
NG_067415.1	1327	2	0
NG_067399.1	907	1	0
NG_067374.1	1327	2	0
NG_067373.1	1328	4	0
NG_067371.1	1017	1	0
NG_067368.1	1326	4	0
NG_067365.1	1017	2	0
NG_067357.1	1329	6	0
NG_067351.1	896	5	0
NG_067315.1	937	6	0
NG_067314.1	935	22	0
NG_067307.1	914	1	0
NG_067306.1	1326	6	0
NG_067301.1	846	1	0
NG_067298.1	1289	1	0
NG_067271.1	1327	1	0
NG_067270.1	1327	6	0
NG_067267.1	1326	5	0
NG_067262.1	1326	6	0
NG_067261.1	1327	3	0
NG_059088.1	952	5	0
NG_059086.1	952	13	0
NG_058402.1	599	59	0
NG_066408.1	857	128	0
NG_059052.1	888	1	0
NG_058594.1	842	2	0
NG_057090.1	933	16	0
NG_066463.1	1995	37	0
NG_066462.1	564	3	0
NG_066447.1	928	2	0
NG_066443.1	1331	3	0
NG_066426.1	911	1	0
NG_066424.1	913	1	0
NG_066418.1	1389	3	0
NG_066405.1	957	33	0
NG_066400.1	935	3	0
NG_066390.1	1291	4	0
NG_066389.1	1291	2	0
NG_066387.1	1293	2532	0
NG_066386.1	1316	1	0
NG_066385.1	758	20	0
NG_066378.1	1315	1	0
NG_066367.1	947	1	0
NG_066355.1	3249	39	0
NG_066354.1	3259	108	0
NG_066353.1	3102	260	0
NG_066351.1	3592	271	0
NG_066350.1	3251	290	0
NG_066349.1	3228	84	0
NG_066348.1	5042	32	0
NG_066345.1	1250	127	0
NG_066337.1	865	3	0
NG_066335.1	860	1	0
NG_066322.1	866	15	0
NG_066312.1	851	1	0
NG_066256.1	929	1	0
NG_066247.1	943	92	0
NG_066231.1	943	2	0
NG_066206.1	1186	1	0
NG_066184.1	932	54	0
NG_066182.1	856	1	0
NG_066181.1	940	4	0
NG_066179.1	936	17	0
NG_066174.1	892	7	0
NG_066171.1	1273	2	0
NG_066155.1	676	1	0
NG_066154.1	3243	715	0
NG_066153.1	1281	6	0
NG_066152.1	1328	2	0
NG_057718.1	606	2	0
NG_060641.1	1386	2	0
NG_060640.1	1398	3	0
NG_058427.1	616	1	0
NG_058977.1	907	1	0
NG_064599.1	904	1	0
NG_064598.1	877	3	0
NG_064596.1	909	1	0
NG_064595.1	864	2	0
NG_064594.1	869	2	0
NG_064593.1	882	5	0
NG_064590.1	872	83	0
NG_064589.1	894	62	0
NG_064588.1	888	4	0
NG_064587.1	863	128	0
NG_064584.1	865	6	0
NG_064581.1	883	1	0
NG_064579.1	907	1	0
NG_064576.1	564	1	0
NG_064575.1	856	1	0
NG_064574.1	873	8	0
NG_064573.1	908	1	0
NG_064572.1	856	3	0
NG_064571.1	885	1	0
NG_064570.1	860	70	0
NG_064569.1	896	3	0
NG_064566.1	855	54	0
NG_064563.1	893	1	0
NG_064560.1	832	26	0
NG_064559.1	878	2	0
NG_064557.1	888	8	0
NG_064556.1	869	22	0
NG_064554.1	1296	2	0
NG_064543.1	838	3	0
NG_064530.1	870	1	0
NG_064523.1	619	1	0
NG_064519.1	597	1	0
NG_064505.1	916	2	0
NG_064500.1	846	11	0
NG_064499.1	866	5	0
NG_064493.1	896	1	0
NG_064478.1	881	2	0
NG_064473.1	883	5	0
NG_064472.1	886	10	0
NG_064471.1	1218	2	0
NG_064464.1	912	4	0
NG_064461.1	547	1	0
NG_064448.1	1595	4	0
NG_064441.1	966	6	0
NG_064440.1	964	6	0
NG_064439.1	967	34	0
NG_064438.1	952	130	0
NG_064437.1	950	2	0
NG_064436.1	948	29	0
NG_064435.1	941	6	0
NG_064434.1	956	8	0
NG_064433.1	956	4	0
NG_064504.1	1021	1	0
NG_064491.1	661	9	0
NG_064489.1	1380	333	0
NG_064486.1	1128	71	0
NG_064481.1	904	5	0
NG_064470.1	867	2	0
NG_064468.1	867	1	0
NG_064465.1	1253	1	0
NG_064452.1	910	1	0
NG_064447.1	539	2	0
NG_064445.1	1383	58	0
NG_064444.1	1425	54	0
NG_058982.1	821	1	0
NG_064421.1	1239	17	0
NG_064418.1	1365	125	0
NG_064412.1	1344	9	0
NG_064411.1	1328	42	0
NG_064409.1	881	2	0
NG_064403.1	926	1	0
NG_064402.1	952	58	0
NG_064401.1	914	28	0
NG_064391.1	573	1	0
NG_064387.1	1374	9	0
NG_064386.1	1293	11	0
NG_064383.1	878	1	0
NG_064380.1	737	1	0
NG_064404.1	1120	22	0
NG_064400.1	854	1	0
NG_064389.1	950	2	0
NG_064365.1	936	3	0
NG_064355.1	1363	5	0
NG_064354.1	1374	41	0
NG_064353.1	927	4	0
NG_064352.1	823	1	0
NG_064351.1	1344	1	0
NG_064348.1	1323	1	0
NG_064342.1	877	5	0
NG_064339.1	898	2	0
NG_064337.1	876	3	0
NG_064335.1	881	3	0
NG_064333.1	884	1	0
NG_064331.1	875	3	0
NG_064330.1	860	2	0
NG_064329.1	918	9	0
NG_064328.1	883	6	0
NG_064327.1	888	2	0
NG_064325.1	882	1	0
NG_064323.1	869	1	0
NG_064315.1	2846	1546	0
NG_064313.1	3248	37	0
NG_064312.1	3260	49	0
NG_064306.1	943	3	0
NG_064305.1	865	3	0
NG_064294.1	859	1	0
NG_064285.1	828	2	0
NG_064270.1	1207	1	0
NG_064269.1	847	1	0
NG_064263.1	888	1	0
NG_064244.1	873	1	0
NG_064234.1	942	3	0
NG_064223.1	926	1	0
NG_064221.1	908	2	0
NG_064179.1	926	1	0
NG_064176.1	893	4	0
NG_064172.1	947	1	0
NG_064171.1	942	2	0
NG_064161.1	906	4	0
NG_064150.1	853	1	0
NG_064143.1	902	39	0
NG_064140.1	1327	3	0
NG_064137.1	1329	2	0
NG_064126.1	935	9	0
NG_064124.1	970	2	0
NG_064121.1	932	6	0
NG_064101.1	1203	1	0
NG_064095.1	914	8	0
NG_064094.1	906	1	0
NG_064059.1	940	1	0
NG_064050.1	903	1	0
NG_064018.1	866	1	0
NG_063987.1	962	46	0
NG_063975.1	1280	1	0
NG_063966.1	939	1	0
NG_063948.1	1545	981	0
NG_063941.1	822	1	0
NG_063932.1	1327	3	0
NG_042328.1	1291	2	0
NG_059217.1	810	3	0
NG_055737.1	1325	5	0
NG_055732.1	640	6	0
NG_055731.1	3250	29	0
NG_055730.1	914	1	0
NG_055729.1	1390	31	0
NG_055728.1	1350	1	0
NG_055690.1	3298	27	0
NG_055420.1	572	5	0
NG_055395.1	3301	23	0
NG_055394.1	3280	616	0
NG_055393.1	3076	227	0
NG_055392.1	3308	76	0
NG_055391.1	3243	440	0
NG_055387.1	781	1	0
NG_055384.1	902	2	0
NG_055365.1	3272	46	0
NG_055364.1	3249	10	0
NG_055363.1	3282	11	0
NG_055362.1	3284	32	0
NG_055361.1	3290	58	0
NG_055360.1	3275	41	0
NG_055359.1	3238	30	0
NG_055358.1	3270	28	0
NG_055357.1	3238	18	0
NG_055353.1	4349	306	0
NG_055352.1	3285	232	0
NG_055351.1	4174	471	0
NG_055350.1	4553	236	0
NG_055349.1	4788	459	0
NG_055348.1	3265	501	0
NG_055347.1	3269	497	0
NG_055346.1	3282	160	0
NG_055345.1	3282	104	0
NG_055343.1	4469	18	0
NG_055342.1	3584	250	0
NG_055341.1	4578	282	0
NG_055340.1	3718	310	0
NG_055339.1	3244	117	0
NG_055338.1	3260	311	0
NG_055337.1	3664	335	0
NG_055336.1	3678	292	0
NG_055335.1	3265	58	0
NG_055334.1	3253	87	0
NG_055333.1	3659	294	0
NG_055332.1	4949	286	0
NG_055331.1	3244	44	0
NG_055330.1	3264	33	0
NG_055329.1	3257	227	0
NG_055328.1	3242	193	0
NG_055324.1	3258	76	0
NG_055323.1	3246	18	0
NG_055322.1	3207	53	0
NG_055321.1	3258	1210	0
NG_055320.1	3198	40	0
NG_055319.1	3205	15	0
NG_055312.1	572	1	0
NG_055311.1	572	1	0
NG_055299.1	577	1	0
NG_055298.1	577	2	0
NG_055214.1	3242	251	0
NG_055213.1	3241	235	0
NG_055211.1	3223	81	0
NG_055210.1	3242	238	0
NG_055202.1	3279	45	0
NG_055200.1	3260	33	0
NG_055199.1	3257	71	0
NG_055198.1	3257	55	0
NG_055197.1	3257	50	0
NG_055196.1	3231	76	0
NG_055195.1	3227	108	0
NG_055194.1	3225	90	0
NG_055193.1	3277	44	0
NG_055192.1	3278	74	0
NG_055191.1	3259	101	0
NG_055190.1	3270	211	0
NG_055189.1	4208	68	0
NG_055188.1	3269	89	0
NG_055187.1	3262	82	0
NG_055186.1	4439	47	0
NG_055185.1	3292	484	0
NG_055184.1	4689	128	0
NG_055183.1	3249	49	0
NG_055181.1	3663	76	0
NG_055180.1	3038	53	0
NG_055179.1	3231	47	0
NG_055170.1	559	1	0
NG_055168.1	2138	3	0
NG_055160.1	3278	82	0
NG_055159.1	3273	26	0
NG_055158.1	3282	27	0
NG_055157.1	3242	382	0
NG_055156.1	3243	347	0
NG_055154.1	3178	125	0
NG_055153.1	3180	81	0
NG_055152.1	3235	124	0
NG_055151.1	3237	128	0
NG_055150.1	3233	123	0
NG_055149.1	3181	107	0
NG_055148.1	3210	152	0
NG_055147.1	3187	128	0
NG_055146.1	3191	176	0
NG_055145.1	3229	140	0
NG_055144.1	3234	103	0
NG_055143.1	3234	196	0
NG_055142.1	3232	136	0
NG_055141.1	3211	205	0
NG_055140.1	3227	134	0
NG_055139.1	3226	84	0
NG_055138.1	3237	49	0
NG_055137.1	3230	148	0
NG_055135.1	3191	96	0
NG_055134.1	3232	91	0
NG_055133.1	3242	104	0
NG_055132.1	3238	102	0
NG_055131.1	3229	82	0
NG_055130.1	3258	86	0
NG_055129.1	3263	72	0
NG_055128.1	3209	54	0
NG_055127.1	3214	55	0
NG_055126.1	3270	20	0
NG_055125.1	3197	19	0
NG_055124.1	3321	17	0
NG_055122.1	3218	78	0
NG_055121.1	3218	38	0
NG_055120.1	3219	51	0
NG_055119.1	3220	46	0
NG_055118.1	3231	38	0
NG_055117.1	3208	94	0
NG_055116.1	3240	58	0
NG_055115.1	3233	63	0
NG_055114.1	3234	64	0
NG_055113.1	3252	33	0
NG_055112.1	3197	62	0
NG_055111.1	3199	56	0
NG_055110.1	3197	64	0
NG_055108.1	3166	212	0
NG_055107.1	3195	702	0
NG_055106.1	3199	60	0
NG_055105.1	3199	89	0
NG_055104.1	3231	98	0
NG_055103.1	3169	58	0
NG_055102.1	3166	55	0
NG_055101.1	3159	34	0
NG_055100.1	3162	48	0
NG_055099.1	3160	53	0
NG_055098.1	3098	3833	0
NG_055097.1	3158	550	0
NG_055096.1	3157	41	0
NG_055094.1	531	3	0
NG_055084.1	531	8	0
NG_055065.1	574	27	0
NG_055063.1	3297	40	0
NG_055054.1	604	15	0
NG_055049.1	649	2	0
NG_055048.1	3213	27	0
NG_055036.1	3309	33	0
NG_055033.1	3315	25	0
NG_055032.1	3315	30	0
NG_055031.1	3301	24	0
NG_055030.1	3272	71	0
NG_055029.1	3277	23	0
NG_055028.1	3276	28	0
NG_055024.1	570	1	0
NG_055022.1	570	1	0
NG_055017.1	606	2	0
NG_054831.1	3230	42	0
NG_054830.1	3198	48	0
NG_054819.1	3183	31	0
NG_054805.1	3284	215	0
NG_054804.1	3284	252	0
NG_042774.1	1034	2	0
NG_042748.1	882	1	0
NG_042747.1	1737	18	0
NG_042711.1	1317	3	0
NG_042710.1	1320	1	0
NG_042706.1	1323	5	0
NG_042703.1	1320	5	0
NG_042701.1	1310	5	0
NG_042695.1	1789	4005	0
NG_042694.1	1788	5963	0
NG_042693.1	1795	1952	0
NG_042692.1	1781	7646	0
NG_042690.1	1251	1	0
NG_042682.1	1318	1	0
NG_042674.1	935	1	0
NG_042668.1	1344	6	0
NG_042667.1	1346	2	0
NG_042666.1	1299	4	0
NG_042665.1	1344	1	0
NG_042664.1	1353	2	0
NG_042663.1	885	1	0
NG_042660.1	965	3	0
NG_042658.1	595	1	0
NG_042649.1	3385	1979	0
NG_042648.1	3094	1716	0
NG_042647.1	3263	551	0
NG_042646.1	3262	26	0
NG_042645.1	3222	6	0
NG_042644.1	3246	31	0
NG_042643.1	3234	10	0
NG_042642.1	3219	39	0
NG_042641.1	3217	45	0
NG_042640.1	3261	82	0
NG_042639.1	3266	75	0
NG_042638.1	3255	220	0
NG_042637.1	3256	71	0
NG_042636.1	3260	94	0
NG_042635.1	3259	109	0
NG_042634.1	3260	38	0
NG_042633.1	3251	58	0
NG_042632.1	3253	86	0
NG_042631.1	3199	1467	0
NG_042630.1	3271	47	0
NG_042629.1	3279	30	0
NG_042628.1	3278	22	0
NG_042627.1	3243	27	0
NG_042626.1	3266	12	0
NG_042625.1	3278	40	0
NG_042624.1	3282	60	0
NG_042623.1	3284	34	0
NG_042622.1	3312	322	0
NG_042621.1	3298	28	0
NG_042610.1	1350	8	0
NG_042608.1	1349	11	0
NG_042607.1	1350	39	0
NG_042604.1	1339	1	0
NG_042602.1	714	1	0
NG_042596.1	1423	310	0
NG_042593.1	894	1	0
NG_042589.1	1287	3	0
NG_042588.1	1291	4	0
NG_042570.1	1429	10	0
NG_042569.1	1429	2	0
NG_042566.1	1428	9	0
NG_042565.1	1356	4	0
NG_042563.1	1428	12	0
NG_042553.1	1424	9	0
NG_042549.1	1429	6	0
NG_042548.1	1428	4	0
NG_042547.1	1429	7	0
NG_042543.1	1398	6	0
NG_042542.1	1372	2157	0
NG_042540.1	1406	10	0
NG_042538.1	1429	9	0
NG_042529.1	619	1	0
NG_042528.1	3268	394	0
NG_042527.1	2990	80	0
NG_042524.1	3678	595	0
NG_042523.1	1395	54	0
NG_042521.1	1769	38	0
NG_042516.1	784	1	0
NG_042509.1	606	3	0
NG_042480.1	600	9	0
NG_042479.1	1102	10	0
NG_042478.1	1074	11	0
NG_042471.1	581	51	0
NG_042467.1	619	7	0
NG_042464.1	1371	398	0
NG_042452.1	947	1	0
NG_042450.1	880	1	0
NG_042449.1	858	1	0
NG_042448.1	872	2	0
NG_042446.1	3238	1131	0
NG_042445.1	3211	52	0
NG_042444.1	3212	78	0
NG_042442.1	1400	2	0
NG_042440.1	753	2	0
NG_042439.1	3260	33	0
NG_042438.1	3251	52	0
NG_042437.1	3261	59	0
NG_042436.1	3619	469	0
NG_042435.1	3255	289	0
NG_042434.1	3255	292	0
NG_042433.1	3807	532	0
NG_042432.1	3271	29	0
NG_042431.1	3710	37	0
NG_042430.1	3687	40	0
NG_042429.1	3701	32	0
NG_042428.1	3250	35	0
NG_042427.1	3256	25	0
NG_042426.1	3256	37	0
NG_042425.1	4685	12	0
NG_042424.1	3235	40	0
NG_042415.1	3162	1901	0
NG_042414.1	3334	1945	0
NG_042408.1	1370	1	0
NG_042406.1	1813	2	0
NG_042400.1	1380	1	0
NG_042389.1	627	1	0
NG_042357.1	629	1	0
NG_042350.1	629	3	0
NG_042338.1	1292	3	0
NG_042333.1	1233	4	0
NG_042332.1	1282	3	0
NG_042331.1	1282	3	0
NG_042329.1	1281	2	0
NG_042327.1	1282	3	0
NG_042326.1	1282	1	0
NG_042325.1	1282	1	0
NG_042324.1	1283	4	0
NG_042322.1	1282	2	0
NG_042321.1	1282	4	0
NG_042319.1	1292	1	0
NG_042318.1	1315	4	0
NG_042311.1	648	7	0
NG_027648.1	3459	1270	0
NG_027646.1	2771	941	0
NG_027645.1	3237	253	0
NG_027634.1	1184	6	0
NG_027621.1	1394	3	0
NG_027618.1	3799	2222	0
NG_027616.1	3270	2340	0
NG_027613.1	3188	1354	0
NG_027595.1	1409	4	0
NG_027577.1	1358	5	0
NG_027568.1	1157	426	0
NG_027567.1	3255	5347	0
NG_027564.1	3237	498	0
NG_027561.1	3189	2280	0
NG_027560.1	4318	7114	0
NG_057858.1	1327	4	0
NG_060249.1	3172	1031	0
NG_060070.1	969	3	0
NG_060069.1	3174	2311	0
NG_060067.1	984	86	0
NG_059912.1	958	1119	0
NG_059518.1	3062	1953	0
NG_059517.1	3072	1294	0
NG_057023.1	942	9	0
NG_060630.1	1399	35	0
NG_027623.1	3134	3045	0
NG_060251.1	2970	2238	0
NG_060250.1	3180	418	0
NG_060831.1	862	173	0
NG_060830.1	819	1	0
NG_060822.1	898	2	0
NG_060818.1	907	12	0
NG_060807.1	869	3	0
NG_060805.1	705	1	0
NG_060804.1	817	1	0
NG_060795.1	1381	4	0
NG_060710.1	983	3	0
NG_060701.1	668	1	0
NG_060697.1	666	1	0
NG_060691.1	665	1	0
NG_060689.1	1373	11	0
NG_060688.1	1289	90	0
NG_060687.1	1353	22	0
NG_060686.1	920	3	0
NG_060685.1	1322	4	0
NG_060684.1	1459	26	0
NG_060677.1	932	10	0
NG_060676.1	860	7	0
NG_060672.1	865	2	0
NG_060671.1	865	6	0
NG_060670.1	654	14	0
NG_060665.1	971	30	0
NG_060658.1	872	1	0
NG_060656.1	959	374	0
NG_060655.1	961	2128	0
NG_060654.1	964	796	0
NG_060650.1	1341	10	0
NG_060649.1	1335	34	0
NG_060648.1	1329	39	0
NG_060646.1	1338	34	0
NG_060645.1	1359	29	0
NG_060642.1	1319	51	0
NG_060639.1	1148	23	0
NG_060638.1	1366	13	0
NG_060637.1	1364	20	0
NG_060635.1	1354	23	0
NG_060634.1	860	1	0
NG_060632.1	1044	1	0
NG_060631.1	829	3	0
NG_060624.1	1412	3	0
NG_060621.1	886	1	0
NG_060154.1	1365	3	0
NG_060153.1	1392	1192	0
NG_057277.1	924	12	0
NG_060398.1	1295	37	0
NG_060397.1	1242	44	0
NG_060275.1	890	1	0
NG_060260.1	893	2	0
NG_060245.1	1073	1	0
NG_059244.1	783	5	0
NG_059226.1	665	3	0
NG_060441.1	1333	1	0
NG_060440.1	1397	2	0
NG_060438.1	1313	3	0
NG_060435.1	814	1	0
NG_060432.1	1385	1	0
NG_060430.1	1402	7	0
NG_060429.1	1402	18	0
NG_060425.1	1296	14	0
NG_060423.1	1292	13	0
NG_060420.1	2073	363	0
NG_060417.1	1356	6	0
NG_060415.1	870	278	0
NG_060413.1	1355	6	0
NG_060405.1	1451	45	0
NG_060404.1	1329	1	0
NG_060402.1	1045	39	0
NG_060400.1	2969	766	0
NG_060395.1	1327	2	0
NG_060393.1	743	1	0
NG_060391.1	1043	1	0
NG_060390.1	1043	2	0
NG_060388.1	630	1	0
NG_060387.1	977	1	0
NG_060381.1	3260	96	0
NG_060380.1	3253	76	0
NG_060379.1	3075	256	0
NG_060364.1	991	1	0
NG_060363.1	991	2	0
NG_060362.1	704	23	0
NG_060360.1	1233	2	0
NG_060355.1	651	3	0
NG_060351.1	922	1	0
NG_060346.1	1349	8	0
NG_060332.1	927	1	0
NG_060331.1	927	2	0
NG_060327.1	935	1	0
NG_060324.1	993	1	0
NG_060318.1	946	1	0
NG_060311.1	606	1	0
NG_060310.1	1384	86	0
NG_060307.1	863	1	0
NG_060306.1	826	1	0
NG_060304.1	1397	222	0
NG_060302.1	835	1	0
NG_060298.1	1350	64	0
NG_060289.1	553	2	0
NG_060288.1	919	1	0
NG_060286.1	827	8	0
NG_060285.1	940	2	0
NG_060284.1	900	209	0
NG_060278.1	891	1	0
NG_060276.1	886	2	0
NG_060271.1	943	2	0
NG_060267.1	1118	181	0
NG_060264.1	1074	1	0
NG_060263.1	1097	2	0
NG_060261.1	909	1	0
NG_060258.1	862	50	0
NG_060236.1	592	1	0
NG_060193.1	850	1	0
NG_060191.1	757	1	0
NG_060182.1	991	2	0
NG_060181.1	990	1	0
NG_060179.1	1392	38	0
NG_060178.1	1379	9	0
NG_060177.1	888	7	0
NG_060171.1	1054	13	0
NG_060170.1	1030	10	0
NG_060163.1	1393	27	0
NG_060161.1	1355	21	0
NG_060157.1	908	1	0
NG_060156.1	709	1	0
NG_060150.1	652	1	0
NG_060149.1	1357	17	0
NG_060148.1	879	4	0
NG_060147.1	875	119	0
NG_060133.1	927	4	0
NG_060132.1	872	2	0
NG_060131.1	1347	7	0
NG_060130.1	1347	5	0
NG_060129.1	1341	2	0
NG_060128.1	1345	9	0
NG_060127.1	1762	8	0
NG_060126.1	852	1	0
NG_060124.1	850	42	0
NG_060122.1	907	2	0
NG_060117.1	1784	1	0
NG_060115.1	856	5	0
NG_060114.1	1381	13	0
NG_060110.1	874	22	0
NG_060108.1	868	1	0
NG_060102.1	1387	7	0
NG_060101.1	1387	14	0
NG_060100.1	1377	16	0
NG_060099.1	1402	1	0
NG_060097.1	1441	1	0
NG_060096.1	1449	2	0
NG_060095.1	1442	1	0
NG_060082.1	782	2	0
NG_060079.1	886	1	0
NG_060075.1	3083	206	0
NG_060074.1	3061	270	0
NG_060072.1	886	688	0
NG_060071.1	592	1	0
NG_060068.1	819	832	0
NG_060064.1	1074	31	0
NG_060060.1	904	6	0
NG_060059.1	894	1	0
NG_060026.1	979	1	0
NG_060022.1	1408	82	0
NG_060020.1	1342	2	0
NG_060019.1	1009	1	0
NG_060017.1	938	26	0
NG_060016.1	1315	64	0
NG_060013.1	1204	2138	0
NG_060012.1	1339	9	0
NG_060010.1	1322	3	0
NG_060009.1	1322	4	0
NG_060003.1	1361	221	0
NG_060002.1	908	1	0
NG_059999.1	891	6	0
NG_059998.1	910	2	0
NG_059996.1	967	8	0
NG_059992.1	933	1	0
NG_059990.1	1059	3	0
NG_059989.1	910	3	0
NG_059987.1	645	1	0
NG_059986.1	538	2	0
NG_059979.1	1037	55	0
NG_059978.1	953	3	0
NG_059977.1	1378	6	0
NG_059976.1	872	1	0
NG_059970.1	1364	10	0
NG_059960.1	1312	4	0
NG_059959.1	1313	7	0
NG_059948.1	1386	18	0
NG_059947.1	1342	51	0
NG_059916.1	3265	77	0
NG_059915.1	3254	156	0
NG_059905.1	935	1	0
NG_055326.1	3221	148	0
NG_059841.1	901	59	0
NG_059836.1	886	1	0
NG_059828.1	902	37	0
NG_059826.1	1244	1	0
NG_059825.1	1247	5	0
NG_059824.1	1253	3	0
NG_059811.1	1291	2	0
NG_059810.1	1315	12	0
NG_059809.1	1321	10	0
NG_059808.1	1315	5	0
NG_059805.1	1271	3	0
NG_059803.1	1292	4	0
NG_059799.1	1975	2	0
NG_059798.1	1857	1	0
NG_059788.1	1250	1	0
NG_059778.1	1236	3	0
NG_059760.1	792	1	0
NG_059712.1	825	15	0
NG_059706.1	920	1	0
NG_059700.1	849	191	0
NG_059687.1	903	2	0
NG_059683.1	984	8	0
NG_059679.1	1311	6	0
NG_059656.1	1322	2	0
NG_059648.1	910	1	0
NG_059647.1	987	12	0
NG_059646.1	1041	1	0
NG_059644.1	882	1	0
NG_059637.1	838	1	0
NG_059631.1	841	1	0
NG_059629.1	843	3	0
NG_059623.1	838	1	0
NG_059622.1	840	2	0
NG_059606.1	901	5	0
NG_059605.1	1306	52	0
NG_059596.1	1306	3	0
NG_059586.1	895	1	0
NG_059582.1	914	1	0
NG_059571.1	1322	4	0
NG_059552.1	942	4	0
NG_059548.1	1328	2	0
NG_059538.1	961	15	0
NG_059528.1	866	1	0
NG_059522.1	1328	3	0
NG_059516.1	905	1	0
NG_059508.1	856	1	0
NG_059505.1	881	1	0
NG_059499.1	1405	197	0
NG_059497.1	1803	2	0
NG_059491.1	1324	1	0
NG_059490.1	912	2	0
NG_059475.1	1339	1	0
NG_059471.1	849	5	0
NG_059465.1	872	87	0
NG_059464.1	871	42	0
NG_059446.1	1073	2	0
NG_059445.1	1071	71	0
NG_059444.1	1340	2	0
NG_059442.1	1335	2	0
NG_059434.1	1398	14	0
NG_059428.1	1312	1	0
NG_059402.1	1309	2	0
NG_059401.1	1309	6	0
NG_059400.1	1309	9	0
NG_059398.1	1311	3	0
NG_059395.1	1311	4	0
NG_059394.1	1289	3	0
NG_059393.1	1289	3	0
NG_059392.1	1315	4	0
NG_059391.1	1315	3	0
NG_059390.1	1306	4	0
NG_059389.1	1302	7	0
NG_059387.1	1285	5	0
NG_059386.1	1286	3	0
NG_056285.1	1400	1	0
NG_055327.1	3211	1170	0
NG_055325.1	3224	33	0
NG_042330.1	1285	2	0
NG_059268.1	1371	16	0
NG_059266.1	889	22	0
NG_059265.1	888	2645	0
NG_059262.1	741	1	0
NG_059257.1	817	4	0
NG_059250.1	861	1	0
NG_059248.1	870	1	0
NG_059242.1	874	1	0
NG_059241.1	880	2	0
NG_059238.1	885	1	0
NG_059235.1	1068	1	0
NG_059218.1	859	3	0
NG_059216.1	944	8	0
NG_059205.1	1282	1	0
NG_059204.1	1650	2	0
NG_059202.1	890	1	0
NG_059194.1	1306	8	0
NG_059193.1	1127	1	0
NG_059192.1	1356	1	0
NG_059179.1	935	8	0
NG_059175.1	876	1	0
NG_059168.1	814	1	0
NG_059167.1	836	1	0
NG_059166.1	839	1	0
NG_059165.1	839	1	0
NG_059156.1	963	5	0
NG_059154.1	655	2	0
NG_059153.1	935	4	0
NG_059149.1	934	1	0
NG_059148.1	932	7	0
NG_059125.1	839	1	0
NG_059112.1	1320	17	0
NG_059106.1	1150	10	0
NG_059105.1	1154	5	0
NG_059098.1	917	1	0
NG_059096.1	917	1	0
NG_059094.1	918	1	0
NG_059081.1	674	1	0
NG_059080.1	1326	3	0
NG_059079.1	810	3	0
NG_059076.1	3295	541	0
NG_059075.1	777	6	0
NG_059069.1	611	3	0
NG_059067.1	628	2	0
NG_059062.1	1284	1	0
NG_059061.1	1289	3	0
NG_059049.1	803	2	0
NG_059042.1	892	633	0
NG_059039.1	1239	5	0
NG_059036.1	1315	5	0
NG_059035.1	1315	5	0
NG_059034.1	1315	8	0
NG_059033.1	1306	7	0
NG_059032.1	1307	6	0
NG_059031.1	1317	4	0
NG_059030.1	1305	7	0
NG_059027.1	1030	1	0
NG_059026.1	985	126	0
NG_059011.1	659	1	0
NG_059010.1	937	3	0
NG_059008.1	935	3	0
NG_059007.1	940	4	0
NG_059003.1	658	3	0
NG_058998.1	931	1	0
NG_058994.1	925	1	0
NG_058993.1	901	1	0
NG_058991.1	922	1	0
NG_058990.1	938	12	0
NG_058981.1	837	26	0
NG_058953.1	1386	30	0
NG_058951.1	1314	48	0
NG_058950.1	1305	85	0
NG_058940.1	859	12	0
NG_058939.1	858	3	0
NG_058937.1	1255	12	0
NG_058936.1	1393	37	0
NG_058931.1	1305	64	0
NG_058918.1	819	23	0
NG_058909.1	1350	1	0
NG_058908.1	2165	4	0
NG_058887.1	912	1	0
NG_058886.1	950	3	0
NG_058885.1	921	11	0
NG_058876.1	849	1	0
NG_058872.1	966	16	0
NG_058870.1	954	3	0
NG_058868.1	1397	26	0
NG_058861.1	832	1	0
NG_058857.1	1057	1	0
NG_058856.1	1400	30	0
NG_058847.1	1377	3	0
NG_058845.1	1372	11	0
NG_058840.1	881	1	0
NG_058836.1	906	4	0
NG_058829.1	932	1	0
NG_058822.1	938	2	0
NG_058821.1	1327	2	0
NG_058820.1	931	2	0
NG_058818.1	891	1	0
NG_058816.1	1274	28	0
NG_058804.1	952	5	0
NG_058801.1	953	504	0
NG_058799.1	955	12	0
NG_058797.1	902	2	0
NG_058796.1	933	4	0
NG_058795.1	942	5	0
NG_058794.1	940	4	0
NG_058793.1	954	2	0
NG_058792.1	938	5	0
NG_058789.1	956	5	0
NG_058788.1	949	5	0
NG_058787.1	963	1	0
NG_058786.1	951	9	0
NG_058783.1	955	9	0
NG_058782.1	3290	789	0
NG_058776.1	1407	429	0
NG_058763.1	1314	1	0
NG_058757.1	886	1	0
NG_058755.1	3255	41	0
NG_058754.1	3255	37	0
NG_058753.1	3262	17	0
NG_058752.1	3250	34	0
NG_058751.1	3250	16	0
NG_058750.1	3254	27	0
NG_058749.1	3258	43	0
NG_058748.1	3257	46	0
NG_058747.1	3273	66	0
NG_058746.1	1459	1	0
NG_058743.1	993	56	0
NG_058742.1	1427	3	0
NG_058741.1	1357	1	0
NG_058736.1	1315	4	0
NG_058722.1	1312	1	0
NG_058716.1	1268	4	0
NG_058715.1	1268	2	0
NG_058710.1	879	1	0
NG_058704.1	919	3	0
NG_058701.1	684	181	0
NG_058700.1	844	1	0
NG_058696.1	695	1	0
NG_058690.1	833	1	0
NG_058686.1	1665	1	0
NG_058685.1	1718	2	0
NG_058684.1	906	3	0
NG_058683.1	890	6	0
NG_058682.1	847	1	0
NG_058677.1	1329	1	0
NG_058676.1	1321	2	0
NG_058675.1	1306	2	0
NG_058674.1	1824	3	0
NG_058673.1	1776	9	0
NG_058672.1	1693	4	0
NG_058661.1	604	9	0
NG_058660.1	633	10	0
NG_058656.1	1182	7	0
NG_058653.1	950	1	0
NG_058642.1	1326	2	0
NG_058630.1	3329	27	0
NG_058629.1	3261	32	0
NG_058628.1	3336	102	0
NG_058623.1	1412	6	0
NG_058615.1	627	2	0
NG_058609.1	648	4	0
NG_058606.1	1385	27	0
NG_058604.1	799	1	0
NG_058602.1	845	1	0
NG_058597.1	1342	43	0
NG_058595.1	842	17	0
NG_058593.1	870	460	0
NG_058592.1	870	2	0
NG_058591.1	871	4	0
NG_058590.1	871	1	0
NG_058589.1	870	4	0
NG_058588.1	870	3	0
NG_058587.1	871	5	0
NG_058585.1	882	4	0
NG_058583.1	791	1	0
NG_058582.1	731	89	0
NG_058581.1	1338	13	0
NG_058580.1	1339	8	0
NG_058579.1	1341	11	0
NG_058577.1	882	3	0
NG_058576.1	885	24	0
NG_058575.1	885	33	0
NG_058574.1	885	25	0
NG_058573.1	885	27	0
NG_058572.1	885	4	0
NG_058565.1	1492	1	0
NG_058561.1	698	12	0
NG_058560.1	702	95	0
NG_058548.1	1425	198	0
NG_058547.1	683	1	0
NG_058542.1	1413	2	0
NG_058541.1	625	1	0
NG_058475.1	1289	3	0
NG_058447.1	916	6	0
NG_058439.1	867	1	0
NG_058434.1	932	1	0
NG_058431.1	917	1	0
NG_058417.1	930	9	0
NG_058406.1	703	1	0
NG_058403.1	978	2	0
NG_058401.1	678	2	0
NG_058398.1	891	1	0
NG_058382.1	945	1	0
NG_058379.1	938	1	0
NG_058375.1	940	1	0
NG_058374.1	591	40	0
NG_058371.1	939	1	0
NG_058364.1	742	3	0
NG_058352.1	658	903	0
NG_058351.1	918	9	0
NG_058350.1	639	3	0
NG_058348.1	1185	1	0
NG_058345.1	680	1	0
NG_058343.1	864	2	0
NG_058333.1	921	2	0
NG_058327.1	934	1	0
NG_058322.1	732	2	0
NG_058318.1	931	1	0
NG_058314.1	580	1	0
NG_058305.1	897	6	0
NG_058291.1	668	5	0
NG_058289.1	592	1	0
NG_058288.1	801	4	0
NG_058286.1	810	4	0
NG_058277.1	656	14	0
NG_058271.1	1261	1	0
NG_058268.1	866	1	0
NG_058261.1	1324	2	0
NG_058244.1	903	2	0
NG_058240.1	798	3	0
NG_058198.1	1205	2	0
NG_058197.1	1833	1	0
NG_058166.1	892	1	0
NG_058157.1	1350	15	0
NG_058156.1	1350	10	0
NG_058155.1	1192	1	0
NG_058037.1	1067	6	0
NG_058036.1	1069	3	0
NG_058035.1	1067	6	0
NG_058034.1	1067	5	0
NG_058033.1	1067	2	0
NG_058032.1	1066	4	0
NG_058031.1	1067	6	0
NG_058030.1	1368	3	0
NG_058029.1	1329	1	0
NG_058028.1	1843	92	0
NG_058016.1	1324	2	0
NG_058012.1	1343	24	0
NG_057985.1	799	1	0
NG_057976.1	1059	1	0
NG_057974.1	988	2	0
NG_057971.1	1434	3	0
NG_057970.1	1432	1	0
NG_057954.1	945	2	0
NG_057937.1	659	1	0
NG_057934.1	692	1	0
NG_057910.1	954	484	0
NG_057907.1	935	2	0
NG_057905.1	926	1	0
NG_057902.1	1430	11	0
NG_057901.1	1430	6	0
NG_057897.1	1429	5	0
NG_057895.1	1429	4	0
NG_057880.1	588	90	0
NG_057879.1	586	109	0
NG_057862.1	1304	1	0
NG_057860.1	1253	2	0
NG_057859.1	1281	3	0
NG_057857.1	866	1	0
NG_057855.1	3279	4003	0
NG_057854.1	4009	371	0
NG_057848.1	3299	617	0
NG_057840.1	1357	3	0
NG_057838.1	1327	3	0
NG_057837.1	1325	3	0
NG_057836.1	1327	2	0
NG_057824.1	834	1	0
NG_057822.1	566	1	0
NG_057813.1	1356	1	0
NG_057808.1	1338	3	0
NG_057807.1	1389	1	0
NG_057806.1	1378	4	0
NG_057801.1	1327	5	0
NG_057800.1	1330	3	0
NG_057799.1	1326	1	0
NG_057798.1	1329	2	0
NG_057796.1	1367	4	0
NG_057783.1	935	1	0
NG_057777.1	3283	484	0
NG_057774.1	3286	1360	0
NG_057772.1	3296	572	0
NG_057771.1	1720	99	0
NG_057760.1	669	7	0
NG_057758.1	1426	2	0
NG_057756.1	1259	3	0
NG_057750.1	1315	9	0
NG_057746.1	1289	1	0
NG_057733.1	1441	1	0
NG_057732.1	1432	1	0
NG_057731.1	1385	2	0
NG_057729.1	1413	2	0
NG_057725.1	1305	141	0
NG_057723.1	593	93	0
NG_057720.1	801	1	0
NG_057709.1	1414	2	0
NG_057702.1	871	1	0
NG_057680.1	627	1	0
NG_057668.1	601	1	0
NG_057662.1	627	44	0
NG_057652.1	899	4	0
NG_057649.1	627	1	0
NG_057646.1	623	1	0
NG_057291.1	676	6	0
NG_057289.1	674	9	0
NG_057287.1	818	1	0
NG_057286.1	875	1	0
NG_057283.1	899	9	0
NG_057280.1	782	8	0
NG_057273.1	1429	71	0
NG_057272.1	1389	40	0
NG_057271.1	938	6	0
NG_057270.1	1434	78	0
NG_057269.1	1437	10	0
NG_057268.1	1424	306	0
NG_057267.1	1395	104	0
NG_057266.1	1431	40	0
NG_057265.1	1418	77	0
NG_057264.1	1360	50	0
NG_057262.1	1396	72	0
NG_057261.1	1397	27	0
NG_057258.1	1358	54	0
NG_057257.1	1429	42	0
NG_057256.1	1387	12	0
NG_057255.1	1384	70	0
NG_057254.1	944	4	0
NG_057253.1	936	7	0
NG_057252.1	1364	153	0
NG_057251.1	945	1	0
NG_057250.1	1088	8	0
NG_057249.1	1389	90	0
NG_057247.1	1403	169	0
NG_057246.1	1427	241	0
NG_057245.1	1436	233	0
NG_057244.1	1389	63	0
NG_057243.1	1448	36	0
NG_057242.1	1301	38	0
NG_057241.1	1387	73	0
NG_057240.1	1419	14	0
NG_057239.1	1389	57	0
NG_057238.1	1442	53	0
NG_057237.1	1028	21	0
NG_057236.1	1395	44	0
NG_057235.1	1351	102	0
NG_057234.1	1389	42	0
NG_057230.1	937	9	0
NG_057228.1	906	5	0
NG_057227.1	1429	285	0
NG_057226.1	1386	157	0
NG_057225.1	1381	8	0
NG_057224.1	911	4	0
NG_057223.1	1398	22	0
NG_057222.1	1352	79	0
NG_057221.1	1424	89	0
NG_057220.1	1312	79	0
NG_057219.1	1363	40	0
NG_057218.1	1429	64	0
NG_057217.1	1397	88	0
NG_057216.1	1361	73	0
NG_057215.1	1420	69	0
NG_057214.1	1385	144	0
NG_057213.1	1426	63	0
NG_057212.1	1383	77	0
NG_057211.1	939	3	0
NG_057210.1	1421	1009	0
NG_057209.1	1386	69	0
NG_057208.1	1428	76	0
NG_057207.1	929	5	0
NG_057206.1	1422	66	0
NG_057205.1	1387	38	0
NG_057204.1	1385	54	0
NG_057203.1	1425	55	0
NG_057202.1	1385	75	0
NG_057201.1	1354	51	0
NG_057199.1	1425	307	0
NG_057198.1	1421	57	0
NG_057197.1	1433	47	0
NG_057195.1	1432	1346	0
NG_057194.1	884	1	0
NG_057193.1	1442	207	0
NG_057192.1	921	21	0
NG_057191.1	1427	66	0
NG_057190.1	1430	1024	0
NG_057189.1	1430	114	0
NG_057182.1	927	2	0
NG_057178.1	3253	40	0
NG_057177.1	3253	69	0
NG_057176.1	3254	13	0
NG_057175.1	3254	12	0
NG_057174.1	3258	23	0
NG_057173.1	3254	13	0
NG_057172.1	3250	18	0
NG_057171.1	3249	18	0
NG_057170.1	3251	111	0
NG_057169.1	3256	115	0
NG_057168.1	3253	99	0
NG_057167.1	3255	61	0
NG_057166.1	3259	91	0
NG_057165.1	3261	99	0
NG_057164.1	3255	106	0
NG_057163.1	3282	88	0
NG_057162.1	3299	95	0
NG_057161.1	3264	44	0
NG_057160.1	3267	92	0
NG_057159.1	3267	97	0
NG_057158.1	3273	87	0
NG_057146.1	708	1	0
NG_057145.1	715	11	0
NG_057141.1	1309	10	0
NG_057140.1	1314	7	0
NG_057138.1	1331	4	0
NG_057128.1	927	5	0
NG_057125.1	926	3	0
NG_057119.1	1303	2	0
NG_057112.1	880	1	0
NG_057107.1	878	3	0
NG_057106.1	873	2	0
NG_057098.1	1344	7	0
NG_057095.1	1829	2	0
NG_057091.1	1345	4	0
NG_057088.1	844	1	0
NG_057084.1	855	1	0
NG_057081.1	1832	1	0
NG_057074.1	838	1	0
NG_057073.1	871	1	0
NG_057072.1	839	1	0
NG_057067.1	1349	5469	0
NG_057066.1	1374	14	0
NG_057065.1	1388	8	0
NG_057062.1	1454	496	0
NG_057061.1	1442	869	0
NG_057060.1	1452	4	0
NG_057058.1	1382	1	0
NG_057053.1	808	2	0
NG_057043.1	1392	4	0
NG_057042.1	968	137	0
NG_057041.1	1388	23	0
NG_057038.1	864	4	0
NG_057033.1	794	1	0
NG_057032.1	858	2	0
NG_057029.1	915	3	0
NG_057020.1	1309	311	0
NG_057015.1	1389	7	0
NG_057011.1	906	1	0
NG_057009.1	874	1	0
NG_056999.1	988	259	0
NG_056975.1	1487	1	0
NG_056969.1	1348	2	0
NG_056968.1	3289	647	0
NG_056959.1	1326	1	0
NG_056956.1	619	119	0
NG_056952.1	1119	3	0
NG_056937.1	1305	5	0
NG_056290.1	1270	3	0
NG_056287.1	1103	2	0
NG_056281.1	1071	2	0
NG_056278.1	3263	2790	0
NG_056269.1	628	59	0
NG_056267.1	1283	7	0
NG_042490.1	586	1	0
NG_042761.1	1797	9	0
NG_042733.1	936	1	0
NG_042443.1	949	1	0
