NR_178170.1	621	4	0
NR_178167.1	789	3	0
NR_178159.1	660	30	0
NR_178158.1	737	29	0
NR_178153.1	683	1	0
NR_178151.1	630	1	0
NR_178141.1	628	10	0
NR_178118.1	696	3	0
NR_173317.1	648	44	0
NR_177612.1	779	20	0
NR_177586.1	543	29	0
NR_177551.1	496	1	0
NR_177536.1	607	11	0
NR_177535.1	608	8	0
NR_177534.1	604	7	0
NR_177533.1	652	3	0
NR_177513.1	677	28	0
NR_177510.1	634	33	0
NR_177500.1	630	14	0
NR_177463.1	612	15	0
NR_177458.1	784	32	0
NR_152978.1	740	26	0
NR_177181.1	963	293	0
NR_177180.1	896	5	0
NR_177176.1	784	1	0
NR_177173.1	846	1	0
NR_177144.1	587	1	0
NR_177134.1	654	2	0
NR_176721.1	627	1	0
NR_176700.1	676	1	0
NR_176697.1	709	35	0
NR_149342.1	666	1	0
NR_175700.1	716	4	0
NR_175249.1	677	2	0
NR_173883.1	605	9	0
NR_176137.1	673	23	0
NR_176123.1	336	1	0
NR_157938.1	718	1	0
NR_157933.1	674	1	0
NR_130284.1	697	1	0
NR_130240.1	675	1	0
NR_120301.1	557	11	0
NR_119795.1	728	1	0
NR_175760.1	600	1	0
NR_175742.1	604	5	0
NR_175704.1	737	1	0
NR_175695.1	575	1	0
NR_175633.1	747	55	0
NR_175608.1	470	1	0
NR_175251.1	706	4	0
NR_175250.1	681	6	0
NR_119809.1	690	2	0
NR_175193.1	588	1	0
NR_175152.1	733	2	0
NR_175150.1	532	12	0
NR_175142.1	873	1	0
NR_175127.1	706	1	0
NR_175112.1	655	1	0
NR_175107.1	602	1	0
NR_175105.1	750	5	0
NR_175095.1	778	6	0
NR_175052.1	689	1	0
NR_175050.1	775	1	0
NR_174928.1	719	1	0
NR_174900.1	744	1	0
NR_174894.1	818	1	0
NR_174819.1	628	23	0
NR_174818.1	620	17	0
NR_174807.1	613	1	0
NR_174802.1	778	1	0
NR_174799.1	760	1	0
NR_174794.1	780	2	0
NR_174793.1	781	1	0
NR_174782.1	712	1	0
NR_174774.1	723	1	0
NR_174762.1	748	25	0
NR_174761.1	732	16	0
NR_174760.1	735	21	0
NR_174759.1	732	8	0
NR_174757.1	632	1	0
NR_174742.1	620	3	0
NR_174741.1	620	2	0
NR_174737.1	632	1	0
NR_174733.1	677	35	0
NR_174732.1	667	31	0
NR_174731.1	671	131	0
NR_174730.1	594	41	0
NR_174729.1	649	1	0
NR_174728.1	655	5	0
NR_174722.1	575	32	0
NR_174659.1	715	1	0
NR_174655.1	701	1	0
NR_153452.1	544	29	0
NR_174068.1	677	1	0
NR_174052.1	661	17	0
NR_174051.1	660	15	0
NR_164277.1	756	373	0
NR_173979.1	695	1	0
NR_173978.1	693	1	0
NR_173972.1	721	8	0
NR_173971.1	736	1	0
NR_173967.1	732	18	0
NR_173944.1	739	9	0
NR_173939.1	689	140	0
NR_173904.1	692	131	0
NR_173878.1	628	7	0
NR_173874.1	735	11	0
NR_173872.1	675	8	0
NR_173834.1	723	12	0
NR_173793.1	748	4	0
NR_173743.1	712	2	0
NR_173726.1	695	13	0
NR_173462.1	624	1	0
NR_173429.1	683	1	0
NR_173417.1	711	1	0
NR_173403.1	678	1	0
NR_170845.1	678	1	0
NR_119473.1	642	400	0
NR_152475.1	651	1	0
NR_152474.1	646	1	0
NR_137743.1	463	35	0
NR_137742.1	488	28	0
NR_173324.1	578	22	0
NR_173316.1	479	6	0
NR_173315.1	625	6	0
NR_173308.1	572	8	0
NR_173278.1	646	1	0
NR_173262.1	568	4	0
NR_173259.1	415	4	0
NR_173255.1	825	1	0
NR_173232.1	519	1	0
NR_173216.1	785	58	0
NR_173215.1	759	1	0
NR_173188.1	1016	2	0
NR_173187.1	722	1	0
NR_173164.1	674	3	0
NR_173045.1	619	1	0
NR_172995.1	636	2	0
NR_172985.1	692	1	0
NR_172976.1	576	1	0
NR_172974.1	518	124	0
NR_172955.1	775	1	0
NR_155106.1	685	1	0
NR_172855.1	665	1	0
NR_172792.1	707	1	0
NR_172782.1	806	24	0
NR_172766.1	649	36	0
NR_172438.1	640	2	0
NR_172427.1	806	17	0
NR_154910.1	598	1	0
NR_153597.1	609	222	0
NR_119591.1	573	1	0
NR_172330.1	639	1	0
NR_172325.1	593	1	0
NR_172258.1	572	4	0
NR_172246.1	715	2	0
NR_172227.1	722	2	0
NR_172217.1	765	1	0
NR_172146.1	631	1	0
NR_159628.1	548	11	0
NR_157473.1	677	1	0
NR_120312.1	602	25	0
NR_171913.1	753	1	0
NR_171869.1	618	14	0
NR_171838.1	691	1	0
NR_171785.1	554	4	0
NR_171754.1	706	1	0
NR_171752.1	711	1	0
NR_171751.1	708	1	0
NR_171727.1	573	1	0
NR_171718.1	636	27	0
NR_171600.1	565	8	0
NR_171345.1	647	1	0
NR_171326.1	631	1	0
NR_171267.1	976	46	0
NR_171241.1	536	1	0
NR_171148.1	604	1	0
NR_171145.1	616	1	0
NR_171144.1	608	1	0
NR_171133.1	625	1	0
NR_171123.1	619	1	0
NR_145301.1	603	1	0
NR_170855.1	595	1	0
NR_170844.1	638	1	0
NR_170772.1	705	1	0
NR_170738.1	815	6	0
NR_170723.1	675	1	0
NR_156500.1	728	2	0
NR_169897.1	607	1	0
NR_169896.1	582	2	0
NR_169895.1	580	5	0
NR_169668.1	795	1	0
NR_169648.1	551	1	0
NR_168751.1	703	2	0
NR_168750.1	699	2	0
NR_158374.1	667	401	0
NR_168426.1	687	1	0
NR_168425.1	687	2	0
NR_168410.1	606	2	0
NR_168167.1	585	100	0
NR_168152.1	638	1	0
NR_168144.1	586	2	0
NR_168142.1	715	3	0
NR_166037.1	662	1	0
NR_167959.1	752	1	0
NR_167957.1	764	1	0
NR_167956.1	752	1	0
NR_167953.1	726	2	0
NR_167951.1	695	1	0
NR_167942.1	691	1	0
NR_126127.1	614	15	0
NR_126123.1	584	2	0
NR_166369.1	748	3	0
NR_166278.1	704	10	0
NR_166237.1	641	119	0
NR_166232.1	700	32	0
NR_165985.1	833	1	0
NR_165984.1	843	1	0
NR_165982.1	778	22	0
NR_165968.1	531	39	0
NR_160610.1	697	125	0
NR_160608.1	669	1	0
NR_121487.1	728	14	0
NR_119899.1	569	1	0
NR_166034.1	650	1	0
NR_165950.1	759	114	0
NR_165941.1	581	7	0
NR_165940.1	835	6	0
NR_121520.1	692	2	0
NR_165576.1	532	1	0
NR_165506.1	701	1	0
NR_165200.1	829	3	0
NR_120266.2	605	21	0
NR_119776.1	675	1	0
NR_119557.1	580	130	0
NR_119524.1	722	1	0
NR_164613.1	833	1	0
NR_164539.1	666	1	0
NR_164522.1	436	2	0
NR_164380.1	388	1	0
NR_164379.1	434	6	0
NR_164269.1	640	3	0
NR_164229.1	643	1	0
NR_164224.1	649	1	0
NR_164045.1	735	6	0
NR_155822.1	514	2	0
NR_155820.1	485	1	0
NR_155819.1	464	7	0
NR_155813.1	489	9	0
NR_137870.1	614	13	0
NR_111375.1	552	7	0
NR_163770.1	734	3	0
NR_154803.1	784	1	0
NR_154704.1	668	3	0
NR_154391.1	832	1	0
NR_153863.1	801	37	0
NR_152977.1	741	16	0
NR_147650.1	608	1	0
NR_145284.1	580	6	0
NR_145276.1	600	2	0
NR_138380.1	678	45	0
NR_132841.1	647	114	0
NR_132054.1	1092	50	0
NR_126135.1	582	2	0
NR_126116.1	639	1	0
NR_121448.1	646	3	0
NR_121447.1	641	5	0
NR_121446.1	637	6	0
NR_121444.1	642	4	0
NR_121434.1	680	1	0
NR_121422.1	655	1	0
NR_121419.1	652	1	0
NR_121413.1	654	1	0
NR_121401.1	672	1	0
NR_121400.1	692	2842	0
NR_121398.1	691	2820	0
NR_121395.1	691	2883	0
NR_121394.1	689	2884	0
NR_121393.1	689	2823	0
NR_121391.1	690	2797	0
NR_121390.1	694	2765	0
NR_121388.1	694	2799	0
NR_121387.1	691	2779	0
NR_121385.1	664	125	0
NR_121384.1	664	120	0
NR_121372.1	673	1	0
NR_121369.1	623	36	0
NR_121339.1	804	47	0
NR_119725.1	671	1	0
NR_119652.1	668	44	0
NR_119650.1	681	48	0
NR_119649.1	790	1	0
NR_119644.1	713	44	0
NR_119592.1	565	1	0
NR_119590.1	749	40	0
NR_119555.1	747	2	0
NR_119554.1	824	55	0
NR_119543.1	814	1	0
NR_119537.1	659	1	0
NR_111682.1	565	4	0
NR_111658.1	636	1	0
NR_103650.1	731	5	0
NR_103629.1	628	2	0
NR_103628.1	581	1	0
NR_103627.1	585	5	0
NR_103625.1	661	2	0
NR_077169.1	664	1	0
NR_073283.1	600	1	0
NR_163517.1	809	2	0
NR_163315.1	693	2	0
NR_163280.1	752	1	0
NR_161043.1	732	1	0
NR_161032.1	721	1	0
NR_161027.1	712	1	0
NR_161042.1	690	1	0
NR_151802.1	369	3	0
NR_160568.1	638	4	0
NR_160505.1	605	1	0
NR_160464.1	709	1	0
NR_160459.1	834	14	0
NR_160330.1	684	8	0
NR_160321.1	471	2	0
NR_160054.1	594	4	0
NR_160239.1	807	5	0
NR_160167.1	475	22	0
NR_160089.1	480	2	0
NR_159832.1	686	17	0
NR_159831.1	704	15	0
NR_159823.1	725	1	0
NR_119739.2	679	3	0
NR_119560.2	742	1	0
NR_119415.2	697	22	0
NR_121542.1	712	12	0
NR_121532.1	682	3	0
NR_121525.1	638	8	0
NR_121524.1	605	2	0
NR_121504.1	759	1	0
NR_121483.1	504	3	0
NR_121458.1	797	31	0
NR_121454.1	683	1	0
NR_121347.1	685	6	0
NR_121301.1	589	1	0
NR_121288.1	670	1	0
NR_121274.1	796	4	0
NR_120229.1	657	1	0
NR_120172.1	619	1	0
NR_120035.1	609	22	0
NR_120025.1	850	13	0
NR_120008.1	671	2	0
NR_119975.1	746	1	0
NR_119973.1	661	1	0
NR_119968.1	687	10	0
NR_119826.1	672	10	0
NR_119797.1	712	1	0
NR_119772.1	671	1	0
NR_119766.1	658	1	0
NR_119691.1	646	1	0
NR_119439.1	697	2	0
NR_119416.1	506	15	0
NR_111420.1	715	2	0
NR_111372.1	552	10	0
NR_111355.1	822	1	0
NR_111292.1	395	7	0
NR_111258.1	568	48	0
NR_111248.1	356	1	0
NR_111187.1	533	1	0
NR_111050.1	621	1	0
NR_111049.1	560	1	0
NR_111006.1	749	1	0
NR_103612.1	631	11	0
NR_103585.1	711	2	0
NR_073312.1	631	4	0
NR_073298.1	618	1	0
NR_073277.1	608	1	0
NR_073273.1	612	1	0
NR_073271.1	622	2	0
NR_073265.1	609	4	0
NR_073225.1	647	2	0
NR_159639.1	765	1	0
NR_159605.1	752	1	0
NR_159598.1	588	10	0
NR_159588.1	548	1	0
NR_159064.1	660	1	0
NR_159061.1	684	42	0
NR_159055.1	674	1	0
NR_159012.1	821	2	0
NR_158945.1	549	10	0
NR_158944.1	616	5	0
NR_158943.1	580	11	0
NR_158926.1	707	67	0
NR_158924.1	505	29	0
NR_158908.1	649	1	0
NR_158876.1	749	1	0
NR_158805.1	642	3	0
NR_158794.1	578	1	0
NR_137050.1	540	1	0
NR_158525.1	500	10	0
NR_158485.1	766	5	0
NR_158461.1	862	45	0
NR_158460.1	695	193	0
NR_158333.1	639	1	0
NR_157929.1	695	1	0
NR_157915.1	645	17	0
NR_157486.1	769	2	0
NR_156332.1	666	1	0
NR_156300.1	761	1	0
NR_156246.1	613	4	0
NR_156245.1	621	1	0
NR_155369.1	392	1	0
NR_156607.1	604	2	0
NR_156569.1	653	1	0
NR_156539.1	668	4	0
NR_156527.1	728	2	0
NR_156519.1	658	1	0
NR_156518.1	655	2	0
NR_156234.1	620	1	0
NR_156001.1	763	13	0
NR_155991.1	790	11	0
NR_155964.1	701	2	0
NR_155933.1	575	175	0
NR_155919.1	561	13	0
NR_155918.1	562	9	0
NR_155916.1	560	11	0
NR_155912.1	565	9	0
NR_155910.1	661	22	0
NR_155891.1	859	2	0
NR_155849.1	470	2	0
NR_155847.1	501	2	0
NR_155846.1	625	7	0
NR_155844.1	683	4	0
NR_155834.1	484	1	0
NR_155826.1	647	1	0
NR_155817.1	550	4	0
NR_155808.1	565	2	0
NR_155807.1	625	1	0
NR_155800.1	654	2	0
NR_155798.1	488	6	0
NR_155789.1	760	1	0
NR_155788.1	761	3	0
NR_155783.1	528	1	0
NR_155729.1	675	1	0
NR_155719.1	687	12	0
NR_155707.1	609	1	0
NR_155695.1	500	6	0
NR_155683.1	664	3	0
NR_155580.1	805	1	0
NR_155484.1	696	1	0
NR_155462.1	923	3	0
NR_155368.1	707	2	0
NR_155367.1	550	1	0
NR_155334.1	588	1	0
NR_155331.1	753	26	0
NR_155240.1	523	1	0
NR_155235.1	724	1	0
NR_155232.1	773	34	0
NR_155227.1	716	1	0
NR_130694.1	499	1	0
NR_155182.1	633	2	0
NR_155181.1	758	2	0
NR_155180.1	587	1	0
NR_155147.1	440	51	0
NR_155110.1	690	1	0
NR_155081.1	791	1	0
NR_155020.1	595	3	0
NR_155011.1	401	8	0
NR_155007.1	544	89	0
NR_155006.1	540	31	0
NR_155004.1	507	12	0
NR_136969.1	428	2	0
NR_154978.1	685	33	0
NR_154966.1	618	4	0
NR_154793.1	659	2	0
NR_154685.1	503	1	0
NR_154681.1	601	2	0
NR_154669.1	892	11	0
NR_154534.1	579	111	0
NR_154533.1	577	93	0
NR_154494.1	701	3	0
NR_154470.1	699	1	0
NR_154354.1	600	275	0
NR_154251.1	605	3	0
NR_154250.1	596	3	0
NR_154249.1	619	2	0
NR_154202.1	497	1	0
NR_154200.1	596	5	0
NR_154135.1	616	20	0
NR_154119.1	675	48	0
NR_154081.1	671	26	0
NR_154021.1	723	18	0
NR_153930.1	702	2	0
NR_153641.1	562	2	0
NR_153639.1	559	5	0
NR_153637.1	567	1	0
NR_153636.1	556	1	0
NR_153606.1	834	5	0
NR_153577.1	633	2	0
NR_153569.1	779	6	0
NR_153565.1	675	8	0
NR_153553.1	648	4	0
NR_153525.1	717	281	0
NR_153522.1	718	1	0
NR_153482.1	543	11	0
NR_153449.1	677	17	0
NR_153040.1	690	14	0
NR_153039.1	682	18	0
NR_152910.1	697	1	0
NR_138231.1	640	2	0
NR_137065.1	656	1	0
NR_132869.1	584	1	0
NR_130212.1	669	13	0
NR_153032.1	584	1	0
NR_153029.1	613	16	0
NR_152997.1	655	1	0
NR_152538.1	632	1	0
NR_152537.1	632	1	0
NR_152495.1	707	3	0
NR_152483.1	651	1	0
NR_152482.1	636	8	0
NR_152477.1	591	1	0
NR_151842.1	866	107	0
NR_149348.1	642	1	0
NR_148106.1	698	6	0
NR_147659.1	657	6	0
NR_147574.1	650	2	0
NR_147528.1	744	177	0
NR_147320.1	508	1	0
NR_146256.1	715	1	0
NR_145382.1	875	1	0
NR_145335.1	719	22	0
NR_145305.1	764	1	0
NR_145019.1	601	1	0
NR_144909.1	486	1	0
NR_144901.1	637	190	0
NR_126138.2	491	70	0
NR_138411.1	617	5	0
NR_138387.1	684	67	0
NR_138234.1	641	3	0
NR_138220.1	469	47	0
NR_138198.1	638	2	0
NR_138188.1	697	121	0
NR_138171.1	813	1	0
NR_137840.1	691	1	0
NR_137759.1	471	1	0
NR_137126.1	635	3	0
NR_136125.1	634	1	0
NR_136010.1	651	1	0
NR_135947.1	565	1	0
NR_132903.1	732	1	0
NR_132836.1	641	9	0
NR_132830.1	768	7	0
NR_130677.1	340	96	0
NR_130661.1	461	1	0
NR_130298.1	707	1	0
NR_130218.1	727	1	0
NR_126151.1	803	3	0
NR_151753.1	733	1	0
NR_131891.1	605	3	0
NR_131837.1	628	1	0
NR_131807.1	612	35	0
NR_131798.1	705	20	0
NR_153294.1	483	1	0
NR_153288.1	515	2	0
NR_153282.1	485	2	0
NR_153281.1	595	1	0
NR_153250.1	794	1	0
NR_153234.1	586	14	0
NR_153173.1	676	2	0
NR_153151.1	693	3	0
NR_153139.1	709	6	0
NR_153135.1	748	1	0
NR_153129.1	700	1	0
NR_148101.1	604	1	0
NR_147536.1	629	1	0
NR_147534.1	593	1	0
NR_147337.1	702	1	0
NR_145183.1	542	23	0
NR_144920.1	549	12	0
NR_144772.1	753	1	0
NR_138272.1	766	1	0
NR_137869.1	619	6	0
NR_137710.1	803	20	0
NR_137696.1	388	2	0
NR_137682.1	428	2	0
NR_137676.1	454	3	0
NR_137664.1	628	1	0
NR_137658.1	664	1	0
NR_137656.1	670	1	0
NR_137655.1	668	1	0
NR_137598.1	517	1	0
NR_137107.1	627	2	0
NR_137029.1	826	12	0
NR_137021.1	682	2	0
NR_152348.1	724	8	0
NR_138402.1	670	36	0
