NR_178170.1	621	18	0
NR_178153.1	683	5	0
NR_178146.1	723	1	0
NR_178141.1	628	41	0
NR_178118.1	696	1	0
NR_178091.1	674	1	0
NR_177640.1	689	1	0
NR_177617.1	998	1	0
NR_177586.1	543	13	0
NR_177573.1	661	1	0
NR_177536.1	607	4	0
NR_177534.1	604	1	0
NR_177533.1	652	3	0
NR_177513.1	677	14	0
NR_177510.1	634	9	0
NR_177501.1	644	1	0
NR_177500.1	630	3	0
NR_177487.1	621	2	0
NR_177469.1	660	1	0
NR_177463.1	612	5	0
NR_177462.1	662	1	0
NR_177458.1	784	2079	0
NR_152978.1	740	1	0
NR_152923.1	777	1	0
NR_177181.1	963	200	0
NR_177180.1	896	6	0
NR_177176.1	784	144	0
NR_177173.1	846	1	0
NR_177148.1	633	4	0
NR_176776.1	583	1	0
NR_176708.1	579	1	0
NR_176701.1	659	1	0
NR_176699.1	685	1	0
NR_176698.1	704	3	0
NR_176697.1	709	7	0
NR_149342.1	666	1	0
NR_165949.1	612	1	0
NR_111698.1	555	1	0
NR_175700.1	716	324	0
NR_175249.1	677	14	0
NR_173883.1	605	8	0
NR_176188.1	674	1	0
NR_176173.1	795	1	0
NR_176137.1	673	12	0
NR_176108.1	665	1	0
NR_175027.1	728	1	0
NR_157961.1	719	1	0
NR_157938.1	718	1	0
NR_157935.1	686	1	0
NR_153050.1	726	3	0
NR_131801.1	746	1	0
NR_130297.1	648	1	0
NR_130286.1	724	3	0
NR_130283.1	711	1	0
NR_130274.1	708	2	0
NR_130270.1	662	1	0
NR_130269.1	693	1	0
NR_130234.1	681	1	0
NR_130206.1	728	1	0
NR_130201.1	727	1	0
NR_120301.1	557	1497	0
NR_119795.1	728	1	0
NR_175760.1	600	5	0
NR_175732.1	646	1	0
NR_175695.1	575	1	0
NR_175633.1	747	31	0
NR_175602.1	769	1	0
NR_175251.1	706	17	0
NR_175250.1	681	18	0
NR_172147.1	663	1	0
NR_131803.1	706	1	0
NR_130213.1	773	4	0
NR_119806.1	738	1	0
NR_175186.1	571	49	0
NR_175183.1	653	39	0
NR_175153.1	735	4	0
NR_175152.1	733	10	0
NR_175150.1	532	4	0
NR_175127.1	706	2	0
NR_175112.1	655	2	0
NR_175107.1	602	2	0
NR_175105.1	750	2	0
NR_175101.1	641	100	0
NR_175100.1	846	2	0
NR_175096.1	732	1	0
NR_175095.1	778	146	0
NR_175077.1	625	1	0
NR_175064.1	600	3	0
NR_174921.1	604	1	0
NR_174900.1	744	123	0
NR_174894.1	818	1	0
NR_174826.1	589	11	0
NR_174825.1	376	1	0
NR_174821.1	644	1	0
NR_174819.1	628	97	0
NR_174818.1	620	92	0
NR_174799.1	760	3	0
NR_174798.1	753	7	0
NR_174797.1	776	4	0
NR_174796.1	778	2	0
NR_174794.1	780	3	0
NR_174793.1	781	1	0
NR_174792.1	780	3	0
NR_174791.1	736	1	0
NR_174790.1	813	2	0
NR_174786.1	716	1	0
NR_174783.1	714	1	0
NR_174779.1	703	2	0
NR_174778.1	713	2	0
NR_174763.1	813	2	0
NR_174762.1	748	16	0
NR_174761.1	732	16	0
NR_174760.1	735	8	0
NR_174759.1	732	2	0
NR_174756.1	610	3	0
NR_174752.1	564	4	0
NR_174747.1	682	1	0
NR_174744.1	671	2	0
NR_174741.1	620	1	0
NR_174737.1	632	4	0
NR_174734.1	710	1	0
NR_174733.1	677	94	0
NR_174732.1	667	85	0
NR_174731.1	671	15	0
NR_174730.1	594	90	0
NR_174726.1	650	1	0
NR_174722.1	575	13	0
NR_171256.1	633	2	0
NR_144984.1	684	1	0
NR_174668.1	667	9	0
NR_174637.1	594	1	0
NR_153452.1	544	8	0
NR_174052.1	661	941	0
NR_174051.1	660	967	0
NR_174039.1	723	6	0
NR_174038.1	723	10	0
NR_174037.1	719	10	0
NR_174034.1	793	1	0
NR_164277.1	756	3402	0
NR_119887.1	608	1	0
NR_173978.1	693	2	0
NR_173976.1	657	1	0
NR_173973.1	760	1	0
NR_173972.1	721	38	0
NR_173969.1	649	1	0
NR_173967.1	732	59	0
NR_173944.1	739	70	0
NR_173940.1	663	1	0
NR_173939.1	689	1233	0
NR_173938.1	780	7	0
NR_173937.1	736	1	0
NR_173904.1	692	376	0
NR_173882.1	695	1	0
NR_173881.1	617	109	0
NR_173880.1	656	2	0
NR_173879.1	535	1	0
NR_173878.1	628	98	0
NR_173877.1	697	2	0
NR_173875.1	670	2	0
NR_173874.1	735	409	0
NR_173873.1	650	28	0
NR_173872.1	675	376	0
NR_173868.1	555	2	0
NR_173842.1	550	10	0
NR_173834.1	723	30	0
NR_173793.1	748	324	0
NR_173787.1	723	22	0
NR_173769.1	571	2	0
NR_173766.1	563	1	0
NR_173762.1	751	1	0
NR_173726.1	695	59	0
NR_173484.1	625	1	0
NR_173429.1	683	1	0
NR_173428.1	634	1	0
NR_173427.1	637	2	0
NR_173417.1	711	5	0
NR_173403.1	678	6	0
NR_155247.1	712	9	0
NR_119473.1	642	761	0
NR_173390.1	610	2	0
NR_173379.1	552	1	0
NR_173360.1	760	1	0
NR_137743.1	463	266	0
NR_137742.1	488	255	0
NR_173324.1	578	14	0
NR_173319.1	700	1	0
NR_173316.1	479	54	0
NR_173315.1	625	7	0
NR_173313.1	531	2	0
NR_173308.1	572	2	0
NR_173298.1	614	2	0
NR_173264.1	648	2	0
NR_173227.1	654	1	0
NR_173219.1	607	3	0
NR_173216.1	785	11	0
NR_173210.1	709	1	0
NR_173189.1	791	5	0
NR_173188.1	1016	129	0
NR_173155.1	669	1	0
NR_173077.1	656	2	0
NR_172995.1	636	1	0
NR_172992.1	714	1	0
NR_172976.1	576	2	0
NR_172974.1	518	112	0
NR_172855.1	665	4	0
NR_172818.1	494	5	0
NR_172806.1	679	1	0
NR_172804.1	685	1	0
NR_172796.1	625	1	0
NR_172792.1	707	1	0
NR_172782.1	806	2899	0
NR_172766.1	649	13	0
NR_172757.1	715	1	0
NR_172735.1	543	1	0
NR_172734.1	533	3	0
NR_172544.1	741	1	0
NR_172427.1	806	22	0
NR_154314.1	741	2	0
NR_153597.1	609	714	0
NR_119591.1	573	2	0
NR_172361.1	745	1	0
NR_172324.1	605	1	0
NR_172323.1	554	1	0
NR_172296.1	629	4	0
NR_172258.1	572	12	0
NR_172245.1	756	1	0
NR_172227.1	722	81	0
NR_172295.1	633	1	0
NR_172192.1	595	1	0
NR_172174.1	570	1	0
NR_159628.1	548	3	0
NR_120312.1	602	172	0
NR_172002.1	689	2	0
NR_171999.1	614	1	0
NR_171936.1	504	1	0
NR_171913.1	753	1	0
NR_171869.1	618	98	0
NR_171839.1	644	1	0
NR_171795.1	531	1	0
NR_171785.1	554	1	0
NR_171769.1	541	1	0
NR_171754.1	706	7	0
NR_171752.1	711	6	0
NR_171751.1	708	7	0
NR_171718.1	636	3	0
NR_171600.1	565	10	0
NR_171265.1	671	2	0
NR_171354.1	686	1	0
NR_171347.1	623	1	0
NR_171333.1	567	1	0
NR_171330.1	593	1	0
NR_171321.1	583	1	0
NR_171267.1	976	202	0
NR_171255.1	681	2	0
NR_171233.1	590	3	0
NR_171212.1	596	1	0
NR_171159.1	578	2	0
NR_171144.1	608	10	0
NR_171139.1	622	5	0
NR_145301.1	603	10	0
NR_170772.1	705	5	0
NR_170740.1	751	2	0
NR_170724.1	739	1	0
NR_170723.1	675	3	0
NR_168150.1	536	1	0
NR_156500.1	728	12	0
NR_170026.1	632	1	0
NR_169927.1	637	1	0
NR_169974.1	641	3	0
NR_169697.1	729	1	0
NR_169693.1	656	26	0
NR_169674.1	544	1	0
NR_169668.1	795	10	0
NR_169651.1	556	1	0
NR_168775.1	485	1	0
NR_168772.1	618	1	0
NR_168751.1	703	7	0
NR_168750.1	699	3	0
NR_158374.1	667	2609	0
NR_147521.1	633	6	0
NR_120088.1	705	4	0
NR_168426.1	687	1	0
NR_168425.1	687	1	0
NR_168417.1	601	1	0
NR_168413.1	605	1	0
NR_168411.1	608	1	0
NR_168410.1	606	6	0
NR_168406.1	604	1	0
NR_168219.1	701	1	0
NR_168152.1	638	8	0
NR_168142.1	715	23	0
NR_166037.1	662	21	0
NR_132831.1	618	1	0
NR_167958.1	761	1	0
NR_167952.1	753	1	0
NR_132835.1	653	2	0
NR_166798.1	724	2	0
NR_166302.1	780	3	0
NR_166282.1	702	1	0
NR_166278.1	704	50	0
NR_166237.1	641	490	0
NR_166232.1	700	12	0
NR_166223.1	659	13	0
NR_165982.1	778	2	0
NR_165968.1	531	2	0
NR_165965.1	624	1	0
NR_165961.1	605	1	0
NR_165944.1	768	1	0
NR_160610.1	697	100	0
NR_160608.1	669	1	0
NR_153127.1	626	1	0
NR_153126.1	640	1	0
NR_152356.1	715	2	0
NR_121487.1	728	8	0
NR_166034.1	650	7	0
NR_166003.1	612	2	0
NR_165950.1	759	26	0
NR_165940.1	835	1	0
NR_121520.1	692	400	0
NR_165911.1	485	1	0
NR_165610.1	669	1	0
NR_165209.1	595	1	0
NR_120266.2	605	144	0
NR_119557.1	580	314	0
NR_164539.1	666	16	0
NR_164509.1	477	10	0
NR_164489.1	768	1	0
NR_164430.1	729	1	0
NR_164379.1	434	17	0
NR_164254.1	504	1	0
NR_164292.1	705	14	0
NR_164278.1	690	3	0
NR_164269.1	640	16	0
NR_164225.1	508	1	0
NR_164224.1	649	2	0
NR_164084.1	344	2	0
NR_164069.1	722	1	0
NR_164057.1	750	1	0
NR_164056.1	742	1	0
NR_164045.1	735	362	0
NR_155813.1	489	1	0
NR_111375.1	552	3	0
NR_156594.1	586	1	0
NR_154704.1	668	20	0
NR_154670.1	555	1	0
NR_154604.1	656	1	0
NR_154525.1	649	1	0
NR_153863.1	801	91	0
NR_153607.1	651	1	0
NR_153599.1	702	1	0
NR_152956.1	539	1	0
NR_152948.1	626	1	0
NR_120090.2	646	5	0
NR_138380.1	678	2	0
NR_132908.1	564	3	0
NR_132841.1	647	36	0
NR_132054.1	1092	260	0
NR_126116.1	639	1	0
NR_121448.1	646	3	0
NR_121447.1	641	4	0
NR_121446.1	637	1	0
NR_121445.1	645	5	0
NR_121444.1	642	1	0
NR_121432.1	645	2	0
NR_121416.1	657	1	0
NR_121413.1	654	1	0
NR_121407.1	661	2	0
NR_121400.1	692	110	0
NR_121399.1	691	1	0
NR_121398.1	691	105	0
NR_121397.1	689	1	0
NR_121395.1	691	115	0
NR_121394.1	689	122	0
NR_121393.1	689	121	0
NR_121391.1	690	124	0
NR_121390.1	694	113	0
NR_121388.1	694	121	0
NR_121387.1	691	118	0
NR_121385.1	664	76	0
NR_121384.1	664	72	0
NR_121382.1	672	1	0
NR_121339.1	804	227	0
NR_121280.1	651	1	0
NR_120089.1	694	8	0
NR_119652.1	668	232	0
NR_119650.1	681	215	0
NR_119649.1	790	3	0
NR_119648.1	853	2	0
NR_119647.1	521	3	0
NR_119644.1	713	243	0
NR_119625.1	648	2	0
NR_119592.1	565	1	0
NR_119590.1	749	238	0
NR_119555.1	747	1	0
NR_119554.1	824	707	0
NR_119547.1	692	1	0
NR_119543.1	814	1	0
NR_119537.1	659	1	0
NR_111658.1	636	1	0
NR_111586.1	601	1	0
NR_103650.1	731	10	0
NR_103626.1	626	1	0
NR_103625.1	661	4	0
NR_073317.1	600	1	0
NR_163319.1	604	1	0
NR_163315.1	693	1	0
NR_163314.1	655	5	0
NR_163288.1	733	1	0
NR_163283.1	673	1	0
NR_163278.1	719	1	0
NR_163277.1	575	1	0
NR_161043.1	732	7	0
NR_161031.1	713	1	0
NR_161029.1	713	1	0
NR_161005.1	468	2	0
NR_161157.1	600	2	0
NR_161046.1	532	1	0
NR_161042.1	690	6	0
NR_161041.1	718	3	0
NR_160627.1	636	2	0
NR_160623.1	533	1	0
NR_160586.1	727	1	0
NR_160570.1	635	1	0
NR_160568.1	638	97	0
NR_160565.1	557	1	0
NR_160564.1	550	3	0
NR_160563.1	542	1	0
NR_160490.1	646	1	0
NR_160482.1	614	1	0
NR_160471.1	695	1	0
NR_160459.1	834	1	0
NR_160454.1	680	126	0
NR_160453.1	642	1	0
NR_160341.1	571	1	0
NR_160330.1	684	83	0
NR_160321.1	471	1	0
NR_160261.1	782	2	0
NR_160239.1	807	16	0
NR_160237.1	578	2	0
NR_160167.1	475	1	0
NR_160160.1	562	1	0
NR_160157.1	616	2	0
NR_160153.1	622	1	0
NR_160139.1	692	3	0
NR_160077.1	708	1	0
NR_159832.1	686	66	0
NR_159831.1	704	66	0
NR_159853.1	478	1	0
NR_159813.1	445	1	0
NR_159742.1	595	1	0
NR_119739.2	679	1	0
NR_119560.2	742	4	0
NR_119415.2	697	59	0
NR_121542.1	712	1527	0
NR_121541.1	587	1	0
NR_121536.1	740	8	0
NR_121535.1	703	9	0
NR_121534.1	703	7	0
NR_121532.1	682	1	0
NR_121525.1	638	8	0
NR_121504.1	759	10	0
NR_121458.1	797	11	0
NR_121347.1	685	16	0
NR_121330.1	680	1	0
NR_121307.1	592	1	0
NR_121306.1	593	2	0
NR_121303.1	620	1	0
NR_121301.1	589	8	0
NR_121294.1	607	1	0
NR_121287.1	685	1	0
NR_121274.1	796	15	0
NR_121270.1	773	2	0
NR_120314.1	701	1	0
NR_120267.1	667	1	0
NR_120257.1	564	1	0
NR_120168.1	631	151	0
NR_120167.1	624	113	0
NR_120166.1	655	109	0
NR_120157.1	674	4	0
NR_120099.1	719	1	0
NR_120051.1	564	1	0
NR_120035.1	609	49	0
NR_120025.1	850	4	0
NR_119998.1	664	1	0
NR_119993.1	572	1	0
NR_119975.1	746	2	0
NR_119968.1	687	45	0
NR_119946.1	702	1	0
NR_119783.1	726	2	0
NR_119772.1	671	5	0
NR_119766.1	658	3	0
NR_119764.1	732	128	0
NR_119723.1	606	94	0
NR_119695.1	698	11	0
NR_119691.1	646	17	0
NR_119690.1	629	15	0
NR_119670.1	717	1	0
NR_119646.1	746	3	0
NR_119585.1	685	1	0
NR_119559.1	755	2	0
NR_119498.1	497	1	0
NR_119449.1	686	1	0
NR_119439.1	697	20	0
NR_119416.1	506	6	0
NR_119399.1	533	1	0
NR_111372.1	552	4	0
NR_111295.1	578	3	0
NR_111257.1	756	2	0
NR_111167.1	568	1	0
NR_111008.1	595	1	0
NR_103612.1	631	6	0
NR_103585.1	711	2	0
NR_073292.1	613	1	0
NR_073271.1	622	1	0
NR_073233.1	688	1	0
NR_134371.1	625	1	0
NR_134340.1	618	1	0
NR_159623.1	572	2	0
NR_159617.1	559	1	0
NR_159598.1	588	1	0
NR_159586.1	662	3	0
NR_159569.1	616	1	0
NR_159061.1	684	302	0
NR_159055.1	674	1	0
NR_159054.1	713	7	0
NR_159039.1	555	1	0
NR_153137.1	774	1	0
NR_152370.1	702	1	0
NR_151814.1	468	1	0
NR_148182.1	725	2	0
NR_158962.1	595	1	0
NR_158945.1	549	3	0
NR_158944.1	616	5	0
NR_158943.1	580	1	0
NR_158938.1	743	9	0
NR_158926.1	707	40	0
NR_158924.1	505	12	0
NR_158876.1	749	1	0
NR_158863.1	502	1	0
NR_158859.1	616	1	0
NR_158794.1	578	2	0
NR_158525.1	500	954	0
NR_158506.1	678	2	0
NR_158485.1	766	7	0
NR_158474.1	565	1	0
NR_158471.1	637	1	0
NR_158461.1	862	225	0
NR_158460.1	695	3067	0
NR_158442.1	715	3	0
NR_158401.1	593	8	0
NR_158333.1	639	83	0
NR_158306.1	643	2	0
NR_158305.1	606	1	0
NR_158299.1	762	1	0
NR_158267.1	479	1	0
NR_157958.1	694	1	0
NR_157915.1	645	63	0
NR_157547.1	498	1	0
NR_157486.1	769	2	0
NR_157452.1	515	1	0
NR_156553.1	1045	14	0
NR_156587.1	615	2	0
NR_156246.1	613	1	0
NR_156245.1	621	4	0
NR_156235.1	823	1	0
NR_148107.1	692	1	0
NR_155369.1	392	8	0
NR_156661.1	595	2	0
NR_156607.1	604	16	0
NR_156544.1	714	1	0
NR_156539.1	668	14	0
NR_156538.1	676	1	0
NR_156531.1	637	1	0
NR_156527.1	728	3	0
NR_156526.1	690	1	0
NR_156267.1	659	1	0
NR_156001.1	763	1	0
NR_155991.1	790	2	0
NR_155968.1	520	2	0
NR_155933.1	575	1096	0
NR_155919.1	561	17	0
NR_155918.1	562	9	0
NR_155916.1	560	14	0
NR_155912.1	565	12	0
NR_155910.1	661	42	0
NR_155852.1	596	1	0
NR_155847.1	501	1	0
NR_155846.1	625	21	0
NR_155807.1	625	22	0
NR_155789.1	760	3	0
NR_155788.1	761	9	0
NR_155719.1	687	7	0
NR_155695.1	500	3	0
NR_155611.1	601	1	0
NR_155610.1	601	1	0
NR_155366.1	725	5	0
NR_155334.1	588	14	0
NR_155232.1	773	3	0
NR_155196.1	701	1	0
NR_155181.1	758	3	0
NR_155110.1	690	1	0
NR_155098.1	635	1	0
NR_155092.1	745	3	0
NR_155027.1	711	1	0
NR_155020.1	595	221	0
NR_154978.1	685	6	0
NR_154805.1	643	1	0
NR_154793.1	659	5	0
NR_154767.1	667	1	0
NR_154687.1	636	3	0
NR_154681.1	601	14	0
NR_154680.1	694	1	0
NR_154669.1	892	32	0
NR_154645.1	658	1	0
NR_154534.1	579	223	0
NR_154533.1	577	209	0
NR_154511.1	598	1	0
NR_154495.1	617	3	0
NR_154494.1	701	25	0
NR_154489.1	650	1	0
NR_154475.1	598	4	0
NR_154470.1	699	8	0
NR_154421.1	675	2	0
NR_154413.1	409	3	0
NR_154357.1	505	3	0
NR_154354.1	600	2182	0
NR_154353.1	693	1	0
NR_154301.1	645	1	0
NR_154299.1	706	4	0
NR_154251.1	605	21	0
NR_154250.1	596	15	0
NR_154249.1	619	16	0
NR_154207.1	528	2	0
NR_154200.1	596	16	0
NR_154149.1	609	1	0
NR_154136.1	658	2	0
NR_154135.1	616	2	0
NR_154119.1	675	15	0
NR_154114.1	710	1	0
NR_154112.1	645	1	0
NR_154081.1	671	7	0
NR_154073.1	729	16	0
NR_154021.1	723	64	0
NR_154000.1	684	64	0
NR_153916.1	619	1	0
NR_153639.1	559	20	0
NR_153636.1	556	17	0
NR_153606.1	834	2	0
NR_153577.1	633	94	0
NR_153553.1	648	234	0
NR_153525.1	717	3202	0
NR_153522.1	718	9	0
NR_153482.1	543	51	0
NR_153481.1	756	1	0
NR_153462.1	599	7	0
NR_153458.1	694	1	0
NR_153451.1	635	1	0
NR_153449.1	677	54	0
NR_153080.1	703	1	0
NR_153040.1	690	57	0
NR_153039.1	682	57	0
NR_152490.1	594	9	0
NR_148081.1	688	2	0
NR_144998.1	689	1	0
NR_138199.1	706	1	0
NR_137137.1	694	1	0
NR_137114.1	727	15	0
NR_135965.1	485	2	0
NR_130212.1	669	61	0
NR_153032.1	584	11	0
NR_153029.1	613	53	0
NR_153013.1	664	1	0
NR_152489.1	559	1	0
NR_152486.1	690	2	0
NR_152484.1	647	1	0
NR_152483.1	651	1	0
NR_152482.1	636	6	0
NR_152480.1	665	1	0
NR_152324.1	705	2	0
NR_151842.1	866	32	0
NR_151759.1	665	1	0
NR_149345.1	654	3	0
NR_148110.1	772	1	0
NR_148096.1	623	1	0
NR_147686.1	639	1	0
NR_147659.1	657	1397	0
NR_147574.1	650	2	0
NR_147573.1	585	5	0
NR_147528.1	744	2168	0
NR_147428.1	726	1	0
NR_147342.1	649	1	0
NR_146257.1	711	4	0
NR_146256.1	715	5	0
NR_146253.1	701	1	0
NR_145339.1	502	1	0
NR_145335.1	719	8	0
NR_145305.1	764	9	0
NR_145009.1	723	1	0
NR_144982.1	684	1	0
NR_144901.1	637	2380	0
NR_144842.1	699	3	0
NR_144812.1	632	1	0
NR_132949.2	630	1	0
NR_126138.2	491	32	0
NR_138411.1	617	14	0
NR_138395.1	692	1	0
NR_138387.1	684	29	0
NR_138298.1	486	1	0
NR_138234.1	641	3	0
NR_138220.1	469	329	0
NR_138217.1	735	1	0
NR_138210.1	413	2	0
NR_138022.1	689	1	0
NR_138004.1	652	3	0
NR_137968.1	701	1	0
NR_137871.1	527	2	0
NR_137840.1	691	2	0
NR_137829.1	788	7	0
NR_137827.1	629	3	0
NR_137825.1	644	4	0
NR_137793.1	665	1	0
NR_137773.1	645	1	0
NR_137772.1	645	1	0
NR_137689.1	500	1	0
NR_137126.1	635	6	0
NR_136125.1	634	5	0
NR_136010.1	651	3	0
NR_135983.1	487	1	0
NR_135982.1	485	1	0
NR_135947.1	565	2	0
NR_132903.1	732	50	0
NR_132858.1	652	49	0
NR_132856.1	652	3	0
NR_132855.1	656	3	0
NR_132854.1	654	2	0
NR_132851.1	636	1	0
NR_132836.1	641	2	0
NR_132830.1	768	19	0
NR_131879.1	602	1	0
NR_130660.1	669	7	0
NR_126151.1	803	5	0
NR_126147.1	705	3	0
NR_151753.1	733	1	0
NR_148070.1	769	1	0
NR_144985.1	678	1	0
NR_138007.1	718	2	0
NR_137922.1	576	5	0
NR_137795.1	787	1	0
NR_131996.1	689	1	0
NR_131891.1	605	120	0
NR_131855.1	708	1	0
NR_131840.1	622	1	0
NR_131832.1	625	3	0
NR_131831.1	611	1	0
NR_131830.1	540	1	0
NR_131807.1	612	15	0
NR_131798.1	705	50	0
NR_153310.1	859	1	0
NR_153306.1	606	4	0
NR_153300.1	651	2	0
NR_153299.1	645	8	0
NR_153293.1	496	1	0
NR_153281.1	595	1	0
NR_153234.1	586	10	0
NR_153173.1	676	520	0
NR_153155.1	584	1	0
NR_153151.1	693	555	0
NR_153144.1	592	1	0
NR_153139.1	709	574	0
NR_153135.1	748	2	0
NR_153129.1	700	2	0
NR_148101.1	604	3	0
NR_147540.1	632	6	0
NR_147539.1	634	7	0
NR_147538.1	637	4	0
NR_147537.1	659	6	0
NR_147536.1	629	5	0
NR_147535.1	633	7	0
NR_147534.1	593	2	0
NR_147495.1	731	1	0
NR_147337.1	702	3	0
NR_147305.1	616	1	0
NR_145183.1	542	9	0
NR_144971.1	465	1	0
NR_144920.1	549	9	0
NR_137869.1	619	2	0
NR_137720.1	706	1	0
NR_137710.1	803	9	0
NR_137663.1	638	2	0
NR_137657.1	668	1	0
NR_137656.1	670	1	0
NR_137655.1	668	1	0
NR_137597.1	720	9	0
NR_137596.1	729	3	0
NR_137595.1	723	1	0
NR_137581.1	736	2	0
NR_137545.1	569	3	0
NR_137156.1	685	1	0
NR_137151.1	673	1	0
NR_137107.1	627	3	0
NR_137106.1	641	4	0
NR_137105.1	637	7	0
NR_137104.1	628	9	0
NR_137103.1	636	5	0
NR_137088.1	721	6	0
NR_137029.1	826	2	0
NR_137021.1	682	20	0
NR_136964.1	512	1	0
NR_136956.1	625	1	0
NR_135975.1	681	6	0
NR_152348.1	724	592	0
NR_152341.1	674	1	0
NR_152327.1	721	1	0
NR_138392.1	710	4	0
