NR_177911.1	1484	25	0
NR_177904.1	1464	12	0
NR_177903.1	1461	14	0
NR_177902.1	1464	10	0
NR_177899.1	1222	2	0
NR_177891.1	1479	68	0
NR_177889.1	1460	1	0
NR_177886.1	1464	4	0
NR_177885.1	1427	80	0
NR_177882.1	1465	1	0
NR_177880.1	1463	1	0
NR_177876.1	1455	36	0
NR_177875.1	1449	1	0
NR_177871.1	1163	12	0
NR_177870.1	1480	6	0
NR_177869.1	1480	4	0
NR_177868.1	1160	307	0
NR_177867.1	1160	318	0
NR_177866.1	1162	64	0
NR_177863.1	1124	3	0
NR_177862.1	1462	66	0
NR_177859.1	1472	1	0
NR_177850.1	1166	5	0
NR_177849.1	1166	2	0
NR_177848.1	1121	1	0
NR_177847.1	1462	50	0
NR_177846.1	1468	1	0
NR_177841.1	1144	5	0
NR_177840.1	1144	4	0
NR_177839.1	1144	5	0
NR_177838.1	1144	6	0
NR_177837.1	1144	4	0
NR_177836.1	1144	10	0
NR_177835.1	1144	8	0
NR_177834.1	1144	5	0
NR_177833.1	1144	1	0
NR_177831.1	1145	2	0
NR_177830.1	1144	2	0
NR_177829.1	1144	4	0
NR_177828.1	1144	1	0
NR_177827.1	1144	6	0
NR_177826.1	1144	7	0
NR_177825.1	1163	7	0
NR_177822.1	1145	1	0
NR_177820.1	1145	1	0
NR_177816.1	1145	4	0
NR_177815.1	1145	10	0
NR_177814.1	1145	14	0
NR_177813.1	1145	8	0
NR_177812.1	1145	8	0
NR_177811.1	1145	3	0
NR_177810.1	1145	8	0
NR_177809.1	1145	2	0
NR_177804.1	1389	1	0
NR_177801.1	1554	1	0
NR_177799.1	1163	13	0
NR_177786.1	1143	14	0
NR_177785.1	1143	16	0
NR_177784.1	1143	20	0
NR_177783.1	1143	17	0
NR_177782.1	1143	17	0
NR_177780.1	1144	12	0
NR_177779.1	1143	23	0
NR_177778.1	1162	10	0
NR_177777.1	1481	16	0
NR_177776.1	1447	2	0
NR_177767.1	1438	24	0
NR_177758.1	1484	14	0
NR_177751.1	1412	1	0
NR_177748.1	1481	146	0
NR_177741.1	1357	1	0
NR_177737.1	1485	5	0
NR_177735.1	1450	12	0
NR_177734.1	1478	9	0
NR_177733.1	1463	1	0
NR_177732.1	1485	8	0
NR_177731.1	1466	1	0
NR_177729.1	1485	3	0
NR_177723.1	1466	1	0
NR_177716.1	1345	1	0
NR_177714.1	1543	83	0
NR_177705.1	1393	28	0
NR_177701.1	1293	85	0
NR_177700.1	1461	48	0
NR_177699.1	1453	70	0
NR_177692.1	1415	60	0
NR_177691.1	1414	60	0
NR_177690.1	1414	46	0
NR_177688.1	1471	113	0
NR_177684.1	1410	22	0
NR_177681.1	1146	1047	0
NR_177680.1	1443	1	0
NR_177676.1	1485	1	0
NR_177673.1	1258	3	0
NR_177671.1	1462	2	0
NR_177669.1	1430	8	0
NR_177668.1	1442	1	0
NR_177665.1	1311	12	0
NR_177047.1	1481	1	0
NR_177041.1	1464	1	0
NR_177040.1	1430	5	0
NR_177032.1	1455	46	0
NR_177031.1	1449	1	0
NR_177019.1	1464	2	0
NR_177016.1	1164	1	0
NR_177000.1	1270	1	0
NR_176994.1	1443	177	0
NR_176993.1	1437	1	0
NR_176992.1	1295	1	0
NR_176987.1	1485	31	0
NR_176981.1	1462	1	0
NR_118672.1	1490	3	0
NR_115816.1	1408	2	0
NR_113179.1	1461	1	0
NR_176804.1	1504	4	0
NR_176606.1	1200	57	0
NR_176604.1	1320	1	0
NR_176599.1	1372	1	0
NR_176594.1	1102	1	0
NR_176592.1	1481	1	0
NR_176589.1	1435	4	0
NR_176585.1	1412	1	0
NR_176580.1	1001	67	0
NR_176579.1	746	21	0
NR_176578.1	1002	3	0
NR_176577.1	1002	2	0
NR_176576.1	1002	31	0
NR_176575.1	1350	15	0
NR_176572.1	1481	2	0
NR_176569.1	1392	1	0
NR_176553.1	1500	84	0
NR_176552.1	1500	84	0
NR_176550.1	1478	1	0
NR_176542.1	1487	4	0
NR_176539.1	1500	27	0
NR_176533.1	1560	2	0
NR_176526.1	1481	12	0
NR_176521.1	1480	3	0
NR_176517.1	1354	40	0
NR_176515.1	1477	45	0
NR_176514.1	1471	10	0
NR_176511.1	1500	23	0
NR_176510.1	1500	22	0
NR_176504.1	1477	48	0
NR_176501.1	1471	3	0
NR_176498.1	1500	17	0
NR_176497.1	1500	18	0
NR_176494.1	1500	15	0
NR_176493.1	640	83	0
NR_176487.1	1509	1	0
NR_176486.1	1445	45	0
NR_176484.1	1353	121	0
NR_176479.1	1352	1	0
NR_176475.1	1489	316	0
NR_172677.2	1490	98	0
NR_172660.2	1483	114	0
NR_172709.1	1160	1	0
NR_172655.1	1409	3	0
NR_172619.1	1368	1	0
NR_175585.1	1493	1	0
NR_175566.1	1500	2	0
NR_175564.1	1540	1	0
NR_175562.1	1545	2	0
NR_175547.1	1528	1	0
NR_175500.1	1359	5	0
NR_175451.1	1257	105	0
NR_175430.1	1457	1	0
NR_175421.1	1441	1	0
NR_169460.1	1438	1	0
NR_159251.1	1413	1	0
NR_157784.1	1449	1	0
NR_157669.1	1448	1	0
NR_152071.1	1452	1	0
NR_151943.1	1424	3	0
NR_151929.1	1469	1	0
NR_134842.2	1498	20	0
NR_074469.2	1498	3	0
NR_146362.2	1485	3	0
NR_146667.2	1522	107	0
NR_148578.1	1408	267	0
NR_145665.1	1383	1	0
NR_136871.1	1341	2	0
NR_134751.1	1489	1	0
NR_134139.1	1500	2	0
NR_125691.1	1419	17	0
NR_125600.1	1499	21	0
NR_119370.1	1484	10	0
NR_118756.1	1476	1	0
NR_118636.1	1418	106	0
NR_118382.1	1499	1	0
NR_118141.1	1493	1	0
NR_117650.1	1414	1	0
NR_117473.1	1495	1	0
NR_117232.1	1529	1	0
NR_117053.1	1386	2	0
NR_116873.1	1394	2	0
NR_116757.1	1387	11	0
NR_116432.1	1451	1	0
NR_116108.1	1432	1	0
NR_116043.1	1394	1	0
NR_115953.1	1533	2	0
NR_115125.1	1412	1	0
NR_115108.1	1441	1	0
NR_115043.1	1429	1	0
NR_114980.1	1388	1	0
NR_114979.1	1388	1	0
NR_114713.1	1500	11	0
NR_114148.1	1408	1	0
NR_113989.1	1475	19	0
NR_113969.1	1496	1	0
NR_113800.1	1478	2	0
NR_113674.1	1414	1	0
NR_113653.1	1462	1	0
NR_112797.1	1495	1	0
NR_112755.1	1497	1	0
NR_109669.1	1493	1	0
NR_109538.1	1540	1	0
NR_109150.1	1418	1	0
NR_108487.1	1452	2	0
NR_104927.1	1502	1	0
NR_044647.2	1486	3	0
NR_102876.1	1502	1	0
NR_102852.1	1519	354	0
NR_074910.1	1544	1075	0
NR_074799.1	1534	14	0
NR_074617.1	1520	1	0
NR_074517.1	1510	2	0
NR_044829.1	1422	1	0
NR_044625.1	1452	1	0
NR_043999.1	1476	1	0
NR_043591.1	1474	2	0
NR_043184.1	1476	2	0
NR_042589.1	1387	1	0
NR_042311.1	1486	1	0
NR_042242.1	1518	1	0
NR_042230.1	1456	1	0
NR_041770.1	1469	7	0
NR_041656.1	1567	1	0
NR_041263.1	1507	1	0
NR_040958.1	1454	4	0
NR_040957.1	1482	3	0
NR_040852.1	1521	1	0
NR_040833.1	1478	1	0
NR_040826.1	1444	1	0
NR_040806.1	1448	1	0
NR_043268.1	1437	1	0
NR_043112.1	1442	1	0
NR_037074.1	1499	3	0
NR_036789.1	1570	1	0
NR_029238.1	1537	1	0
NR_029039.1	1396	1	0
NR_028949.1	1544	1	0
NR_028901.1	1472	2	0
NR_028894.1	1505	40	0
NR_025576.1	1453	3	0
NR_025567.1	1498	4	0
NR_024691.1	1529	2	0
NR_026531.1	1446	3	0
NR_026133.1	1481	3	0
NR_026076.1	1475	1	0
NR_174339.1	1489	32	0
NR_174326.1	1484	6	0
NR_174322.1	1485	1	0
NR_174304.1	1528	1	0
NR_174303.1	1514	2	0
NR_174300.1	1538	8	0
NR_174270.1	1445	8	0
NR_174258.1	1528	15	0
NR_174227.1	1486	3	0
NR_174219.1	1461	1	0
NR_174193.1	1524	1	0
NR_173684.1	1399	1	0
NR_173681.1	1523	1	0
NR_173673.1	1447	2	0
NR_173655.1	1403	1	0
NR_173654.1	1379	1	0
NR_173651.1	1409	1	0
NR_173631.1	1445	1	0
NR_173610.1	1543	17	0
NR_173607.1	1497	7	0
NR_173598.1	1456	1	0
NR_173587.1	1528	76	0
NR_173586.1	1523	87	0
NR_173585.1	1525	99	0
NR_173584.1	1533	85	0
NR_173583.1	1533	97	0
NR_173582.1	1533	89	0
NR_173581.1	1526	83	0
NR_173580.1	1529	73	0
NR_173579.1	1504	95	0
NR_173578.1	1523	97	0
NR_173577.1	1524	99	0
NR_173576.1	1523	87	0
NR_173575.1	1525	81	0
NR_173574.1	1515	82	0
NR_173573.1	1532	2	0
NR_173572.1	1546	82	0
NR_173571.1	1546	115	0
NR_173567.1	1532	119	0
NR_173566.1	1522	91	0
NR_173565.1	1518	81	0
NR_173564.1	1528	105	0
NR_173563.1	1528	79	0
NR_173562.1	1535	78	0
NR_173561.1	1507	88	0
NR_173559.1	1534	93	0
NR_173558.1	1542	86	0
NR_173557.1	1526	100	0
NR_173555.1	1497	97	0
NR_173554.1	1520	78	0
NR_173552.1	1527	101	0
NR_173550.1	1333	1	0
NR_173549.1	1366	1	0
NR_173536.1	1459	33	0
NR_172706.1	1161	1	0
NR_172704.1	1162	74	0
NR_172694.1	1162	1	0
NR_172692.1	1162	14	0
NR_172691.1	1162	23	0
NR_172690.1	1162	25	0
NR_172683.1	1139	10	0
NR_172678.1	1455	1	0
NR_172676.1	1161	1	0
NR_172674.1	1161	145	0
NR_172673.1	1161	1	0
NR_172667.1	1490	2	0
NR_172662.1	1013	1	0
NR_172661.1	1163	15	0
NR_172659.1	1167	2	0
NR_172657.1	923	1	0
NR_172621.1	979	56	0
NR_172613.1	1068	5	0
NR_172606.1	1463	215	0
NR_172605.1	1477	161	0
NR_172604.1	1478	46	0
NR_172603.1	1477	590	0
NR_172600.1	1344	6	0
NR_172597.1	1286	245	0
NR_172592.1	1488	1	0
NR_172585.1	1086	1	0
NR_172579.1	1498	3	0
NR_172576.1	1324	3	0
NR_171541.1	1524	1	0
NR_171515.1	1463	3	0
NR_171514.1	1508	2	0
NR_171454.1	1467	1	0
NR_171445.1	1441	1	0
NR_171428.1	1395	1	0
NR_171421.1	1412	1	0
NR_171417.1	1078	25	0
NR_171397.1	1532	1	0
NR_170496.1	1542	1	0
NR_170465.1	1412	44	0
NR_170447.1	1495	1	0
NR_170441.1	1360	1	0
NR_170438.1	1491	1	0
NR_170431.1	1450	1	0
NR_170428.1	1500	2	0
NR_170426.1	1462	35	0
NR_170416.1	1526	1	0
NR_170407.1	1528	1	0
NR_170391.1	1504	2	0
NR_170467.1	1499	1	0
NR_170430.1	1492	7	0
NR_169498.1	1540	1	0
NR_169495.1	1459	2	0
NR_169491.1	1355	3	0
NR_169476.1	1536	102	0
NR_169468.1	1495	7	0
NR_169448.1	1465	1	0
NR_169429.1	1526	4	0
NR_169411.1	1525	1	0
NR_169374.1	1480	6	0
NR_169366.1	1460	5	0
NR_169356.1	1440	1	0
NR_169355.1	1450	1	0
NR_169334.1	1500	18	0
NR_169333.1	1500	86	0
NR_169332.1	1532	83	0
NR_169331.1	1532	89	0
NR_169330.1	1532	78	0
NR_169329.1	1540	73	0
NR_169328.1	1536	86	0
NR_169320.1	1521	101	0
NR_169447.1	1533	1	0
NR_169446.1	1533	1	0
NR_169442.1	1428	1	0
NR_169421.1	1395	1	0
NR_169339.1	1400	2	0
NR_169327.1	1535	80	0
NR_169326.1	1534	85	0
NR_169318.1	1508	1	0
NR_165790.1	1495	1	0
NR_165786.1	1447	1	0
NR_165776.1	1493	1	0
NR_165748.1	1538	26	0
NR_165730.1	1505	1	0
NR_165712.1	1564	10	0
NR_165704.1	1463	1	0
NR_165691.1	1405	2	0
NR_164974.1	1502	2	0
NR_164973.1	1422	2	0
NR_164959.1	1519	2	0
NR_164945.1	1480	1	0
NR_164943.1	1524	2	0
NR_164940.1	1512	1	0
NR_164882.1	1438	2	0
NR_164869.1	1517	1	0
NR_164624.1	1279	1	0
NR_163665.1	1380	3	0
NR_163651.1	1449	7	0
NR_163618.1	1478	1	0
NR_163607.1	1500	1	0
NR_117837.1	1502	1	0
NR_160536.1	1552	1	0
NR_159926.1	1530	8	0
NR_159925.1	1530	26	0
NR_159317.1	1454	21	0
NR_159301.1	1266	1	0
NR_159255.1	1542	24	0
NR_159250.1	1459	1	0
NR_159247.1	1417	5	0
NR_159235.1	1503	202	0
NR_159232.1	1455	97	0
NR_159192.1	1484	1	0
NR_159177.1	1483	1	0
NR_159144.1	1518	9	0
NR_159101.1	1500	2	0
NR_159098.1	1394	102	0
NR_159086.1	1534	13	0
NR_159085.1	1542	130	0
NR_159084.1	1542	15	0
NR_159083.1	1542	24	0
NR_158149.1	1398	1	0
NR_158137.1	1423	10	0
NR_158089.1	1464	1	0
NR_158074.1	1490	1	0
NR_158062.1	1360	1	0
NR_158050.1	1420	79	0
NR_158037.1	1352	1	0
NR_158011.1	1479	2	0
NR_157999.1	1508	1	0
NR_157984.1	1403	2	0
NR_157795.1	1399	6	0
NR_157778.1	1537	10	0
NR_157777.1	1531	16	0
NR_157762.1	1525	3	0
NR_157719.1	1471	1	0
NR_157702.1	1470	1	0
NR_157679.1	1442	1	0
NR_157665.1	1418	2	0
NR_157658.1	1535	240	0
NR_157653.1	1407	1	0
NR_157638.1	1507	1	0
NR_157016.1	1449	1	0
NR_157009.1	1411	2	0
NR_157001.1	1529	8	0
NR_156994.1	1357	1	0
NR_156989.1	1539	1	0
NR_156982.1	1517	7	0
NR_156937.1	1454	1	0
NR_156932.1	1288	2	0
NR_156931.1	1281	6	0
NR_156930.1	1368	5	0
NR_156915.1	1501	1	0
NR_156914.1	1439	90	0
NR_156860.1	1480	2	0
NR_156857.1	1431	2	0
NR_156852.1	1415	1	0
NR_156838.1	1538	144	0
NR_156816.1	1416	1	0
NR_156815.1	1539	5	0
NR_156158.1	1475	17	0
NR_156102.1	1505	1	0
NR_156097.1	1423	1	0
NR_156094.1	1491	1	0
NR_156087.1	1447	2	0
NR_156051.1	1433	1	0
NR_156023.1	1394	1	0
NR_153752.1	1543	31	0
NR_153734.1	1391	8	0
NR_153732.1	1527	1	0
NR_153720.1	1409	1	0
NR_153712.1	1362	59	0
NR_153664.1	1532	1	0
NR_152713.1	1447	1	0
NR_152710.1	1412	5	0
NR_152639.1	1423	1	0
NR_152631.1	1547	1	0
NR_152086.1	1545	2	0
NR_152066.1	1430	1	0
NR_152032.1	1437	1	0
NR_152005.1	1360	1	0
NR_151994.1	1390	1	0
NR_151993.1	1395	2	0
NR_151985.1	1502	1	0
NR_151916.1	1489	2	0
NR_151914.1	1426	12	0
NR_074480.2	1498	4	0
NR_074484.2	1498	7	0
NR_074473.2	1498	8	0
NR_042374.2	1560	1	0
NR_136501.2	1537	6	0
NR_074335.2	1488	12	0
NR_074336.2	1485	1	0
NR_074620.2	1516	1	0
NR_074998.2	1549	1	0
NR_103935.2	1485	1	0
NR_118693.2	1489	5	0
NR_145962.2	1490	2	0
NR_043021.2	1557	1	0
NR_149822.1	1416	2	0
NR_149805.1	1469	1	0
NR_149803.1	1485	1	0
NR_149302.1	1542	15	0
NR_149293.1	1451	4	0
NR_149221.1	1440	3	0
NR_149218.1	1435	1	0
NR_149201.1	1477	2	0
NR_108597.1	1457	2	0
NR_148851.1	1461	4	0
NR_148849.1	1463	20	0
NR_148820.1	1348	21	0
NR_148793.1	1454	1	0
NR_148770.1	1423	2	0
NR_148766.1	1477	1	0
NR_148756.1	1532	5	0
NR_148754.1	1529	1	0
NR_148753.1	1533	2	0
NR_148663.1	1414	21	0
NR_148650.1	1454	57	0
NR_148649.1	1444	62	0
NR_148598.1	1490	82	0
NR_148576.1	1489	1	0
NR_148313.1	1459	1	0
NR_148295.1	1458	1	0
NR_148246.1	1409	3	0
NR_147782.1	1457	5	0
NR_147776.1	1537	2	0
NR_147774.1	1528	15	0
NR_147771.1	1454	10	0
NR_147765.1	1445	1	0
NR_147393.1	1464	14	0
NR_146848.1	1345	3	0
NR_146847.1	1345	2	0
NR_146845.1	1345	1	0
NR_146827.1	1398	1	0
NR_146677.1	1452	97	0
NR_146676.1	1449	90	0
NR_146375.1	1340	1	0
NR_146052.1	1414	17	0
NR_145923.1	1451	7	0
NR_145909.1	1424	1	0
NR_145904.1	1522	2	0
NR_145885.1	1442	3	0
NR_145878.1	1540	1	0
NR_145865.1	1425	1	0
NR_145849.1	1404	2	0
NR_145647.1	1422	43	0
NR_145644.1	1453	5	0
NR_145570.1	1436	2	0
NR_145569.1	1390	1	0
NR_145528.1	1489	451	0
NR_144582.1	1408	10	0
NR_144581.1	1359	11	0
NR_144574.1	1464	1	0
NR_137415.1	1494	64	0
NR_137413.1	1452	31	0
NR_137403.1	1401	1	0
NR_137380.1	1502	267	0
NR_137366.1	1359	1	0
NR_137344.1	1290	1	0
NR_137333.1	1495	390	0
NR_137263.1	1482	1	0
NR_137252.1	1453	2	0
NR_137244.1	1306	10	0
NR_137234.1	1459	1	0
NR_137215.1	1454	2	0
NR_136833.1	1437	1	0
NR_136816.1	1080	1	0
NR_136790.1	1405	1	0
NR_136780.1	1464	4	0
NR_136770.1	1525	1	0
NR_136767.1	1461	7	0
NR_136472.1	1504	7	0
NR_136450.1	1411	1	0
NR_136445.1	1501	9	0
NR_136429.1	1508	5	0
NR_136423.1	1405	1	0
NR_135885.1	1437	6	0
NR_135871.1	1463	9	0
NR_135736.1	1458	1	0
NR_135703.1	1524	3	0
NR_135211.1	1462	10	0
NR_135210.1	1450	4	0
NR_134830.1	1432	1	0
NR_134829.1	1484	1	0
NR_134826.1	1483	83	0
NR_134825.1	1445	86	0
NR_134797.1	1421	1	0
NR_134795.1	1403	1	0
NR_134794.1	1441	4	0
NR_134741.1	1441	3	0
NR_134727.1	1401	1	0
NR_134698.1	1451	1	0
NR_134684.1	1460	1	0
NR_134230.1	1476	2	0
NR_134225.1	1407	1	0
NR_134183.1	1401	1	0
NR_134116.1	1546	6	0
NR_134090.1	1550	1	0
NR_134088.1	1411	1	0
NR_134081.1	1339	1	0
NR_134063.1	1462	45	0
NR_134062.1	1462	19	0
NR_134033.1	1465	1	0
NR_134020.1	1409	1	0
NR_134017.1	1410	1	0
NR_133998.1	1488	1	0
NR_133987.1	1301	1	0
NR_133986.1	1353	1	0
NR_108242.1	1376	2	0
NR_133894.1	1430	2	0
NR_133848.1	1414	5	0
NR_133840.1	1496	2	0
NR_133836.1	1465	2	0
NR_133828.1	1498	1	0
NR_133815.1	1366	1	0
NR_133801.1	1466	1	0
NR_133020.1	1460	7	0
NR_132713.1	1474	1	0
NR_132709.1	1503	1	0
NR_132708.1	1434	1	0
NR_132675.1	1381	1	0
NR_132672.1	1370	266	0
NR_132596.1	1456	44	0
NR_132395.1	1492	1	0
NG_041959.1	1692	6	0
NR_044847.4	1497	4	0
NR_117712.2	1159	30	0
NR_126284.1	1462	37	0
NR_126250.1	1437	1	0
NR_126234.1	1446	1	0
NR_126224.1	1433	1	0
NR_126223.1	1456	82	0
NR_126199.1	1496	100	0
NR_125696.2	1284	1	0
NR_125698.1	1344	7	0
NR_125690.1	1459	17	0
NR_125639.1	803	1	0
NR_125638.1	1490	1	0
NR_125614.1	1444	2	0
NR_125613.1	1444	1	0
NR_125601.1	1470	1	0
NR_125595.1	1341	1	0
NR_125587.1	1397	1	0
NR_125586.1	1404	19	0
NR_125545.1	1491	1	0
NR_125491.1	1507	1	0
NR_125465.1	1485	2	0
NR_125461.1	1452	13	0
NR_125459.1	1407	4	0
NR_122081.1	1480	82	0
NR_121793.1	1543	28	0
NR_044660.3	1390	2	0
NR_119317.1	1236	1	0
NR_119223.1	1335	396	0
NR_119203.1	1488	1	0
NR_118872.1	1526	1	0
NR_118785.1	1453	4	0
NR_118677.1	1458	1	0
NR_118664.1	1452	1	0
NR_118585.1	1259	59	0
NR_118544.1	1491	2	0
NR_118490.1	1534	1	0
NR_118489.1	1379	3	0
NR_118458.1	1442	1	0
NR_118432.1	1418	1	0
NR_118420.1	1498	2	0
NR_118397.1	1426	1	0
NR_118391.1	1506	4	0
NR_118348.1	1503	6	0
NR_118335.1	1395	10	0
NR_118333.1	1500	12	0
NR_118308.1	1247	1	0
NR_118263.1	1414	2	0
NR_118238.1	1483	1	0
NR_118223.1	1437	1	0
NR_118222.1	1429	2	0
NR_118155.1	1498	2	0
NR_118138.1	1544	2	0
NR_118123.1	1190	1	0
NR_118102.1	1060	1	0
NR_118089.1	1479	4	0
NR_118013.1	1487	1	0
NR_117940.1	1487	1	0
NR_117903.1	1354	2	0
NR_117881.1	1449	54	0
NR_117880.1	1446	18	0
NR_117826.1	1442	1	0
NR_117825.1	1442	4	0
NR_117824.1	1444	6	0
NR_117794.1	1424	9	0
NR_117697.1	1516	11	0
NR_117562.1	1437	1	0
NR_117561.1	1403	1	0
NR_117551.1	1504	2	0
NR_117547.1	1535	23	0
NR_117546.1	1513	5	0
NR_117522.1	1408	1	0
NR_117518.1	1448	1	0
NR_117493.1	1397	1	0
NR_117463.1	1524	2	0
NR_117452.1	1391	1	0
NR_117446.1	1406	74	0
NR_117437.1	1507	12	0
NR_117420.1	1526	1	0
NR_117419.1	1430	1	0
NR_117406.1	1476	1	0
NR_117369.1	1451	1	0
NR_117304.1	1495	309	0
NR_117300.1	1527	1	0
NR_117203.1	1371	2	0
NR_117179.1	1509	9	0
NR_117022.1	1435	2	0
NR_117017.1	1391	1	0
NR_117003.1	1516	3	0
NR_116999.1	1413	20	0
NR_116969.1	1431	83	0
NR_116957.1	1386	1	0
NR_116913.1	1390	1	0
NR_116902.1	1458	4	0
NR_116899.1	1496	2	0
NR_116893.1	1463	12	0
NR_116839.1	1290	2	0
NR_116816.1	1409	3	0
NR_116782.1	1484	3	0
NR_116772.1	1490	4	0
NR_116711.1	1434	1	0
NR_116646.1	1321	3	0
NR_116610.1	1426	3	0
NR_116604.1	1422	2	0
NR_116570.1	1442	4	0
NR_116535.1	1401	2	0
NR_116479.1	1450	1	0
NR_116437.1	1299	3	0
NR_116415.1	1477	1	0
NR_116403.1	1426	10	0
NR_116395.1	1449	5	0
NR_116344.1	1451	1	0
NR_116308.1	1367	44	0
NR_116280.1	1424	2	0
NR_116198.1	1378	1	0
NR_116106.1	1350	1	0
NR_116102.1	1453	4	0
NR_116079.1	1368	5	0
NR_116069.1	1531	1	0
NR_116033.1	1481	3	0
NR_116024.1	1396	1	0
NR_116018.1	1408	1	0
NR_116005.1	1445	1	0
NR_116003.1	1448	2	0
NR_115943.1	1425	25	0
NR_115812.1	1455	1	0
NR_115759.1	1513	5	0
NR_115689.1	1360	1	0
NR_115511.1	1365	1	0
NR_115486.1	1457	1	0
NR_115336.1	1515	2	0
NR_115258.1	1533	150	0
NR_115224.1	1363	21	0
NR_115115.1	1501	1	0
NR_115065.1	1411	4	0
NR_114999.1	1431	1	0
NR_114900.1	1468	1	0
NR_114866.1	1488	1	0
NR_114720.1	1479	1	0
NR_114695.1	1463	1	0
NR_114684.1	1491	104	0
NR_114683.1	1482	2	0
NR_114591.1	1350	1	0
NR_114580.1	1539	3	0
NR_114544.1	1501	39	0
NR_114526.1	1502	2	0
NR_114384.1	1416	9	0
NR_114383.1	1414	9	0
NR_114382.1	1414	7	0
NR_113569.1	1478	1808	0
NR_113364.1	1418	12	0
NR_113363.1	1418	8	0
NR_113331.1	1441	114	0
NR_113310.1	1453	1	0
NR_113301.1	1444	2	0
NR_113286.1	1348	1	0
NR_113282.1	1454	1	0
NR_113269.1	1494	1	0
NR_113264.1	1474	1	0
NR_113223.1	1428	1	0
NR_113178.1	1526	3	0
NR_113061.1	1467	88	0
NR_113035.1	1430	697	0
NR_113007.1	1411	36	0
NR_112972.1	1483	1	0
NR_112948.1	1456	2	0
NR_112880.1	1417	88	0
NR_112879.1	1434	124	0
NR_112824.1	1401	1	0
NR_112822.1	1409	294	0
NR_112808.1	1490	1	0
NR_112715.1	1379	1	0
NR_112714.1	1443	1	0
NR_112682.1	1414	45	0
NR_112624.1	1421	1	0
NR_112560.1	1393	2	0
NR_112534.1	1427	125	0
NR_108391.1	1388	1	0
NR_104937.1	1527	158	0
NR_104901.1	1515	27	0
NR_104890.1	1469	53	0
NR_104828.1	1508	128	0
NR_103954.1	1532	4	0
NR_102957.1	1525	33	0
NR_102890.1	1527	2	0
NR_102865.1	1509	1	0
NR_102776.1	1559	2	0
NR_102494.1	1475	4	0
NR_102462.1	1479	13	0
NR_102452.1	1476	1	0
NR_102440.1	1596	1	0
NR_074111.1	1432	1	0
NR_075054.1	1585	1	0
NR_075034.1	1568	112	0
NR_074951.1	1548	39	0
NR_074890.1	1542	2	0
NR_074869.1	1539	192	0
NR_074804.1	1534	1	0
NR_074775.1	1532	1	0
NR_074712.1	1527	1	0
NR_074668.1	1524	1	0
NR_074394.1	1499	2	0
NR_074389.1	1498	1	0
NR_074388.1	1498	2	0
NR_074386.1	1498	2	0
NR_074322.1	1490	1	0
NR_074296.1	1488	1	0
NR_044972.1	1506	2	0
NR_044894.1	1477	1	0
NR_044753.1	1473	2	0
NR_044747.1	1435	3	0
NR_044582.1	1440	1	0
NR_044566.1	1384	3	0
NR_044526.1	1387	1	0
NR_044465.1	1485	1	0
NR_044439.1	1458	1	0
NR_044294.1	1489	1	0
NR_044269.1	1441	1	0
NR_044210.1	1396	1	0
NR_044188.1	1442	5	0
NR_044130.1	1332	1	0
NR_044129.1	1353	1	0
NR_044095.1	1444	1	0
NR_044075.1	1518	1	0
NR_044070.1	1478	1	0
NR_044068.1	1492	1	0
NR_044061.1	1423	18	0
NR_044046.1	1442	4	0
NR_043985.1	1474	3	0
NR_043770.1	1403	2	0
NR_043750.1	1356	12	0
NR_043730.1	1456	1	0
NR_043612.1	1441	1	0
NR_043576.1	1508	1	0
NR_043545.1	1441	1	0
NR_043537.1	1482	1	0
NR_043483.1	1414	1	0
NR_043426.1	1415	1	0
NR_043276.1	1509	4	0
NR_043264.1	1415	1	0
NR_043252.1	1386	203	0
NR_043215.1	1476	1	0
NR_043180.1	1483	1	0
NR_043174.1	1403	1	0
NR_043124.1	1429	1	0
NR_043115.1	1529	4	0
NR_043068.1	1474	5	0
NR_043055.1	1412	1	0
NR_043026.1	1429	1	0
NR_042972.1	1419	1	0
NR_042869.1	1362	1	0
NR_042867.1	1362	1	0
NR_042562.1	1476	1	0
NR_042392.1	1345	1	0
NR_042071.1	1384	1	0
NR_042050.1	1532	5	0
NR_041962.1	1407	3	0
NR_041747.1	1427	18	0
NR_041745.1	1465	1	0
NR_041697.1	1527	36	0
NR_041552.1	1487	1	0
NR_041443.1	1434	1	0
NR_041442.1	1437	1	0
NR_041440.1	1433	1	0
NR_041365.1	1495	1	0
NR_041357.1	1514	2	0
NR_041287.1	1470	2	0
NR_041247.1	1458	7	0
NR_041022.1	1417	1	0
NR_040819.1	1419	7	0
NR_044580.1	1483	1	0
NR_044579.1	1417	1	0
NR_044569.1	1449	2	0
NR_044528.1	1463	19	0
NR_044284.1	1536	100	0
NR_044212.1	1345	1	0
NR_044173.1	1468	1	0
NR_044092.1	1510	2	0
NR_043874.1	1332	1	0
NR_043860.1	1450	12	0
NR_043806.1	1491	3	0
NR_043634.1	1478	2	0
NR_043617.1	1462	3	0
NR_043257.1	1475	1	0
NR_043197.1	1491	2	0
NR_043169.1	1485	1	0
NR_043086.1	1451	2	0
NR_043070.1	1422	4	0
NR_042901.1	1485	1	0
NR_042762.1	1446	3	0
NR_041840.1	1440	1	0
NR_037110.1	1502	7	0
NR_037099.1	1458	1	0
NR_037077.1	1453	1	0
NR_036824.1	1400	1	0
NR_036811.1	1376	1	0
NR_036810.1	1451	1	0
NR_028929.1	1528	4	0
NR_028875.1	1532	28	0
NR_027569.1	1488	1	0
NR_024959.1	1447	9	0
NR_024862.1	1521	34	0
NR_026437.1	1461	1	0
NR_026435.1	1481	1	0
NR_026382.1	1417	1	0
NR_026357.1	1541	1	0
NR_026121.1	1480	3	0
NR_026035.1	1461	1	0
NR_159305.1	1363	7	0
NR_159179.1	1512	34	0
NR_159157.1	1531	41	0
NR_158065.1	1509	1	0
NR_157666.1	1445	3	0
NR_157007.1	1458	1	0
NR_156987.1	1428	2	0
NR_156986.1	1428	4	0
NR_156984.1	1408	1	0
NR_156873.1	1512	1	0
NR_156849.1	1404	3	0
NR_156052.1	1336	38	0
NR_153750.1	1461	14	0
NR_153722.1	1504	1	0
NR_152716.1	1483	3	0
NR_152635.1	1484	3	0
NR_152626.1	1489	2	0
NR_151922.1	1482	1	0
NR_151867.1	1445	6	0
NR_044656.2	1498	9	0
NR_102794.2	1543	209	0
NR_103934.2	1537	17	0
NR_044740.3	1494	1	0
NR_024714.2	1512	1	0
NR_074354.2	1490	3	0
NR_074476.2	1503	1	0
NR_074674.2	1521	3	0
NR_074770.2	1530	1	0
NR_102493.2	1540	115	0
NR_115287.2	1557	1	0
NR_121713.2	1484	1	0
NR_121732.2	1557	1	0
NR_149304.1	1514	5	0
NR_149206.1	1472	1	0
NR_119159.2	1450	9	0
NR_119158.2	1450	1	0
NR_108488.2	1493	3	0
NR_148786.1	1513	2	0
NR_148767.1	1502	3	0
NR_148750.1	1536	1	0
NR_148747.1	1521	96	0
NR_148736.1	1555	1	0
NR_148647.1	1434	6	0
NR_148638.1	1374	1	0
NR_148575.1	1390	97	0
NR_148572.1	1503	100	0
NR_148331.1	1469	4	0
NR_146846.1	1475	4	0
NR_146709.1	1352	3	0
NR_146030.1	1413	41	0
NR_145912.1	1252	1	0
NR_145602.1	1484	1	0
NR_145562.1	1512	2	0
NR_137370.1	1446	1	0
NR_137272.1	1461	1	0
NR_136858.1	1496	1	0
NR_136845.1	1512	1	0
NR_136837.1	1524	1	0
NR_136499.1	799	1	0
NR_136448.1	1456	88	0
NR_136431.1	1404	13	0
NR_135894.1	1347	106	0
NR_135878.1	1328	1	0
NR_134807.1	1451	100	0
NR_134161.1	1490	4	0
NR_134100.1	1521	1	0
NR_134041.1	1389	1	0
NR_133904.1	1551	36	0
NR_133903.1	1552	34	0
NR_133766.1	1422	12	0
NR_133710.1	1484	1	0
NR_132718.1	1503	1	0
NR_132692.1	1459	104	0
NR_132390.1	1428	1	0
NR_126319.1	1531	35	0
NR_126318.1	1531	27	0
NR_126317.1	1532	35	0
NR_126305.1	1501	348	0
NR_126304.1	1501	347	0
NR_126303.1	1501	545	0
NR_126295.1	1449	1	0
NR_126291.1	1344	10	0
NR_126208.1	1429	123	0
NR_117738.2	1528	15	0
NR_117737.2	1528	10	0
NR_117646.2	1478	1	0
NR_125714.1	1502	1	0
NR_125711.1	1460	61	0
NR_125687.1	1163	2	0
NR_125682.1	1162	19	0
NR_125649.1	985	2	0
NR_125599.1	460	78	0
NR_125576.1	1160	1	0
NR_125539.1	1428	3	0
NR_125521.1	1458	20	0
NR_125480.1	1465	1	0
NR_125453.1	1411	1	0
NR_116992.1	1425	5	0
NR_122089.1	1407	68	0
NR_122060.1	1541	2	0
NR_122057.1	1544	25	0
NR_121745.1	1485	34	0
NR_121742.1	1542	8	0
NR_121724.1	1545	1	0
NR_121718.1	1529	52	0
NR_121714.1	1512	1	0
NR_121703.1	1542	44	0
NR_121698.1	1490	1	0
NR_121687.1	1529	1	0
NR_121678.1	1558	1	0
NR_075062.2	1525	2	0
NR_119372.1	1484	6	0
NR_119371.1	1471	9	0
NR_119369.1	1485	2	0
NR_119368.1	1497	7	0
NR_119367.1	1497	8	0
NR_119366.1	1481	58	0
NR_119365.1	1498	51	0
NR_119364.1	1496	109	0
NR_119363.1	1484	10	0
NR_119362.1	1495	244	0
NR_119361.1	1497	256	0
NR_119340.1	1436	1	0
NR_119296.1	1410	11	0
NR_119279.1	1452	55	0
NR_119278.1	1452	17	0
NR_119277.1	1452	12	0
NR_119276.1	1452	80	0
NR_119256.1	1499	114	0
NR_119255.1	1239	30	0
NR_119225.1	1492	5	0
NR_119214.1	1401	50	0
NR_119190.1	1538	1	0
NR_119186.1	1092	128	0
NR_119151.1	1497	1	0
NR_119131.1	1200	93	0
NR_119130.1	1475	85	0
NR_119109.1	1443	14	0
NR_119108.1	1539	12	0
NR_119097.1	1486	1	0
NR_119096.1	1486	1	0
NR_119092.1	1460	4	0
NR_119064.1	1486	1	0
NR_119048.1	1457	6	0
NR_119005.1	1480	18	0
NR_118945.1	1503	1	0
NR_118944.1	1503	2	0
NR_118931.1	1482	4	0
NR_118928.1	1481	9	0
NR_118927.1	1482	7	0
NR_118925.1	1472	11	0
NR_118898.1	1467	2	0
NR_118870.1	1487	1	0
NR_118864.1	1467	1	0
NR_118859.1	1457	3	0
NR_118858.1	1458	44	0
NR_118857.1	1457	73	0
NR_118856.1	1458	10	0
NR_118855.1	1457	6	0
NR_118854.1	1456	90	0
NR_118853.1	1502	30	0
NR_118798.1	1456	1	0
NR_118775.1	1511	1	0
NR_118762.1	1483	2	0
NR_118760.1	1477	1	0
NR_118758.1	1487	1	0
NR_118757.1	1477	1	0
NR_118742.1	1479	1	0
NR_118722.1	1465	1	0
NR_118717.1	1474	46	0
NR_118658.1	1495	1	0
NR_118655.1	1485	1	0
NR_118638.1	1436	398	0
NR_118588.1	1459	24	0
NR_118571.1	1450	2	0
NR_118569.1	1368	1	0
NR_118568.1	1369	97	0
NR_118556.1	1376	36	0
NR_118547.1	1287	1	0
NR_118537.1	1331	3	0
NR_118531.1	1494	58	0
NR_118487.1	1294	2	0
NR_118483.1	1266	1	0
NR_118453.1	1479	1	0
NR_118449.1	1438	41	0
NR_118431.1	1493	43	0
NR_118400.1	1309	1	0
NR_118394.1	1500	76	0
NR_118389.1	1380	2	0
NR_118387.1	1439	4	0
NR_118342.1	1503	2	0
NR_118328.1	1422	2	0
NR_118325.1	1271	47	0
NR_118295.1	1531	12	0
NR_118294.1	1531	10	0
NR_118293.1	1531	10	0
NR_118292.1	1530	9	0
NR_118291.1	1530	13	0
NR_118273.1	1344	10	0
NR_118256.1	1525	24	0
NR_118228.1	1530	9	0
NR_118227.1	1530	8	0
NR_118226.1	1530	6	0
NR_118225.1	1530	11	0
NR_118224.1	1530	10	0
NR_118196.1	1355	254	0
NR_118195.1	1355	212	0
NR_118194.1	1347	220	0
NR_118193.1	1347	313	0
NR_118192.1	1346	178	0
NR_118189.1	1354	5	0
NR_118188.1	1364	12	0
NR_118183.1	1354	14	0
NR_118182.1	1354	13	0
NR_118181.1	1358	9	0
NR_118176.1	1354	1	0
NR_118175.1	1356	15	0
NR_118174.1	1356	11	0
NR_118173.1	1357	8	0
NR_118172.1	1351	2	0
NR_118170.1	1352	7	0
NR_118169.1	1351	3	0
NR_118167.1	1353	1	0
NR_118165.1	1350	2	0
NR_118163.1	1355	2	0
NR_118162.1	1358	2	0
NR_118161.1	1351	1	0
NR_118160.1	1353	1	0
NR_118144.1	1454	1	0
NR_118143.1	1364	5	0
NR_118142.1	1362	5	0
NR_118134.1	1494	14	0
NR_118127.1	1345	23	0
NR_118126.1	1345	17	0
NR_118122.1	1344	728	0
NR_118121.1	1344	131	0
NR_118120.1	1344	95	0
NR_118106.1	1494	11	0
NR_118105.1	1494	25	0
NR_118093.1	1471	2	0
NR_118088.1	1443	17	0
NR_118087.1	1425	16	0
NR_118081.1	1126	1	0
NR_118074.1	1124	1	0
NR_118070.1	1124	3	0
NR_118064.1	1126	1	0
NR_118061.1	1124	2	0
NR_118056.1	1124	3	0
NR_118044.1	1503	1	0
NR_118043.1	1503	1	0
NR_118037.1	1394	1	0
NR_118011.1	1507	19	0
NR_117984.1	1482	1	0
NR_117969.1	1500	240	0
NR_117909.1	1450	1	0
NR_117869.1	1412	2	0
NR_117822.1	1444	1	0
NR_117820.1	1444	2	0
NR_117793.1	1471	4	0
NR_117789.1	1413	21	0
NR_117769.1	1356	1	0
NR_117753.1	1545	29	0
NR_117752.1	1427	28	0
NR_117751.1	1427	20	0
NR_117750.1	1427	30	0
NR_117735.1	1436	487	0
NR_117714.1	1442	5	0
NR_117704.1	1530	4	0
NR_117698.1	1499	2	0
NR_117686.1	1530	14	0
NR_117685.1	1530	14	0
NR_117684.1	1530	12	0
NR_117683.1	1530	21	0
NR_117682.1	1524	13	0
NR_117679.1	1529	15	0
NR_117678.1	1527	2	0
NR_117648.1	1501	1	0
NR_117629.1	1530	1	0
NR_117585.1	1500	2	0
NR_117575.1	1536	6	0
NR_117540.1	1351	1	0
NR_117526.1	1396	3	0
NR_117512.1	1478	1	0
NR_117481.1	1478	2	0
NR_117479.1	1393	1	0
NR_117457.1	1462	9	0
NR_117456.1	1480	6	0
NR_117429.1	1439	1	0
NR_117424.1	1421	2	0
NR_117405.1	1506	46	0
NR_117379.1	1446	2	0
NR_117353.1	1350	52	0
NR_117305.1	1494	110	0
NR_117269.1	1527	5	0
NR_117258.1	1363	2	0
NR_117257.1	1336	2	0
NR_117239.1	1408	1	0
NR_117235.1	1430	1	0
NR_117117.1	1455	4	0
NR_117109.1	1549	1	0
NR_117000.1	1493	74	0
NR_116931.1	1348	5	0
NR_116904.1	1521	5	0
NR_116898.1	1495	26	0
NR_116880.1	1503	1	0
NR_116846.1	1377	1	0
NR_116808.1	1488	4	0
NR_116800.1	1502	96	0
NR_116799.1	1361	63	0
NR_116798.1	1505	83	0
NR_116797.1	1506	133	0
NR_116786.1	1484	5	0
NR_116785.1	1466	12	0
NR_116783.1	1484	2	0
NR_116758.1	1387	9	0
NR_116756.1	1387	31	0
NR_116755.1	1361	217	0
NR_116754.1	1387	114	0
NR_116753.1	1361	96	0
NR_116752.1	1362	207	0
NR_116751.1	1387	53	0
NR_116750.1	1387	180	0
NR_116749.1	1387	90	0
NR_116748.1	1376	151	0
NR_116700.1	1395	11	0
NR_116678.1	1553	1	0
NR_116603.1	1436	9	0
NR_116602.1	1421	61	0
NR_116589.1	1357	1	0
NR_116586.1	1503	1	0
NR_116585.1	1503	1	0
NR_116584.1	1503	1	0
NR_116509.1	1378	1	0
NR_116478.1	1464	77	0
NR_116430.1	1285	51	0
NR_116341.1	1223	11	0
NR_116299.1	1468	1	0
NR_116283.1	1494	88	0
NR_116282.1	1492	302	0
NR_116247.1	1344	173	0
NR_116246.1	1344	321	0
NR_116245.1	1344	130	0
NR_116244.1	1344	277	0
NR_116177.1	1411	11	0
NR_116172.1	1469	4	0
NR_116168.1	1505	5	0
NR_116147.1	1315	1	0
NR_116128.1	1440	1	0
NR_116126.1	1262	7	0
NR_116125.1	1438	4	0
NR_116124.1	1443	11	0
NR_116115.1	1429	83	0
NR_116114.1	1443	118	0
NR_116113.1	1432	80	0
NR_116112.1	1348	74	0
NR_116111.1	1422	68	0
NR_116110.1	1494	33	0
NR_116109.1	1494	42	0
NR_116064.1	1444	1	0
NR_116048.1	1345	3	0
NR_116047.1	1344	6	0
NR_116046.1	1343	5	0
NR_116045.1	1345	8	0
NR_116044.1	1344	10	0
NR_116026.1	1506	1	0
NR_116025.1	1415	2	0
NR_115976.1	1461	3	0
NR_115975.1	1461	4	0
NR_115974.1	1461	1	0
NR_115973.1	1461	2	0
NR_115972.1	1461	1	0
NR_115971.1	1461	2	0
NR_115970.1	1461	2	0
NR_115969.1	1461	3	0
NR_115942.1	1424	15	0
NR_115932.1	1251	36	0
NR_115882.1	1465	11	0
NR_115881.1	1476	9	0
NR_115880.1	1485	9	0
NR_115879.1	1479	10	0
NR_115878.1	1478	2	0
NR_115873.1	1305	69	0
NR_115869.1	1440	11	0
NR_115767.1	1480	1	0
NR_115750.1	1356	2	0
NR_115723.1	1245	8	0
NR_115722.1	1266	13	0
NR_115677.1	1374	1	0
NR_115616.1	1388	1	0
NR_115612.1	1454	1	0
NR_115610.1	1526	19	0
NR_115608.1	1453	2	0
NR_115552.1	1407	1	0
NR_115548.1	1411	6	0
NR_115547.1	1410	1	0
NR_115515.1	1379	2	0
NR_115304.1	1343	1	0
NR_115288.1	1190	6	0
NR_115215.1	1362	4	0
NR_115173.1	1447	2	0
NR_115036.1	1520	1	0
NR_115005.1	1466	5	0
NR_114995.1	1459	36	0
NR_114975.1	1521	10	0
NR_114964.1	1478	17	0
NR_114959.1	1082	1	0
NR_114923.1	1086	6	0
NR_114920.1	1504	1	0
NR_114883.1	1497	1	0
NR_114845.1	1442	2	0
NR_114798.1	1492	1	0
NR_114795.1	1370	1	0
NR_114794.1	1371	5	0
NR_114764.1	1466	1	0
NR_114750.1	1362	5	0
NR_114737.1	1511	19	0
NR_114736.1	1516	10	0
NR_114735.1	1512	77	0
NR_114716.1	1509	5	0
NR_114715.1	1492	14	0
NR_114714.1	1499	9	0
NR_114712.1	1446	3	0
NR_114711.1	1477	85	0
NR_114706.1	1531	19	0
NR_114705.1	1502	5	0
NR_114704.1	1498	6	0
NR_114701.1	1444	16	0
NR_114680.1	1451	2	0
NR_114672.1	1411	1	0
NR_114631.1	1514	1	0
NR_114630.1	1514	1	0
NR_114617.1	1501	1	0
NR_114595.1	1453	1	0
NR_114589.1	1437	23	0
NR_114588.1	1498	2	0
NR_114579.1	1464	3	0
NR_114578.1	1464	2	0
NR_114577.1	1457	1	0
NR_114576.1	1461	5	0
NR_114575.1	1464	1	0
NR_114564.1	1404	1	0
NR_114538.1	1509	1	0
NR_114520.1	1480	85	0
NR_114507.1	1436	19	0
NR_114506.1	1436	10	0
NR_114505.1	1271	41	0
NR_114503.1	1436	11	0
NR_114502.1	1436	20	0
NR_114482.1	1461	4	0
NR_114480.1	1460	2	0
NR_114479.1	1492	7	0
NR_114478.1	1440	2	0
NR_114477.1	1457	1	0
NR_114476.1	1458	1	0
NR_114473.1	1458	1	0
NR_114472.1	1459	2	0
NR_114470.1	1418	9	0
NR_114430.1	1410	1	0
NR_114419.1	1497	4	0
NR_114345.1	1324	30	0
NR_114324.1	1478	1	0
NR_114320.1	1457	5	0
NR_114292.1	1414	78	0
NR_114286.1	1467	14	0
NR_114285.1	1414	2	0
NR_114281.1	1468	5	0
NR_114258.1	1465	1	0
NR_114250.1	1409	311	0
NR_114245.1	1420	2	0
NR_114239.1	1414	39	0
NR_114235.1	1467	21	0
NR_114232.1	1467	7	0
NR_114227.1	1462	2	0
NR_114226.1	1462	11	0
NR_114225.1	1462	5	0
NR_114224.1	1462	4	0
NR_114218.1	1478	2	0
NR_114215.1	1462	2	0
NR_114207.1	1478	1	0
NR_114197.1	1462	1	0
NR_114195.1	1462	5	0
NR_114192.1	1462	3	0
NR_114164.1	1462	2	0
NR_114159.1	1466	22	0
NR_114158.1	1467	7	0
NR_114157.1	1467	3	0
NR_114156.1	1466	1	0
NR_114155.1	1467	12	0
NR_114154.1	1465	38	0
NR_114153.1	1465	32	0
NR_114152.1	1465	14	0
NR_114147.1	1477	1	0
NR_114144.1	1414	69	0
NR_114143.1	1458	1	0
NR_114141.1	1458	1	0
NR_114123.1	1410	1	0
NR_114121.1	1410	1	0
NR_114111.1	1466	151	0
NR_114108.1	1465	30	0
NR_114107.1	1465	18	0
NR_114080.1	1465	55	0
NR_114079.1	1467	18	0
NR_114078.1	1469	89	0
NR_114077.1	1467	19	0
NR_114071.1	1458	1	0
NR_114059.1	1387	3	0
NR_114058.1	1417	1	0
NR_114045.1	1478	1	0
NR_114044.1	1478	1	0
NR_114043.1	1467	9	0
NR_114042.1	1467	15	0
NR_114041.1	1463	10	0
NR_113975.1	1414	28	0
NR_113973.1	1470	1	0
NR_113970.1	1470	1	0
NR_113963.1	1456	1	0
NR_113957.1	1476	1	0
NR_113945.1	1474	1	0
NR_113920.1	1409	269	0
NR_113878.1	1414	76	0
NR_113859.1	1461	3	0
NR_113858.1	1418	42	0
NR_113857.1	1462	20	0
NR_113856.1	1462	25	0
NR_113855.1	1462	9	0
NR_113851.1	1417	1	0
NR_113850.1	1415	7	0
NR_113849.1	1414	192	0
NR_113847.1	1415	4	0
NR_113845.1	1414	72	0
NR_113791.1	1479	2	0
NR_113781.1	1478	1	0
NR_113759.1	1414	1	0
NR_113741.1	1409	2	0
NR_113730.1	1412	1	0
NR_113728.1	1412	2	0
NR_113703.1	1467	15	0
NR_113702.1	1465	9	0
NR_113701.1	1465	32	0
NR_113696.1	1460	1	0
NR_113688.1	1446	1	0
NR_113679.1	1443	1	0
NR_113678.1	1451	1	0
NR_113660.1	1443	1	0
NR_113651.1	1462	4	0
NR_113647.1	1462	1	0
NR_113646.1	1462	1	0
NR_113634.1	1414	3	0
NR_113633.1	1409	9	0
NR_113632.1	1415	4	0
NR_113623.1	1424	3	0
NR_113618.1	1407	1	0
NR_113616.1	1468	8	0
NR_113615.1	1465	26	0
NR_113614.1	1465	30	0
NR_113611.1	1389	1	0
NR_113610.1	1478	1	0
NR_113601.1	1462	4	0
NR_113600.1	1462	3	0
NR_113598.1	1465	85	0
NR_113596.1	1467	27	0
NR_113590.1	1416	10	0
NR_113583.1	1462	3	0
NR_113581.1	1462	2	0
NR_113580.1	1468	2	0
NR_113576.1	1470	3	0
NR_113556.1	1412	6	0
NR_113554.1	1406	4	0
NR_113552.1	1412	2	0
NR_113551.1	1412	1	0
NR_113550.1	1412	3	0
NR_113546.1	1412	7	0
NR_113545.1	1406	2	0
NR_113406.1	1413	8	0
NR_113403.1	1516	1	0
NR_113385.1	1347	3	0
NR_113348.1	1473	2	0
NR_113347.1	1464	18	0
NR_113344.1	1465	5	0
NR_113342.1	1467	1	0
NR_113341.1	1462	11	0
NR_113340.1	1464	29	0
NR_113322.1	1462	2	0
NR_113321.1	1468	23	0
NR_113240.1	1462	15	0
NR_113236.1	1464	8	0
NR_113182.1	1400	1	0
NR_113169.1	1444	1	0
NR_113167.1	1450	1	0
NR_113028.1	1486	10	0
NR_112986.1	1434	27	0
NR_112985.1	1473	34	0
NR_112966.1	1487	1	0
NR_112959.1	1437	46	0
NR_112958.1	1437	26	0
NR_112957.1	1495	1	0
NR_112953.1	1414	97	0
NR_112952.1	1409	1235	0
NR_112949.1	1400	1	0
NR_112677.1	1436	1	0
NR_112613.1	1433	1	0
NR_112558.1	1110	23	0
NR_112557.1	1110	17	0
NR_112556.1	1110	2	0
NR_112555.1	1110	31	0
NR_112554.1	1110	56	0
NR_112514.1	1480	1	0
NR_112472.1	1468	1	0
NR_112450.1	1478	1	0
NR_112240.1	1409	245	0
NR_112239.1	1409	360	0
NR_112235.1	1433	4	0
NR_112228.1	1386	3	0
NR_112225.1	1402	1	0
NR_112209.1	1409	15	0
NR_112201.1	1489	1	0
NR_112197.1	1412	1	0
NR_112179.1	1148	12	0
NR_112175.1	1145	38	0
NR_112156.1	1390	184	0
NR_112123.1	1361	120	0
NR_112110.1	1432	12	0
NR_112108.1	1443	5	0
NR_112096.1	1451	1	0
NR_112075.1	1504	1	0
NR_112074.1	1501	1	0
NR_112073.1	1503	3	0
NR_112072.1	1505	1	0
NR_112070.1	1505	3	0
NR_112062.1	1507	1	0
NR_112039.1	1523	1	0
NR_112033.1	1385	1	0
NR_112019.1	1465	1	0
NR_112011.1	1451	15	0
NR_112010.1	1441	21	0
NR_112009.1	1449	12	0
NR_112007.1	1438	42	0
NR_112006.1	1449	28	0
NR_112005.1	1449	11	0
NR_111998.1	1449	59	0
NR_109590.1	1444	1	0
NR_029042.2	1517	1	0
NR_044712.2	1475	1	0
NR_044731.2	1487	1	0
NR_044825.2	1482	9	0
NR_044752.2	1476	1	0
NR_044232.2	1479	2	0
NR_109730.1	1459	2	0
NR_109674.1	1429	1	0
NR_109600.1	1502	1	0
NR_109586.1	1484	1	0
NR_109583.1	1532	6	0
NR_109535.1	1430	2	0
NR_109490.1	1407	33	0
NR_109484.1	1441	1	0
NR_109460.1	1435	1	0
NR_109420.1	1422	2	0
NR_109327.1	1471	5	0
NR_109312.1	1432	4	0
NR_109297.1	1473	1	0
NR_109179.1	1449	8	0
NR_108991.1	1405	11	0
NR_108902.1	1401	2	0
NR_108899.1	1500	3	0
NR_108873.1	1463	1	0
NR_108848.1	1494	170	0
NR_108621.1	1468	2	0
NR_108615.1	1469	1	0
NR_108559.1	1430	1	0
NR_108526.1	1448	1	0
NR_108515.1	1441	6	0
NR_108494.1	1517	1	0
NR_108484.1	1529	1	0
NR_108461.1	1502	3	0
NR_108458.1	1480	1	0
NR_108440.1	1419	1	0
NR_108435.1	1477	1	0
NR_108220.1	1375	1	0
NR_108201.1	1459	1	0
NR_108187.1	1405	13	0
NR_108148.1	1413	1	0
NR_108135.1	1481	3	0
NR_108121.1	1535	3	0
NR_104980.1	1418	175	0
NR_104965.1	1499	1	0
NR_104962.1	1432	214	0
NR_104957.1	1499	1	0
NR_104943.1	1440	107	0
NR_104940.1	1478	78	0
NR_104939.1	1532	19	0
NR_104934.1	1527	26	0
NR_104933.1	1527	54	0
NR_104932.1	1529	82	0
NR_104928.1	1524	880	0
NR_104925.1	1534	4	0
NR_104924.1	1494	49	0
NR_104914.1	1472	20	0
NR_104903.1	1480	6	0
NR_104893.1	1462	3	0
NR_104873.1	1538	1	0
NR_104872.1	1514	2	0
NR_104860.1	1500	5	0
NR_104855.1	1490	1	0
NR_104840.1	1398	1	0
NR_104839.1	1435	1	0
NR_104838.1	1460	1	0
NR_104826.1	1530	19	0
NR_104823.1	1504	10	0
NR_104822.1	1491	3	0
NR_104789.1	1518	1	0
NR_104781.1	1535	1	0
NR_104779.1	1537	1	0
NR_104767.1	1510	5	0
NR_104752.1	1516	4	0
NR_104742.1	1469	9	0
NR_104724.1	1461	65	0
NR_104714.1	1467	1	0
NR_104709.1	1467	7	0
NR_104698.1	1468	1	0
NR_104680.1	1409	867	0
NR_104569.1	1494	103	0
NR_104563.1	1469	1	0
NR_104544.1	1441	1	0
NR_104541.1	1461	1	0
NR_104280.1	1484	20	0
NR_104279.1	1484	3	0
NR_104278.1	1484	23	0
NR_044729.2	1488	19	0
NR_044713.2	1478	3	0
NR_044694.2	1475	1	0
NR_044692.2	1470	1	0
NR_044648.2	1485	2	0
NR_104207.1	1473	4	0
NR_102954.1	1519	3	0
NR_102887.1	1519	1	0
NR_102854.1	1526	14	0
NR_102802.1	1543	54	0
NR_102469.1	1488	3	0
NR_102464.1	1480	5	0
NR_102457.1	1477	1	0
NR_102439.1	1507	102	0
NR_074128.1	1447	1	0
NR_074107.1	1537	2	0
NR_075022.1	1563	2	0
NR_074936.1	1547	1	0
NR_074923.1	1545	1	0
NR_074908.1	1544	818	0
NR_074902.1	1542	107	0
NR_074888.1	1542	173	0
NR_074846.1	1537	1	0
NR_074841.1	1537	1	0
NR_074830.1	1536	1	0
NR_074823.1	1535	1	0
NR_074812.1	1535	1	0
NR_074782.1	1533	3	0
NR_074734.1	1529	1	0
NR_074698.1	1527	1	0
NR_074670.1	1524	120	0
NR_074606.1	1519	1	0
NR_074600.1	1518	1	0
NR_074587.1	1517	20	0
NR_074568.1	1515	1	0
NR_074534.1	1512	85	0
NR_074521.1	1510	85	0
NR_074443.1	1506	4	0
NR_074338.1	1493	385	0
NR_074314.1	1489	239	0
NR_074297.1	1488	75	0
NR_074292.1	1486	14	0
NR_074284.1	1485	12	0
NR_074282.1	1485	20	0
NR_074269.1	1480	1	0
NR_074266.1	1480	2	0
NR_074261.1	1479	6	0
NR_074244.1	1476	3	0
NR_074215.1	1473	1	0
NR_074208.1	1472	2	0
NR_074203.1	1472	3	0
NR_044984.2	1477	1	0
NR_044980.1	1485	6	0
NR_044978.1	1495	31	0
NR_044977.1	1495	70	0
NR_044976.1	1498	24	0
NR_044974.1	1492	1	0
NR_044950.1	1432	2	0
NR_044924.1	1536	27	0
NR_044922.1	1430	1	0
NR_044873.1	1467	1	0
NR_044871.1	1481	1	0
NR_044845.1	1532	1	0
NR_044844.1	1478	13	0
NR_044838.1	1454	40	0
NR_044827.1	1499	6	0
NR_044822.1	1255	1	0
NR_044816.1	1462	1	0
NR_044800.1	1456	224	0
NR_044799.1	1502	14	0
NR_044748.1	1415	1	0
NR_044743.1	1471	3	0
NR_044646.1	1469	36	0
NR_044575.1	1454	1	0
NR_044467.1	1504	1	0
NR_044414.1	1342	6	0
NR_044385.1	1500	5	0
NR_044373.1	1368	6	0
NR_044372.1	1448	6	0
NR_044371.1	1437	11	0
NR_044370.1	1414	9	0
NR_044226.1	1450	1	0
NR_044195.1	1378	1	0
NR_044191.1	1421	9	0
NR_044152.1	1461	5	0
NR_044101.1	1400	106	0
NR_044062.1	1361	12	0
NR_044060.1	1417	35	0
NR_044059.1	1425	20	0
NR_044058.1	1417	18	0
NR_044057.1	1380	14	0
NR_043998.1	1383	1	0
NR_043997.1	1503	5	0
NR_043990.1	1411	1	0
NR_043980.1	1351	65	0
NR_043764.1	1366	1	0
NR_043751.1	1356	4	0
NR_043679.1	1325	171	0
NR_043663.1	1500	3	0
NR_043662.1	1500	2	0
NR_043610.1	1484	1	0
NR_043445.1	1470	1	0
NR_043424.1	1527	1	0
NR_043423.1	1526	3	0
NR_043419.1	1530	2	0
NR_043393.1	1418	2	0
NR_043384.1	1515	92	0
NR_043324.1	1510	1	0
NR_043238.1	1482	1	0
NR_043211.1	1484	7	0
NR_043189.1	1401	1	0
NR_043007.1	1477	1	0
NR_042939.1	1530	1	0
NR_042937.1	1444	1	0
NR_042879.1	1362	2	0
NR_042878.1	1362	9	0
NR_042868.1	1364	2	0
NR_042820.1	1497	1	0
NR_042765.1	1446	1	0
NR_042764.1	1439	2	0
NR_042748.1	1436	84	0
NR_042709.1	1502	9	0
NR_042690.1	1369	3	0
NR_042678.1	1442	4	0
NR_042662.1	1425	86	0
NR_042650.1	1418	2	0
NR_042619.1	1523	1	0
NR_042613.1	1371	1	0
NR_042593.1	1484	4	0
NR_042580.1	1521	1	0
NR_042556.1	1508	1	0
NR_042547.1	1398	2	0
NR_042543.1	1459	1	0
NR_042542.1	1459	1	0
NR_042541.1	1492	3	0
NR_042518.1	1350	1	0
NR_042493.1	1410	1	0
NR_042487.1	1476	1	0
NR_042485.1	1488	3	0
NR_042477.1	1438	1	0
NR_042466.1	1446	84	0
NR_042465.1	1426	105	0
NR_042450.1	1494	12	0
NR_042445.1	1441	1	0
NR_042435.1	1523	16	0
NR_042422.1	1502	147	0
NR_042415.1	1517	8	0
NR_042413.1	1497	14	0
NR_042412.1	1518	12	0
NR_042411.1	1516	13	0
NR_042395.1	1481	1	0
NR_042356.1	1479	15	0
NR_042349.1	1513	53	0
NR_042348.1	1410	2	0
NR_042336.1	1531	1	0
NR_042328.1	1524	1	0
NR_042238.1	1419	2	0
NR_042193.1	1408	1	0
NR_042191.1	1459	7	0
NR_042171.1	1422	1	0
NR_042155.1	1498	1	0
NR_042147.1	1492	1	0
NR_042145.1	1475	1	0
NR_042113.1	1440	3	0
NR_042112.1	1440	3	0
NR_042062.1	1428	7	0
NR_042000.1	1510	1	0
NR_041979.1	1495	19	0
NR_041978.1	1473	102	0
NR_041977.1	1491	4	0
NR_041976.1	1497	45	0
NR_041975.1	1509	24	0
NR_041974.1	1504	52	0
NR_041973.1	1495	229	0
NR_041972.1	1496	9	0
NR_041971.1	1497	4	0
NR_041970.1	1497	113	0
NR_041953.1	1492	8	0
NR_041941.1	1418	1	0
NR_041935.1	1409	2	0
NR_041922.1	1427	12	0
NR_041921.1	1413	8	0
NR_041851.1	1523	13	0
NR_041833.1	1461	3	0
NR_041832.1	1461	4	0
NR_041831.1	1461	8	0
NR_041786.1	1509	1	0
NR_041750.1	1436	90	0
NR_041749.1	1436	24	0
NR_041736.1	1512	1	0
NR_041719.1	1494	1	0
NR_041696.1	1491	7	0
NR_041568.1	1426	3	0
NR_041564.1	1411	63	0
NR_041554.1	1443	2	0
NR_041527.1	1490	30	0
NR_041495.1	1406	1	0
NR_041466.1	1476	1	0
NR_041445.1	1406	387	0
NR_041403.1	1484	3	0
NR_041396.1	1457	2	0
NR_041340.1	1453	1	0
NR_041048.1	1409	186	0
NR_041047.1	1409	432	0
NR_041044.1	1464	1	0
NR_041038.1	1477	1	0
NR_041026.1	1433	1	0
NR_040937.1	1463	1	0
NR_040930.1	1399	28	0
NR_040868.1	1412	3	0
NR_040847.1	1486	9	0
NR_040843.1	1357	1	0
NR_040832.1	1443	6	0
NR_040829.1	1467	1	0
NR_040824.1	1477	1	0
NR_040816.1	1477	2	0
NR_040802.1	1503	2	0
NR_040801.1	1502	1	0
NR_040798.1	1513	1	0
NR_044741.1	1498	1	0
NR_044396.1	1475	3	0
NR_044304.1	1438	2	0
NR_044248.1	1359	9	0
NR_044203.1	1425	1	0
NR_044076.1	1493	16	0
NR_043885.1	1506	1	0
NR_043883.1	1347	169	0
NR_043716.1	1482	25	0
NR_043652.1	1447	1	0
NR_043313.1	1520	1	0
NR_043254.1	1424	1	0
NR_042893.1	1441	19	0
NR_041927.1	1468	51	0
NR_037013.2	1503	3	0
NR_036911.2	1503	1	0
NR_026089.2	1503	1	0
NR_025945.2	1503	2	0
NR_024713.2	1502	1	0
NR_037135.1	1454	3	0
NR_037134.1	1527	1	0
NR_037113.1	1418	1	0
NR_037112.1	1508	8	0
NR_037111.1	1502	8	0
NR_037085.1	1454	24	0
NR_037067.1	1546	2	0
NR_037026.1	1374	9	0
NR_037016.1	1481	9	0
NR_037010.1	1491	1	0
NR_036998.1	1491	1	0
NR_036924.1	1529	2	0
NR_036919.1	1497	60	0
NR_036918.1	1535	1	0
NR_036908.1	1527	3	0
NR_036904.1	1475	1	0
NR_036886.1	1532	6	0
NR_036837.1	1419	2	0
NR_036836.1	1439	3	0
NR_036830.1	1456	5	0
NR_036794.1	1534	17	0
NR_036790.1	1537	2	0
NR_036787.1	1481	2	0
NR_029342.1	1519	4	0
NR_029332.1	1500	1	0
NR_029329.1	1526	1	0
NR_029319.1	1408	3	0
NR_029223.1	1439	1	0
NR_029188.1	1488	1	0
NR_029171.1	1484	1	0
NR_029164.1	1475	5	0
NR_029111.1	1462	3	0
NR_029068.1	1506	1	0
NR_029063.1	1531	3	0
NR_029062.1	1479	7	0
NR_029050.1	1408	1	0
NR_029046.1	1418	5	0
NR_029044.1	1497	1	0
NR_029019.1	1438	3	0
NR_029012.1	1516	1	0
NR_029008.1	1494	1	0
NR_028993.1	1451	34	0
NR_028986.1	1492	1	0
NR_028984.1	1485	3	0
NR_028965.1	1406	1	0
NR_028959.1	1370	13	0
NR_028946.1	1542	1	0
NR_028917.1	1483	1	0
NR_028912.1	1511	20	0
NR_028909.1	1484	6	0
NR_028906.1	1503	1	0
NR_028897.1	1519	15	0
NR_028893.1	1507	41	0
NR_028881.1	1521	1	0
NR_028857.1	1482	3	0
NR_028847.1	1493	2	0
NR_028824.1	1494	1	0
NR_028803.1	1459	32	0
NR_028802.1	1453	30	0
NR_028801.1	1509	1	0
NR_028788.1	1437	2	0
NR_028786.1	1503	2	0
NR_028783.1	1282	1	0
NR_028767.1	1447	2	0
NR_028715.1	1512	1	0
NR_028710.1	1460	1	0
NR_028706.1	1521	2	0
NR_028688.1	1530	149	0
NR_028687.1	1530	49	0
NR_028686.1	1522	12	0
NR_028685.1	1496	8	0
NR_028683.1	1468	21	0
NR_028634.1	1454	2	0
NR_028633.1	1427	1	0
NR_028625.1	1401	1	0
NR_028622.1	1441	2	0
NR_028616.1	1454	1	0
NR_028615.1	1335	5	0
NR_028614.1	1443	84	0
NR_028009.1	1475	13	0
NR_027521.1	1492	1	0
NR_027519.1	1492	1	0
NR_025251.1	1437	1	0
NR_025600.1	1455	1	0
NR_025593.1	1506	1	0
NR_025588.1	1512	1	0
NR_025566.1	1362	28	0
NR_025550.1	1494	2	0
NR_025549.1	1494	2	0
NR_025547.1	1507	1	0
NR_025512.1	1442	2	0
NR_025497.1	1464	2	0
NR_025491.1	1468	1	0
NR_025487.1	1362	3	0
NR_025467.1	1477	2	0
NR_025456.1	1424	1	0
NR_025367.1	1512	1	0
NR_025363.1	1446	1	0
NR_025356.1	1444	1	0
NR_025341.1	1502	9	0
NR_025340.1	1495	14	0
NR_025339.1	1490	3	0
NR_025338.1	1516	15	0
NR_025335.1	1485	19	0
NR_025334.1	1490	10	0
NR_025331.1	1498	48	0
NR_025330.1	1495	35	0
NR_025329.1	1504	45	0
NR_025328.1	1505	26	0
NR_025327.1	1504	86	0
NR_025320.1	1439	1	0
NR_025317.1	1407	2	0
NR_025316.1	1488	3	0
NR_025315.1	1391	11	0
NR_025306.1	1522	1	0
NR_025247.1	1507	49	0
NR_025228.1	1455	1	0
NR_025227.1	1455	1	0
NR_025217.1	1455	62	0
NR_025174.1	1516	2	0
NR_025161.1	1461	1	0
NR_025160.1	1461	4	0
NR_025159.1	1461	1	0
NR_025158.1	1461	4	0
NR_025105.1	1540	1	0
NR_025104.1	1542	2	0
NR_025082.1	1411	1	0
NR_025019.1	1481	1	0
NR_025001.1	1431	1	0
NR_024928.1	1516	2	0
NR_024927.1	1516	1	0
NR_024925.1	1453	1	0
NR_024924.1	1513	4	0
NR_024919.1	1481	1	0
NR_024914.1	1378	1	0
NR_024913.1	1379	3	0
NR_024912.1	1516	3	0
NR_024911.1	1522	1	0
NR_024910.1	1517	6	0
NR_024902.1	1518	2	0
NR_024901.1	1516	4	0
NR_024899.1	1504	3	0
NR_024883.1	1414	65	0
NR_024861.1	1511	13	0
NR_024858.1	1547	1	0
NR_024848.1	1494	2	0
NR_024810.1	1411	94	0
NR_024806.1	1492	1	0
NR_024773.1	1415	36	0
NR_024768.1	1466	11	0
NR_024738.1	1411	100	0
NR_024707.1	1502	1	0
NR_024698.1	1490	1	0
NR_024662.1	1498	9	0
NR_024656.1	1429	3	0
NR_024649.1	1471	1	0
NR_024644.1	1442	5	0
NR_024643.1	1438	30	0
NR_024642.1	1449	23	0
NR_024640.1	1422	121	0
NR_024632.1	1428	1	0
NR_026534.1	1465	2	0
NR_026532.1	1494	4	0
NR_026507.1	1497	1	0
NR_026488.1	1490	1	0
NR_026462.1	1432	2	0
NR_026451.1	1467	2	0
NR_026338.1	1461	1	0
NR_026332.1	1487	25	0
NR_026331.1	1488	40	0
NR_026226.1	1402	1	0
NR_026224.1	1476	711	0
NR_026200.1	1472	1	0
NR_026163.1	1469	2	0
NR_026156.1	1472	1	0
NR_026132.1	1483	8	0
NR_026118.1	1476	687	0
NR_026085.1	1331	1	0
NR_026078.1	1537	2	0
NR_026049.1	1456	63	0
NR_026048.1	1456	7	0
NR_026046.1	1458	2	0
NR_026045.1	1455	210	0
NR_026038.1	1507	1	0
NR_026030.1	1466	2	0
NR_025983.1	1519	42	0
NR_025967.1	1491	10	0
NR_025947.1	1529	7	0
NR_025932.1	1512	2	0
NR_025882.1	1508	1	0
NR_025881.1	1527	3	0
NR_025861.1	1368	36	0
NR_025854.1	1413	2	0
NR_025850.1	1413	1	0
NR_025807.1	1506	1	0
NR_025764.1	1482	1	0
NR_025763.1	1482	1	0
NR_025742.1	1514	1	0
NR_025656.1	1484	1	0
NR_025635.1	1412	19	0
NR_029226.2	1501	2	0
NR_146849.1	1254	6	0
NR_134152.1	1422	1	0
NR_028903.2	1510	1	0
NR_042154.1	1365	69	0
NR_042053.1	1507	13	0
NR_041980.1	1505	8	0
NR_041968.1	1504	30	0
NR_041837.1	1362	1	0
NR_041829.1	1498	4	0
NR_041765.1	1509	1	0
NR_041715.1	1458	1	0
NR_041640.1	1540	1	0
NR_041601.1	1414	31	0
NR_041547.1	1450	119	0
NR_041496.1	1457	1	0
NR_041441.1	1439	1	0
NR_041050.1	1409	406	0
NR_041049.1	1409	245	0
NR_040998.1	1441	333	0
NR_040992.1	1498	6	0
NR_040784.1	1461	1	0
NR_029362.1	1521	1	0
NR_029235.1	1540	1	0
NR_029225.1	1528	140	0
NR_028979.1	1470	1	0
NR_028951.1	1470	2	0
NR_028938.1	1502	10	0
NR_028892.1	1470	86	0
NR_028891.1	1447	89	0
NR_028830.1	1523	14	0
NR_028826.1	1438	1	0
NR_028677.1	1459	12	0
NR_028639.1	1493	14	0
NR_027603.1	1530	1	0
NR_027591.1	1485	7	0
NR_027583.1	1469	1	0
NR_027578.1	1462	1	0
NR_027576.1	1548	1	0
NR_027553.1	1294	1	0
NR_027549.1	1473	22	0
NR_027546.1	1461	7	0
NR_027545.1	1461	3	0
NR_027544.1	1461	4	0
NR_027543.1	1461	5	0
NR_027540.1	1484	4	0
NR_025569.1	1494	22	0
NR_025342.1	1480	110	0
NR_025337.1	1473	3	0
NR_025333.1	1482	3	0
NR_025332.1	1481	15	0
NR_025284.1	1484	1	0
NR_025243.1	1403	33	0
NR_025144.1	1465	1	0
NR_025125.1	1514	2	0
NR_024996.1	1436	57	0
NR_024904.1	1514	1	0
NR_024820.1	1270	32	0
NR_024795.1	1484	42	0
NR_024770.1	1399	4	0
NR_024769.1	1466	7	0
NR_024728.1	1411	180	0
NR_024706.1	1522	28	0
NR_024641.1	1450	49	0
NR_026513.1	1482	3	0
NR_026474.1	1491	1	0
NR_026107.1	1479	4	0
NR_026050.1	1455	15	0
NR_026047.1	1458	2	0
NR_025860.1	1459	3	0
NR_025703.1	1378	40	0
NR_024570.1	1450	17	0
NR_037084.1	1452	19	0
NR_040859.1	1484	15	0
