NR_175444.1	1476	1	0
NR_152050.1	1404	5	0
NR_146667.2	1522	38	0
NR_125691.1	1419	2	0
NR_125600.1	1499	8	0
NR_074910.1	1544	136	0
NR_074799.1	1534	1	0
NR_043591.1	1474	1	0
NR_028894.1	1505	1	0
NR_174267.1	1547	7	0
NR_174258.1	1528	1	0
NR_173610.1	1543	3	0
NR_173536.1	1459	2	0
NR_173510.1	1432	1	0
NR_170532.1	1495	1	0
NR_112632.1	1473	1	0
NR_104566.1	1487	1	0
NR_171514.1	1508	1	0
NR_170426.1	1462	2	0
NR_169476.1	1536	3	0
NR_169468.1	1495	12	0
NR_169429.1	1526	2	0
NR_169374.1	1480	1	0
NR_169340.1	1539	2	0
NR_165748.1	1538	6	0
NR_165669.1	1549	1	0
NR_164960.1	1411	1	0
NR_164874.1	1428	1	0
NR_163661.1	1405	1	0
NR_163642.1	1488	2	0
NR_159926.1	1530	5	0
NR_159317.1	1454	2	0
NR_159255.1	1542	1	0
NR_159235.1	1503	1	0
NR_159221.1	1420	1	0
NR_159149.1	1435	1	0
NR_159086.1	1534	2	0
NR_159085.1	1542	6	0
NR_159084.1	1542	1	0
NR_159083.1	1542	4	0
NR_157778.1	1537	7	0
NR_157777.1	1531	6	0
NR_157701.1	1483	1	0
NR_157638.1	1507	1	0
NR_153752.1	1543	1	0
NR_153664.1	1532	1	0
NR_152082.1	1526	1	0
NR_136501.2	1537	5	0
NR_149302.1	1542	4	0
NR_148649.1	1444	10	0
NR_147774.1	1528	1	0
NR_147393.1	1464	1	0
NR_146674.1	1476	1	0
NR_145647.1	1422	5	0
NR_137380.1	1502	1	0
NR_135891.1	1465	1	0
NR_135703.1	1524	3	0
NR_134830.1	1432	1	0
NR_134794.1	1441	1	0
NR_134684.1	1460	1	0
NR_134112.1	1369	1	0
NR_134063.1	1462	4	0
NR_132596.1	1456	2	0
NR_125690.1	1459	1	0
NR_121793.1	1543	1	0
NR_118348.1	1503	1	0
NR_118335.1	1395	1	0
NR_118333.1	1500	1	0
NR_117551.1	1504	1	0
NR_117547.1	1535	25	0
NR_117437.1	1507	1	0
NR_117369.1	1451	1	0
NR_117003.1	1516	1	0
NR_116981.1	1417	1	0
NR_116605.1	1455	11	0
NR_116535.1	1401	1	0
NR_116467.1	1356	1	0
NR_116195.1	1389	1	0
NR_116079.1	1368	2	0
NR_116033.1	1481	1	0
NR_115759.1	1513	1	0
NR_115336.1	1515	1	0
NR_115229.1	1334	1	0
NR_114720.1	1479	1	0
NR_114366.1	1515	2	0
NR_113061.1	1467	1	0
NR_044682.2	1486	2	0
NR_104890.1	1469	1	0
NR_102806.1	1539	1	0
NR_075055.1	1586	1	0
NR_074869.1	1539	25	0
NR_074209.1	1473	1	0
NR_043862.1	1465	1	0
NR_043789.1	1546	1	0
NR_042949.1	1432	1	0
NR_041697.1	1527	5	0
NR_041385.1	1457	1	0
NR_041352.1	1536	1	0
NR_043860.1	1450	1	0
NR_159157.1	1531	1	0
NR_156052.1	1336	5	0
NR_102794.2	1543	43	0
NR_102493.2	1540	23	0
NR_148886.1	1555	1	0
NR_148847.1	1489	1	0
NR_145562.1	1512	1	0
NR_136465.1	1461	1	0
NR_135894.1	1347	2	0
NR_134807.1	1451	9	0
NR_126319.1	1531	3	0
NR_126318.1	1531	5	0
NR_126317.1	1532	3	0
NR_126208.1	1429	35	0
NR_122060.1	1541	2	0
NR_122057.1	1544	2	0
NR_121742.1	1542	2	0
NR_121703.1	1542	16	0
NR_119368.1	1497	1	0
NR_119365.1	1498	1	0
NR_119363.1	1484	1	0
NR_119357.1	1417	1	0
NR_119279.1	1452	2	0
NR_119256.1	1499	1	0
NR_119255.1	1239	2	0
NR_119214.1	1401	2	0
NR_119109.1	1443	1	0
NR_119108.1	1539	1	0
NR_119064.1	1486	1	0
NR_119048.1	1457	3	0
NR_119044.1	1460	1	0
NR_119039.1	1460	1	0
NR_118857.1	1457	2	0
NR_118853.1	1502	2	0
NR_118760.1	1477	1	0
NR_118568.1	1369	49	0
NR_118556.1	1376	2	0
NR_118531.1	1494	3	0
NR_118487.1	1294	1	0
NR_118449.1	1438	1	0
NR_118394.1	1500	1	0
NR_118387.1	1439	1	0
NR_118295.1	1531	1	0
NR_118225.1	1530	1	0
NR_118122.1	1344	4	0
NR_118121.1	1344	3	0
NR_118120.1	1344	5	0
NR_118088.1	1443	6	0
NR_117969.1	1500	1	0
NR_117752.1	1427	1	0
NR_117684.1	1530	1	0
NR_117683.1	1530	2	0
NR_117405.1	1506	2	0
NR_117145.1	1542	1	0
NR_117000.1	1493	4	0
NR_116904.1	1521	13	0
NR_116898.1	1495	1	0
NR_116808.1	1488	1	0
NR_116800.1	1502	2	0
NR_116797.1	1506	40	0
NR_116786.1	1484	1	0
NR_116755.1	1361	23	0
NR_116752.1	1362	6	0
NR_116749.1	1387	3	0
NR_116748.1	1376	1	0
NR_116247.1	1344	2	0
NR_116246.1	1344	3	0
NR_116244.1	1344	4	0
NR_116172.1	1469	2	0
NR_116160.1	1455	3	0
NR_116130.1	1317	1	0
NR_116112.1	1348	1	0
NR_116109.1	1494	2	0
NR_116026.1	1506	1	0
NR_115974.1	1461	1	0
NR_115971.1	1461	1	0
NR_115968.1	1461	1	0
NR_115869.1	1440	2	0
NR_115610.1	1526	1	0
NR_114975.1	1521	1	0
NR_114794.1	1371	3	0
NR_114737.1	1511	6	0
NR_114735.1	1512	2	0
NR_114715.1	1492	5	0
NR_114507.1	1436	2	0
NR_114503.1	1436	3	0
NR_114482.1	1461	1	0
NR_114481.1	1459	1	0
NR_114479.1	1492	2	0
NR_114345.1	1324	1	0
NR_114268.1	1477	1	0
NR_114235.1	1467	1	0
NR_114226.1	1462	2	0
NR_114224.1	1462	1	0
NR_114192.1	1462	5	0
NR_114159.1	1466	2	0
NR_114143.1	1458	3	0
NR_114142.1	1458	1	0
NR_114141.1	1458	7	0
NR_114140.1	1458	2	0
NR_114139.1	1458	2	0
NR_114134.1	1456	1	0
NR_114126.1	1463	1	0
NR_114111.1	1466	1	0
NR_114108.1	1465	6	0
NR_114080.1	1465	2	0
NR_114078.1	1469	4	0
NR_114068.1	1458	2	0
NR_114044.1	1478	1	0
NR_114043.1	1467	1	0
NR_113958.1	1472	1	0
NR_113857.1	1462	1	0
NR_113856.1	1462	2	0
NR_113855.1	1462	4	0
NR_113828.1	1477	1	0
NR_113793.1	1412	1	0
NR_113789.1	1478	1	0
NR_113651.1	1462	1	0
NR_113624.1	1461	1	0
NR_113615.1	1465	1	0
NR_113614.1	1465	1	0
NR_113601.1	1462	1	0
NR_113596.1	1467	1	0
NR_113347.1	1464	1	0
NR_113340.1	1464	1	0
NR_113268.1	1510	49	0
NR_113236.1	1464	1	0
NR_112558.1	1110	1	0
NR_112556.1	1110	1	0
NR_112007.1	1438	2	0
NR_111998.1	1449	2	0
NR_044825.2	1482	1	0
NR_109318.1	1474	1	0
NR_109179.1	1449	4	0
NR_104940.1	1478	1	0
NR_104934.1	1527	2	0
NR_104933.1	1527	7	0
NR_104932.1	1529	24	0
NR_104924.1	1494	1	0
NR_104915.1	1456	1	0
NR_104826.1	1530	3	0
NR_104824.1	1494	1	0
NR_104767.1	1510	1	0
NR_104724.1	1461	8	0
NR_104722.1	1474	13	0
NR_104709.1	1467	1	0
NR_104280.1	1484	2	0
NR_104278.1	1484	1	0
NR_044729.2	1488	2	0
NR_102854.1	1526	16	0
NR_102814.1	1537	3	0
NR_075022.1	1563	1	0
NR_074936.1	1547	1	0
NR_074908.1	1544	21	0
NR_074902.1	1542	27	0
NR_074888.1	1542	22	0
NR_074823.1	1535	2	0
NR_074809.1	1535	2	0
NR_044978.1	1495	3	0
NR_044977.1	1495	25	0
NR_044976.1	1498	1	0
NR_044853.1	1538	1	0
NR_044851.1	1425	1	0
NR_044799.1	1502	2	0
NR_044385.1	1500	5	0
NR_044371.1	1437	1	0
NR_044060.1	1417	1	0
NR_043980.1	1351	1	0
NR_043424.1	1527	1	0
NR_043152.1	1491	2	0
NR_042885.1	1363	1	0
NR_042764.1	1439	1	0
NR_042557.1	1434	1	0
NR_042356.1	1479	1	0
NR_042349.1	1513	13	0
NR_042272.1	1523	3	0
NR_042043.1	1544	1	0
NR_041978.1	1473	1	0
NR_041976.1	1497	4	0
NR_041975.1	1509	1	0
NR_041973.1	1495	5	0
NR_041970.1	1497	1	0
NR_041921.1	1413	2	0
NR_041838.1	1514	1	0
NR_041833.1	1461	1	0
NR_041759.1	1485	4	0
NR_041750.1	1436	2	0
NR_041749.1	1436	2	0
NR_041635.1	1550	1	0
NR_041527.1	1490	2	0
NR_040798.1	1513	1	0
NR_044525.1	1514	1	0
NR_044524.1	1514	1	0
NR_044359.1	1440	1	0
NR_043883.1	1347	13	0
NR_043716.1	1482	1	0
NR_037085.1	1454	1	0
NR_036886.1	1532	7	0
NR_036794.1	1534	3	0
NR_036790.1	1537	1	0
NR_029329.1	1526	17	0
NR_028999.1	1485	1	0
NR_028993.1	1451	3	0
NR_028803.1	1459	7	0
NR_028788.1	1437	1	0
NR_028688.1	1530	7	0
NR_028687.1	1530	2	0
NR_028686.1	1522	1	0
NR_025341.1	1502	1	0
NR_025331.1	1498	4	0
NR_025329.1	1504	1	0
NR_025328.1	1505	1	0
NR_025299.1	1540	1	0
NR_025058.1	1472	1	0
NR_024924.1	1513	1	0
NR_024910.1	1517	2	0
NR_024885.1	1495	1	0
NR_024883.1	1414	1	0
NR_024804.1	1474	4	0
NR_024768.1	1466	1	0
NR_024698.1	1490	3	0
NR_024662.1	1498	14	0
NR_024644.1	1442	2	0
NR_024643.1	1438	6	0
NR_024642.1	1449	6	0
NR_024640.1	1422	20	0
NR_026331.1	1488	16	0
NR_026122.1	1456	1	0
NR_026049.1	1456	1	0
NR_026045.1	1455	2	0
NR_025947.1	1529	1	0
NR_029213.2	1483	1	0
NR_042154.1	1365	4	0
NR_042049.1	1463	1	0
NR_041980.1	1505	4	0
NR_041640.1	1540	1	0
NR_040992.1	1498	4	0
NR_040836.1	1587	3	0
NR_036866.1	1506	1	0
NR_028677.1	1459	1	0
NR_028672.1	1447	1	0
NR_028656.1	1496	8	0
NR_025337.1	1473	1	0
NR_025333.1	1482	3	0
NR_025243.1	1403	15	0
NR_024641.1	1450	6	0
NR_026050.1	1455	2	0
NR_025992.1	1497	1	0
NR_037084.1	1452	2	0
NR_040859.1	1484	3	0
