NR_178153.1	683	2	0
NR_177616.1	705	1	0
NR_177181.1	963	1	0
NR_175619.1	524	1	0
NR_174911.1	588	1	0
NR_174812.1	662	1	0
NR_174777.1	715	1	0
NR_174773.1	759	2	0
NR_174772.1	769	2	0
NR_174771.1	743	1	0
NR_174767.1	769	4	0
NR_174766.1	763	1	0
NR_174762.1	748	2	0
NR_174750.1	676	1	0
NR_174731.1	671	2	0
NR_164277.1	756	1	0
NR_173903.1	701	1	0
NR_173834.1	723	1	0
NR_173717.1	611	1	0
NR_173716.1	610	2	0
NR_120116.2	673	1	0
NR_119473.1	642	12	0
NR_137743.1	463	1	0
NR_173316.1	479	3	0
NR_172746.1	704	5	0
NR_154314.1	741	1	0
NR_153597.1	609	42	0
NR_171968.1	656	1	0
NR_171934.1	734	1	0
NR_171267.1	976	18	0
NR_171262.1	563	1	0
NR_171241.1	536	1	0
NR_171204.1	591	1	0
NR_121556.1	616	1	0
NR_145301.1	603	2	0
NR_170738.1	815	2	0
NR_156500.1	728	1	0
NR_169924.1	573	1	0
NR_169893.1	630	1	0
NR_169726.1	580	1	0
NR_169668.1	795	3	0
NR_168854.1	529	1	0
NR_168210.1	559	7	0
NR_166798.1	724	1	0
NR_166260.1	527	1	0
NR_166237.1	641	1	0
NR_165968.1	531	1	0
NR_165944.1	768	1	0
NR_165980.1	788	1	0
NR_165200.1	829	1	0
NR_164613.1	833	1	0
NR_164379.1	434	4	0
NR_164289.1	645	1	0
NR_164288.1	709	1	0
NR_164230.1	629	1	0
NR_164216.1	582	1	0
NR_155822.1	514	1	0
NR_153992.1	680	1	0
NR_163753.1	656	1	0
NR_155612.1	550	1	0
NR_154391.1	832	2	0
NR_145293.1	805	1	0
NR_137711.1	706	1	0
NR_137034.1	826	1	0
NR_132054.1	1092	18	0
NR_121447.1	641	1	0
NR_121445.1	645	1	0
NR_121420.1	658	1	0
NR_121400.1	692	200	0
NR_121398.1	691	187	0
NR_121395.1	691	208	0
NR_121394.1	689	214	0
NR_121393.1	689	205	0
NR_121391.1	690	213	0
NR_121390.1	694	184	0
NR_121388.1	694	190	0
NR_121387.1	691	189	0
NR_121384.1	664	3	0
NR_121373.1	672	1	0
NR_121339.1	804	18	0
NR_119652.1	668	15	0
NR_119650.1	681	12	0
NR_119649.1	790	2	0
NR_119644.1	713	17	0
NR_119590.1	749	15	0
NR_119554.1	824	83	0
NR_111778.1	582	2	0
NR_163527.1	572	1	0
NR_163383.1	649	1	0
NR_163315.1	693	7	0
NR_163285.1	458	1	0
NR_161038.1	782	2	0
NR_161037.1	777	5	0
NR_161005.1	468	1	0
NR_161014.1	635	1	0
NR_156387.1	664	1	0
NR_160634.1	615	1	0
NR_160337.1	517	1	0
NR_160330.1	684	1	0
NR_160160.1	562	1	0
NR_160120.1	523	1	0
NR_160102.1	718	1	0
NR_160078.1	634	1	0
NR_121532.1	682	1	0
NR_121458.1	797	1	0
NR_121307.1	592	1	0
NR_121270.1	773	1	0
NR_120246.1	528	1	0
NR_120211.1	579	1	0
NR_120127.1	742	2	0
NR_120112.1	614	1	0
NR_120025.1	850	12	0
NR_120008.1	671	1	0
NR_119765.1	765	1	0
NR_119745.1	655	3	0
NR_119664.1	758	1	0
NR_119468.1	663	2	0
NR_077149.1	617	1	0
NR_077129.1	817	3	0
NR_159064.1	660	1	0
NR_158854.1	579	2	0
NR_158794.1	578	1	0
NR_158495.1	623	1	0
NR_158461.1	862	13	0
NR_158442.1	715	2	0
NR_158390.1	659	1	0
NR_158305.1	606	1	0
NR_158299.1	762	1	0
NR_156593.1	655	2	0
NR_156332.1	666	1	0
NR_156194.1	703	1	0
NR_155834.1	484	1	0
NR_155681.1	704	1	0
NR_155406.1	804	1	0
NR_155370.1	512	1	0
NR_155364.1	804	1	0
NR_155346.1	702	1	0
NR_137102.1	625	1	0
NR_154948.1	588	1	0
NR_154802.1	754	1	0
NR_154669.1	892	1	0
NR_154600.1	574	1	0
NR_154426.1	500	1	0
NR_154313.1	648	1	0
NR_154130.1	548	1	0
NR_154119.1	675	1	0
NR_154094.1	775	5	0
NR_154075.1	689	1	0
NR_154065.1	865	6	0
NR_153966.1	662	1	0
NR_153875.1	764	2	0
NR_153652.1	710	2	0
NR_153617.1	580	1	0
NR_153606.1	834	2	0
NR_153525.1	717	34	0
NR_153491.1	608	2	0
NR_152545.1	866	7	0
NR_152544.1	865	4	0
NR_152543.1	921	2	0
NR_137973.1	589	1	0
NR_135954.1	633	1	0
NR_132869.1	584	1	0
NR_132820.1	597	1	0
NR_130693.1	802	2	0
NR_151842.1	866	4	0
NR_147528.1	744	9	0
NR_147428.1	726	1	0
NR_145305.1	764	1	0
NR_145099.1	728	1	0
NR_144901.1	637	6	0
NR_144768.1	635	3	0
NR_126138.2	491	1	0
NR_138368.1	684	2	0
NR_138220.1	469	1	0
NR_137948.1	547	2	0
NR_137874.1	698	1	0
NR_137732.1	655	1	0
NR_137116.1	682	1	0
NR_135937.1	722	1	0
NR_132871.1	697	3	0
NR_132045.1	693	1	0
NR_131855.1	708	2	0
NR_147495.1	731	2	0
NR_137869.1	619	1	0
NR_135942.1	651	1	0
