NG_088171.1	904	1	0
NG_088360.1	859	1	0
NG_088329.1	909	3	0
NG_088311.1	1350	6	0
NG_088310.1	1360	4	0
NG_088309.1	1348	13	0
NG_088282.1	868	2	0
NG_088281.1	912	3	0
NG_088260.1	1400	1	0
NG_088231.1	892	1	0
NG_088210.1	888	1	0
NG_088185.1	970	2	0
NG_088140.1	1355	1	0
NG_088131.1	843	1	0
NG_088124.1	847	2	0
NG_088122.1	1310	1	0
NG_088095.1	1265	1	0
NG_088066.1	1395	4	0
NG_088049.1	1146	1	0
NG_088027.1	1315	1	0
NG_060299.1	795	1	0
NG_058014.1	1330	1	0
NG_081516.1	1286	3	0
NG_081469.1	665	1	0
NG_081453.1	882	3	0
NG_081447.1	871	1	0
NG_081319.1	816	3	0
NG_081312.1	1315	1	0
NG_068734.1	1347	1	0
NG_079666.1	1073	1	0
NG_079554.1	871	1	0
NG_078680.1	933	2	0
NG_075331.1	1378	2	0
NG_077393.1	906	4	0
NG_077390.1	906	4	0
NG_066352.1	3183	1	0
NG_055354.1	3283	1	0
NG_058139.1	1375	1	0
NG_055355.1	3269	3	0
NG_042752.1	881	1	0
NG_075429.1	1356	1	0
NG_075414.1	826	1	0
NG_075386.1	953	1	0
NG_075337.1	608	1	0
NG_075329.1	1396	1	0
NG_075300.1	3106	2	0
NG_075291.1	1352	1	0
NG_075194.1	950	1	0
NG_075191.1	498	1	0
NG_058996.1	655	4	0
NG_027566.1	3087	13	0
NG_074473.1	917	1	0
NG_074468.1	849	2	0
NG_074456.1	1051	1	0
NG_074422.1	852	1	0
NG_074420.1	842	1	0
NG_057852.1	3295	9	0
NG_073874.1	896	1	0
NG_073827.1	884	1	0
NG_073789.1	1319	2	0
NG_073778.1	649	1	0
NG_073775.1	892	1	0
NG_073651.1	845	1	0
NG_073613.1	879	1	0
NG_073612.1	499	1	0
NG_073589.1	1342	1	0
NG_071234.1	683	1	0
NG_071232.1	574	1	0
NG_070937.1	815	1	0
NG_070927.1	1224	1	0
NG_057899.1	1405	1	0
NG_042555.1	1382	1	0
NG_042550.1	1429	1	0
NG_070823.1	1359	1	0
NG_070815.1	872	311	0
NG_070550.1	901	1	0
NG_070549.1	691	1	0
NG_070545.1	927	1	0
NG_070512.1	3248	2	0
NG_070511.1	600	1	0
NG_070502.1	1319	6	0
NG_070495.1	939	1	0
NG_070494.1	939	3	0
NG_070487.1	939	1	0
NG_070486.1	939	2	0
NG_060647.1	1379	1	0
NG_057682.1	625	1	0
NG_070351.1	868	1	0
NG_069912.1	1327	1	0
NG_069895.1	904	1	0
NG_069838.1	1327	1	0
NG_069575.1	894	6	0
NG_069368.1	1302	1	0
NG_069150.1	2035	2	0
NG_069149.1	2029	1	0
NG_069086.1	856	1	0
NG_069004.1	3250	3	0
NG_069003.1	3257	1	0
NG_068983.1	1771	1	0
NG_068902.1	1027	3	0
NG_068900.1	1058	7	0
NG_068899.1	1051	2	0
NG_068859.1	1024	1	0
NG_068856.1	901	12	0
NG_068850.1	1312	8	0
NG_068845.1	815	1	0
NG_068814.1	1411	1	0
NG_068783.1	939	1	0
NG_068766.1	1309	1	0
NG_068758.1	969	1	0
NG_068742.1	1320	1	0
NG_068728.1	654	1	0
NG_068726.1	1377	1	0
NG_068724.1	1333	1	0
NG_068675.1	870	1	0
NG_068631.1	1193	1	0
NG_068630.1	947	1	0
NG_068538.1	1330	1	0
NG_068522.1	1321	2	0
NG_068513.1	1328	2	0
NG_068517.1	1327	1	0
NG_060062.1	603	1	0
NG_055136.1	3235	3	0
NG_068318.1	824	1	0
NG_068252.1	2422	2	0
NG_068236.1	922	1	0
NG_057274.1	870	1	0
NG_057259.1	1407	1	0
NG_067824.1	1382	1	0
NG_067810.1	951	1	0
NG_067897.1	913	1	0
NG_067772.1	3257	3	0
NG_067565.1	1271	1	0
NG_067561.1	1401	1	0
NG_067554.1	871	1	0
NG_058739.1	5088	6	0
NG_067400.1	925	1	0
NG_064136.1	912	2	0
NG_058511.1	852	1	0
NG_066463.1	1995	4	0
NG_066429.1	954	2	0
NG_066402.1	965	2	0
NG_066355.1	3249	1	0
NG_066354.1	3259	2	0
NG_066353.1	3102	2	0
NG_066351.1	3592	1	0
NG_066350.1	3251	3	0
NG_066349.1	3228	3	0
NG_066348.1	5042	5	0
NG_066345.1	1250	1	0
NG_066344.1	879	1	0
NG_066343.1	891	1	0
NG_066247.1	943	5	0
NG_066154.1	3243	9	0
NG_059122.1	847	1	0
NG_058427.1	616	1	0
NG_064598.1	877	2	0
NG_064592.1	910	1	0
NG_064587.1	863	1	0
NG_064572.1	856	2	0
NG_064568.1	884	1	0
NG_064563.1	893	1	0
NG_064554.1	1296	1	0
NG_064438.1	952	1	0
NG_064452.1	910	1	0
NG_064421.1	1239	667	0
NG_064348.1	1323	1	0
NG_064338.1	880	1	0
NG_064315.1	2846	5	0
NG_064313.1	3248	2	0
NG_064312.1	3260	1	0
NG_064110.1	914	1	0
NG_064037.1	909	1	0
NG_063996.1	904	1	0
NG_063981.1	913	2	0
NG_063948.1	1545	4	0
NG_059217.1	810	1	0
NG_055731.1	3250	2	0
NG_055690.1	3298	3	0
NG_055395.1	3301	4	0
NG_055394.1	3280	14	0
NG_055393.1	3076	8	0
NG_055392.1	3308	2	0
NG_055391.1	3243	10	0
NG_055365.1	3272	1	0
NG_055364.1	3249	1	0
NG_055363.1	3282	5	0
NG_055361.1	3290	5	0
NG_055360.1	3275	8	0
NG_055359.1	3238	4	0
NG_055358.1	3270	3	0
NG_055357.1	3238	4	0
NG_055353.1	4349	2	0
NG_055352.1	3285	4	0
NG_055351.1	4174	1	0
NG_055350.1	4553	2	0
NG_055349.1	4788	6	0
NG_055348.1	3265	2	0
NG_055346.1	3282	3	0
NG_055345.1	3282	3	0
NG_055343.1	4469	1	0
NG_055342.1	3584	6	0
NG_055341.1	4578	4	0
NG_055340.1	3718	5	0
NG_055339.1	3244	3	0
NG_055337.1	3664	5	0
NG_055336.1	3678	2	0
NG_055335.1	3265	1	0
NG_055333.1	3659	5	0
NG_055332.1	4949	2	0
NG_055331.1	3244	1	0
NG_055328.1	3242	5	0
NG_055324.1	3258	3	0
NG_055323.1	3246	2	0
NG_055322.1	3207	4	0
NG_055321.1	3258	5	0
NG_055320.1	3198	6	0
NG_055319.1	3205	4	0
NG_055214.1	3242	2	0
NG_055213.1	3241	2	0
NG_055211.1	3223	4	0
NG_055210.1	3242	1	0
NG_055202.1	3279	2	0
NG_055200.1	3260	6	0
NG_055199.1	3257	3	0
NG_055197.1	3257	2	0
NG_055196.1	3231	2	0
NG_055195.1	3227	3	0
NG_055194.1	3225	3	0
NG_055193.1	3277	2	0
NG_055192.1	3278	2	0
NG_055190.1	3270	1	0
NG_055189.1	4208	2	0
NG_055188.1	3269	4	0
NG_055187.1	3262	3	0
NG_055186.1	4439	3	0
NG_055185.1	3292	4	0
NG_055184.1	4689	2	0
NG_055183.1	3249	3	0
NG_055181.1	3663	1	0
NG_055180.1	3038	5	0
NG_055179.1	3231	3	0
NG_055160.1	3278	2	0
NG_055158.1	3282	1	0
NG_055157.1	3242	2	0
NG_055156.1	3243	3	0
NG_055153.1	3180	3	0
NG_055152.1	3235	3	0
NG_055151.1	3237	1	0
NG_055150.1	3233	5	0
NG_055149.1	3181	2	0
NG_055148.1	3210	4	0
NG_055147.1	3187	1	0
NG_055146.1	3191	1	0
NG_055145.1	3229	3	0
NG_055144.1	3234	1	0
NG_055143.1	3234	2	0
NG_055142.1	3232	3	0
NG_055141.1	3211	4	0
NG_055140.1	3227	2	0
NG_055139.1	3226	2	0
NG_055138.1	3237	2	0
NG_055137.1	3230	2	0
NG_055135.1	3191	3	0
NG_055134.1	3232	1	0
NG_055130.1	3258	3	0
NG_055129.1	3263	1	0
NG_055127.1	3214	2	0
NG_055126.1	3270	1	0
NG_055125.1	3197	1	0
NG_055124.1	3321	2	0
NG_055122.1	3218	3	0
NG_055121.1	3218	3	0
NG_055120.1	3219	4	0
NG_055119.1	3220	1	0
NG_055117.1	3208	1	0
NG_055116.1	3240	4	0
NG_055114.1	3234	1	0
NG_055113.1	3252	1	0
NG_055112.1	3197	2	0
NG_055111.1	3199	1	0
NG_055110.1	3197	2	0
NG_055108.1	3166	2	0
NG_055106.1	3199	1	0
NG_055105.1	3199	2	0
NG_055104.1	3231	2	0
NG_055103.1	3169	2	0
NG_055101.1	3159	1	0
NG_055100.1	3162	2	0
NG_055099.1	3160	1	0
NG_055098.1	3098	5	0
NG_055097.1	3158	1	0
NG_055096.1	3157	1	0
NG_055063.1	3297	1	0
NG_055048.1	3213	4	0
NG_055036.1	3309	3	0
NG_055033.1	3315	1	0
NG_055032.1	3315	2	0
NG_055031.1	3301	1	0
NG_055029.1	3277	2	0
NG_055028.1	3276	2	0
NG_054831.1	3230	1	0
NG_054819.1	3183	4	0
NG_054805.1	3284	2	0
NG_054804.1	3284	1	0
NG_042775.1	1318	1	0
NG_042695.1	1789	8	0
NG_042694.1	1788	6	0
NG_042692.1	1781	3	0
NG_042649.1	3385	5	0
NG_042648.1	3094	4	0
NG_042646.1	3262	1	0
NG_042645.1	3222	4	0
NG_042644.1	3246	5	0
NG_042643.1	3234	205	0
NG_042642.1	3219	1	0
NG_042640.1	3261	3	0
NG_042639.1	3266	2	0
NG_042638.1	3255	1	0
NG_042637.1	3256	1	0
NG_042636.1	3260	2	0
NG_042635.1	3259	2	0
NG_042634.1	3260	4	0
NG_042633.1	3251	1	0
NG_042632.1	3253	1	0
NG_042631.1	3199	2	0
NG_042630.1	3271	9	0
NG_042629.1	3279	4	0
NG_042628.1	3278	4	0
NG_042627.1	3243	4	0
NG_042626.1	3266	1	0
NG_042625.1	3278	1	0
NG_042624.1	3282	2	0
NG_042623.1	3284	2	0
NG_042622.1	3312	2	0
NG_042570.1	1429	1	0
NG_042569.1	1429	1	0
NG_042546.1	1030	1	0
NG_042545.1	916	1	0
NG_042528.1	3268	4	0
NG_042524.1	3678	5	0
NG_042523.1	1395	412	0
NG_042464.1	1371	5	0
NG_042456.1	885	1	0
NG_042455.1	895	1	0
NG_042451.1	865	1	0
NG_042444.1	3212	1	0
NG_042441.1	631	1	0
NG_042438.1	3251	1	0
NG_042437.1	3261	1	0
NG_042436.1	3619	7	0
NG_042435.1	3255	4	0
NG_042434.1	3255	1	0
NG_042433.1	3807	3	0
NG_042432.1	3271	1	0
NG_042431.1	3710	1	0
NG_042430.1	3687	2	0
NG_042429.1	3701	1	0
NG_042428.1	3250	2	0
NG_042427.1	3256	3	0
NG_042426.1	3256	3	0
NG_042425.1	4685	3	0
NG_042424.1	3235	3	0
NG_042415.1	3162	18	0
NG_042414.1	3334	13	0
NG_042403.1	627	3	0
NG_042369.1	637	1	0
NG_042317.1	627	1	0
NG_027648.1	3459	22	0
NG_027646.1	2771	15	0
NG_027645.1	3237	9	0
NG_027618.1	3799	16	0
NG_027616.1	3270	16	0
NG_027613.1	3188	17	0
NG_027567.1	3255	15	0
NG_027564.1	3237	16	0
NG_027561.1	3189	62	0
NG_027560.1	4318	34	0
NG_060249.1	3172	9	0
NG_060069.1	3174	11	0
NG_060067.1	984	2	0
NG_059912.1	958	6	0
NG_059518.1	3062	8	0
NG_059517.1	3072	12	0
NG_027623.1	3134	11	0
NG_060251.1	2970	31	0
NG_060250.1	3180	5	0
NG_060795.1	1381	1	0
NG_060793.1	1187	1	0
NG_060690.1	762	1	0
NG_060676.1	860	1	0
NG_060654.1	964	1	0
NG_060644.1	1115	2	0
NG_060619.1	597	1	0
NG_059244.1	783	1	0
NG_060415.1	870	5	0
NG_060404.1	1329	1	0
NG_060400.1	2969	23	0
NG_060390.1	1043	2	0
NG_060381.1	3260	4	0
NG_060380.1	3253	2	0
NG_060379.1	3075	3	0
NG_060360.1	1233	1	0
NG_060306.1	826	1	0
NG_060297.1	799	2	0
NG_060252.1	949	1	0
NG_060241.1	675	1	0
NG_060170.1	1030	3	0
NG_060152.1	756	1	0
NG_060146.1	898	1	0
NG_060124.1	850	4	0
NG_060110.1	874	1	0
NG_060108.1	868	1	0
NG_060075.1	3083	4	0
NG_060074.1	3061	3	0
NG_060072.1	886	2	0
NG_060068.1	819	1	0
NG_060028.1	575	2	0
NG_060016.1	1315	1	0
NG_060013.1	1204	4	0
NG_060003.1	1361	10	0
NG_059998.1	910	3	0
NG_059996.1	967	1	0
NG_059977.1	1378	1	0
NG_059971.1	870	1	0
NG_059943.1	500	1	0
NG_059922.1	1114	1	0
NG_059916.1	3265	1	0
NG_059778.1	1236	1	0
NG_059711.1	813	1	0
NG_059656.1	1322	1	0
NG_059627.1	845	1	0
NG_059475.1	1339	1	0
NG_059432.1	921	2	0
NG_059428.1	1312	1	0
NG_059417.1	698	1	0
NG_059402.1	1309	1	0
NG_059393.1	1289	1	0
NG_055327.1	3211	5	0
NG_055325.1	3224	2	0
NG_059263.1	836	1	0
NG_059218.1	859	1	0
NG_059155.1	929	1	0
NG_059093.1	917	2	0
NG_059076.1	3295	19	0
NG_059067.1	628	1	0
NG_059066.1	1278	1	0
NG_059026.1	985	4	0
NG_058951.1	1314	3	0
NG_058950.1	1305	3	0
NG_058931.1	1305	1	0
NG_058908.1	2165	1	0
NG_058870.1	954	2	0
NG_058857.1	1057	1	0
NG_058811.1	712	1	0
NG_058782.1	3290	5	0
NG_058754.1	3255	3	0
NG_058753.1	3262	3	0
NG_058752.1	3250	4	0
NG_058751.1	3250	2	0
NG_058750.1	3254	2	0
NG_058749.1	3258	2	0
NG_058748.1	3257	1	0
NG_058747.1	3273	1	0
NG_058746.1	1459	1	0
NG_058743.1	993	7	0
NG_058630.1	3329	6	0
NG_058629.1	3261	4	0
NG_058628.1	3336	1	0
NG_058627.1	1012	3	0
NG_058614.1	624	1	0
NG_058602.1	845	1	0
NG_058582.1	731	2	0
NG_058579.1	1341	1	0
NG_058562.1	698	1	0
NG_058560.1	702	6	0
NG_058548.1	1425	4	0
NG_058435.1	617	1	0
NG_058403.1	978	4	0
NG_058345.1	680	1	0
NG_058318.1	931	1	0
NG_058307.1	937	1	0
NG_058203.1	1826	180	0
NG_058198.1	1205	15	0
NG_058037.1	1067	2	0
NG_058036.1	1069	1	0
NG_058035.1	1067	3	0
NG_058034.1	1067	2	0
NG_058032.1	1066	1	0
NG_058031.1	1067	3	0
NG_057972.1	1435	1	0
NG_057971.1	1434	1	0
NG_057946.1	977	1	0
NG_057890.1	932	1	0
NG_057879.1	586	3	0
NG_057869.1	657	1	0
NG_057860.1	1253	1	0
NG_057855.1	3279	12	0
NG_057854.1	4009	4	0
NG_057848.1	3299	9	0
NG_057807.1	1389	1	0
NG_057783.1	935	1	0
NG_057777.1	3283	8	0
NG_057774.1	3286	7	0
NG_057772.1	3296	17	0
NG_057733.1	1441	1	0
NG_057723.1	593	5	0
NG_057720.1	801	3	0
NG_057661.1	627	1	0
NG_057659.1	628	1	0
NG_057238.1	1442	1	0
NG_057199.1	1425	1	0
NG_057176.1	3254	2	0
NG_057174.1	3258	2	0
NG_057173.1	3254	3	0
NG_057172.1	3250	1	0
NG_057171.1	3249	1	0
NG_057170.1	3251	1	0
NG_057169.1	3256	2	0
NG_057168.1	3253	4	0
NG_057167.1	3255	2	0
NG_057166.1	3259	2	0
NG_057165.1	3261	2	0
NG_057164.1	3255	2	0
NG_057163.1	3282	3	0
NG_057162.1	3299	1	0
NG_057161.1	3264	1	0
NG_057160.1	3267	1	0
NG_057159.1	3267	3	0
NG_057158.1	3273	1	0
NG_057139.1	1283	1	0
NG_057123.1	928	1	0
NG_057097.1	1946	1	0
NG_057095.1	1829	1	0
NG_057061.1	1442	1	0
NG_057044.1	751	1	0
NG_057033.1	794	1	0
NG_057032.1	858	1	0
NG_056968.1	3289	9	0
NG_056957.1	1041	1	0
NG_056281.1	1071	1	0
NG_056278.1	3263	2	0
