NG_087908.1	935	4	0
NG_087883.1	1255	1	0
NG_087873.1	998	1	0
NG_087870.1	1009	1	0
NG_063068.1	1662	1	0
NG_081424.1	1013	8	0
NG_081412.1	1098	1	0
NG_081404.1	1048	1	0
NG_081371.1	1132	1	0
NG_081364.1	1737	2	0
NG_065066.1	1009	1	0
NG_078757.1	1647	1	0
NG_078756.1	1595	2	0
NG_078755.1	1607	1	0
NG_078743.1	1010	1	0
NG_078727.1	1690	4	0
NG_078724.1	1782	1	0
NG_078723.1	1782	2	0
NG_077396.1	1775	1	0
NG_077448.1	1128	2	0
NG_077447.1	1100	1	0
NG_077442.1	985	1	0
NG_077440.1	996	1	0
NG_077435.1	945	1	0
NG_077431.1	1177	1	0
NG_077397.1	2045	2	0
NG_065501.1	1787	6	0
NG_063416.1	1782	1	0
NG_076754.1	990	1	0
NG_065542.1	1724	1	0
NG_062712.1	1701	1	0
NG_017171.1	1771	23	0
NG_063657.1	953	1	0
NG_074971.1	1020	43	0
NG_074960.1	2390	1	0
NG_074959.1	2668	2	0
NG_074943.1	1012	1	0
NG_074936.1	1013	1	0
NG_074933.1	1366	2	0
NG_074928.1	1013	4	0
NG_074918.1	1013	1	0
NG_074913.1	1669	1	0
NG_074904.1	1626	1	0
NG_070879.1	1266	1	0
NG_064992.1	1183	1	0
NG_073517.1	1058	1	0
NG_073542.1	1003	5	0
NG_073539.1	946	1	0
NG_073498.1	1737	1	0
NG_073493.1	1771	3	0
NG_065069.1	1009	1	0
NG_070271.1	998	2	0
NG_070263.1	997	1	0
NG_070259.1	995	1	0
NG_070882.1	1802	3	0
NG_070880.1	1399	2	0
NG_070878.1	1761	5	0
NG_070875.1	1792	5	0
NG_070868.1	1801	1	0
NG_070866.1	2272	2	0
NG_070865.1	1810	1	0
NG_070859.1	1030	2	0
NG_070857.1	1119	1	0
NG_070854.1	1786	4	0
NG_070853.1	2071	2	0
NG_070850.1	1849	6	0
NG_070849.1	1741	1	0
NG_070808.1	1738	72	0
NG_070805.1	1771	2	0
NG_070804.1	1788	2	0
NG_070801.1	1776	9	0
NG_070798.1	1357	1	0
NG_070795.1	1696	2	0
NG_070794.1	1241	2	0
NG_070791.1	1787	1	0
NG_070790.1	1802	4	0
NG_070787.1	1788	2	0
NG_070697.1	1839	30	0
NG_070695.1	1592	2	0
NG_070694.1	1667	2	0
NG_070693.1	1698	4	0
NG_070691.1	1731	9	0
NG_070690.1	1757	3	0
NG_070687.1	1770	1	0
NG_070641.1	1667	1	0
NG_070637.1	1033	1	0
NG_070633.1	1076	1	0
NG_062677.1	1683	1	0
NG_070324.1	1013	1	0
NG_070315.1	1032	1	0
NG_070307.1	1637	1	0
NG_070303.1	1641	1	0
NG_070302.1	1640	1	0
NG_070294.1	1721	2	0
NG_070287.1	1713	2	0
NG_070284.1	767	3	0
NG_070283.1	1664	3	0
NG_070282.1	1719	5	0
NG_070280.1	1573	1	0
NG_070279.1	1765	1	0
NG_070277.1	996	1	0
NG_070240.1	996	1	0
NG_070238.1	1058	3	0
NG_070233.1	1782	5	0
NG_070167.1	998	1	0
NG_070152.1	1002	1	0
NG_070131.1	1132	2	0
NG_070117.1	1663	2	0
NG_070114.1	1011	2	0
NG_070102.1	1115	1	0
NG_068360.1	1739	6	0
NG_068415.1	1016	1	0
NG_068390.1	1010	1	0
NG_067713.1	1079	1	0
NG_067690.1	1616	1	0
NG_067666.1	1025	1	0
NG_067658.1	1021	1	0
NG_067628.1	1715	1	0
NG_067626.1	1148	1	0
NG_062614.1	1659	1	0
NG_065762.1	2028	2	0
NG_065761.1	1019	54	0
NG_065750.1	1472	1	0
NG_065748.1	1026	1	0
NG_065733.1	995	1	0
NG_065708.1	723	1	0
NG_065699.1	1025	2	0
NG_065690.1	1045	1	0
NG_065684.1	1891	1	0
NG_065683.1	1398	1	0
NG_065681.1	1559	3	0
NG_065680.1	1001	1	0
NG_065676.1	999	1	0
NG_065664.1	968	1	0
NG_065661.1	2203	2	0
NG_065651.1	1566	5	0
NG_065650.1	1595	7	0
NG_065644.1	1097	1	0
NG_065642.1	1999	1	0
NG_065641.1	1701	1	0
NG_065635.1	1066	1	0
NG_065634.1	995	69	0
NG_065633.1	996	52	0
NG_065625.1	1589	1	0
NG_065623.1	1118	1	0
NG_065614.1	1582	1	0
NG_065612.1	1617	1	0
NG_065606.1	1491	2	0
NG_065603.1	1551	1	0
NG_065566.1	2245	2	0
NG_065559.1	1078	1	0
NG_065549.1	1711	1	0
NG_065539.1	1030	2	0
NG_065538.1	1770	1	0
NG_065535.1	1757	1	0
NG_065532.1	1722	37	0
NG_065520.1	1656	1	0
NG_065516.1	1661	1	0
NG_065500.1	1766	1	0
NG_065498.1	1760	1	0
NG_065488.1	1721	1	0
NG_065479.1	1710	1	0
NG_065476.1	1687	2	0
NG_065475.1	1724	1	0
NG_065466.1	1740	2	0
NG_013120.1	1647	1	0
NG_065157.1	1804	4	0
NG_065106.1	1602	1	0
NG_065096.1	1069	1	0
NG_065092.1	1023	1	0
NG_065080.1	1708	1	0
NG_065070.1	1644	6	0
NG_065065.1	1025	3	0
NG_065064.1	1700	1	0
NG_065063.1	1700	3	0
NG_065062.1	1544	1	0
NG_065058.1	882	1	0
NG_065054.1	1116	1	0
NG_065049.1	1179	1	0
NG_065042.1	1614	147	0
NG_065029.1	1026	1	0
NG_065018.1	1029	1	0
NG_065007.1	592	7	0
NG_064985.1	1028	2	0
NG_064977.1	1735	1	0
NG_064969.1	1667	4	0
NG_064959.1	1073	3	0
NG_064947.1	1057	1	0
NG_064942.1	1773	1	0
NG_064940.1	1779	1	0
NG_064939.1	1779	1	0
NG_064938.1	1880	1	0
NG_064921.1	1714	1	0
NG_064918.1	1076	2	0
NG_064914.1	1704	1	0
NG_064909.1	1663	1	0
NG_064907.1	1767	1	0
NG_064906.1	1786	1	0
NG_064896.1	1735	2	0
NG_064889.1	2050	1	0
NG_064878.1	1787	1	0
NG_064870.1	1777	2	0
NG_064864.1	1745	1	0
NG_064863.1	1777	1	0
NG_064862.1	1148	3	0
NG_064858.1	1750	2	0
NG_064839.1	1687	1	0
NG_064838.1	1721	1	0
NG_064830.1	1769	4	0
NG_064829.1	1771	2	0
NG_064828.1	1775	1	0
NG_064827.1	1772	2	0
NG_064824.1	1757	1	0
NG_064815.1	1727	1	0
NG_064797.1	1750	1	0
NG_064795.1	1752	1	0
NG_064794.1	1753	124	0
NG_063675.1	1019	1	0
NG_063627.1	690	1	0
NG_063621.1	1062	1	0
NG_063572.1	1003	1	0
NG_063552.1	1027	1	0
NG_063537.1	1125	1	0
NG_063526.1	1753	3	0
NG_063520.1	1777	4	0
NG_063505.1	1748	1	0
NG_063472.1	1776	1	0
NG_063470.1	1782	1	0
NG_063463.1	1782	1	0
NG_063462.1	1782	1	0
NG_063457.1	1782	1	0
NG_063455.1	1780	2	0
NG_063452.1	1781	1	0
NG_063451.1	2088	1	0
NG_063446.1	1790	1	0
NG_063436.1	1756	1	0
NG_063421.1	1781	1	0
NG_063386.1	1778	5	0
NG_063357.1	1738	1	0
NG_063338.1	1722	1	0
NG_063336.1	1722	1	0
NG_063311.1	1629	1	0
NG_063300.1	1661	1	0
NG_063298.1	1655	1	0
NG_063276.1	1721	1	0
NG_063275.1	1722	1	0
NG_063268.1	1752	1	0
NG_063235.1	1787	12	0
NG_063234.1	1794	1	0
NG_063047.1	2053	1	0
NG_062774.1	1067	1	0
NG_062682.1	1753	1	0
NG_062672.1	1723	1	0
NG_063083.1	1750	1	0
NG_063071.1	1598	2	0
NG_063041.1	1586	2	0
NG_063039.1	1591	1	0
NG_063038.1	1955	1	0
NG_063021.1	996	1	0
NG_063016.1	1577	1	0
NG_063001.1	1533	1	0
NG_063000.1	1570	3	0
NG_062981.1	1598	1	0
NG_062933.1	1655	1	0
NG_062923.1	1686	1	0
NG_062866.1	1640	1	0
NG_062849.1	1068	1	0
NG_062816.1	2007	3	0
NG_062787.1	2105	1	0
NG_062782.1	1778	1	0
NG_062780.1	1592	1	0
NG_062768.1	1590	1	0
NG_062757.1	1022	1	0
NG_062744.1	1134	1	0
NG_062735.1	1697	1	0
NG_062716.1	1473	1	0
NG_062714.1	1682	1	0
NG_062708.1	2861	1	0
NG_062705.1	1706	4	0
NG_062700.1	1691	1	0
NG_062696.1	1754	1	0
NG_062693.1	1662	2	0
NG_062692.1	1181	1	0
NG_062691.1	1799	1	0
NG_062685.1	1765	1	0
NG_062670.1	1783	1	0
NG_062662.1	1700	2	0
NG_062647.1	1714	2	0
NG_062640.1	1761	1	0
NG_062635.1	1750	1	0
NG_062624.1	1756	1	0
NG_062619.1	1757	1	0
NG_062618.1	1757	3	0
NG_062613.1	1659	1	0
NG_062611.1	1792	1	0
NG_062609.1	1734	1	0
NG_062600.1	1769	5	0
NG_062406.1	1575	1	0
NG_062403.1	1574	2	0
NG_062393.1	1696	15	0
NG_062391.1	1663	1	0
NG_062381.1	1770	3	0
NG_062375.1	1691	1	0
NG_062366.1	1767	5	0
NG_062192.1	1697	1	0
NG_062145.1	1799	8	0
NG_062120.1	1779	1	0
NG_062102.1	1652	2	0
NG_062080.1	1752	1	0
NG_062077.1	1786	1	0
NG_062074.1	1741	1	0
NG_062046.1	1686	1	0
NG_062028.1	1782	1	0
NG_062024.1	1792	1	0
NG_062023.1	1776	1	0
NG_062020.1	1773	1	0
NG_062019.1	1780	1	0
NG_061284.1	857	22	0
NG_061275.1	1507	1	0
NG_061267.1	1024	1	0
NG_061256.1	1809	2	0
NG_061246.1	2310	3	0
NG_061221.1	2699	1	0
NG_061210.1	1075	1	0
NG_061209.1	1017	2	0
NG_061199.1	1670	1	0
NG_061194.1	1599	1	0
NG_061176.1	1616	1	0
NG_061172.1	1708	1	0
NG_061168.1	1554	1	0
NG_061158.1	1657	1	0
NG_061154.1	1655	1	0
NG_061153.1	1656	1	0
NG_061147.1	1574	1	0
NG_061140.1	1649	15	0
NG_061135.1	1643	1	0
NG_061130.1	1752	2	0
NG_061123.1	1698	2	0
NG_061114.1	1664	3	0
NG_061113.1	1664	6	0
NG_061111.1	1703	2	0
NG_061108.1	1201	1	0
NG_061103.1	1746	5	0
NG_061094.1	1762	1	0
NG_061089.1	1787	1	0
NG_061088.1	1744	1	0
NG_061078.1	1718	1	0
NG_061077.1	2459	1	0
NG_061070.1	1138	1	0
NG_061059.1	1575	2	0
NG_061058.1	1048	2	0
NG_061056.1	1715	1	0
NG_061053.1	1769	29	0
NG_061052.1	1696	2	0
NG_061045.1	1792	2	0
NG_061042.1	1777	1	0
NG_061038.1	1756	816	0
NG_061034.1	1759	1	0
NG_061033.1	1757	1	0
NG_061022.1	1758	1	0
NG_061011.1	1776	38	0
NG_060984.1	1781	1	0
NG_060972.1	1740	1	0
NG_060587.1	1738	1	0
NG_013175.1	1776	1	0
NG_017187.1	1751	2	0
NG_017185.1	1816	1	0
NG_017179.1	1787	203	0
NG_017174.1	1770	5	0
NG_017173.1	2620	32	0
NG_017172.1	1796	12	0
NG_017168.1	1784	21	0
NG_017166.1	1860	2	0
NG_016540.1	1708	2	0
NG_013154.1	1715	1	0
NG_017176.1	1463	13	0
