NR_178153.1	683	1	0
NR_177612.1	779	6	0
NR_177585.1	686	16	0
NR_177545.1	653	1	0
NR_177544.1	633	1	0
NR_177543.1	649	2	0
NR_177539.1	502	1	0
NR_177523.1	554	7	0
NR_177499.1	759	1	0
NR_177494.1	674	1	0
NR_177470.1	698	9	0
NR_177458.1	784	2	0
NR_165211.1	719	63	0
NR_177181.1	963	1	0
NR_177180.1	896	6	0
NR_177141.1	620	3	0
NR_177134.1	654	3	0
NR_177133.1	594	2	0
NR_130222.1	616	2	0
NR_176759.1	699	1	0
NR_176739.1	567	4	0
NR_137099.1	536	1	0
NR_176184.1	790	2	0
NR_176171.1	745	7	0
NR_176157.1	661	1	0
NR_173732.1	695	2	0
NR_153009.1	702	1	0
NR_130267.1	661	1	0
NR_130202.1	729	1	0
NR_175693.1	666	5	0
NR_175642.1	565	1	0
NR_175637.1	568	1	0
NR_175251.1	706	1	0
NR_153051.1	692	2	0
NR_120313.1	710	1	0
NR_175199.1	714	3	0
NR_175122.1	605	1	0
NR_175105.1	750	10	0
NR_175095.1	778	1	0
NR_175056.1	743	1	0
NR_175049.1	631	1	0
NR_174925.1	635	2	0
NR_174911.1	588	1	0
NR_174900.1	744	2	0
NR_174897.1	636	2	0
NR_174869.1	746	1	0
NR_174867.1	739	1	0
NR_174863.1	775	1	0
NR_174821.1	644	1	0
NR_174818.1	620	1	0
NR_174792.1	780	1	0
NR_174782.1	712	1	0
NR_174778.1	713	11	0
NR_174777.1	715	11	0
NR_174776.1	712	10	0
NR_174770.1	750	1	0
NR_174768.1	752	1	0
NR_174767.1	769	1	0
NR_174764.1	759	1	0
NR_174762.1	748	1	0
NR_174761.1	732	4	0
NR_174760.1	735	1	0
NR_174759.1	732	4	0
NR_174754.1	640	2	0
NR_174753.1	602	1	0
NR_174752.1	564	2	0
NR_174750.1	676	2	0
NR_174743.1	693	2	0
NR_174742.1	620	3	0
NR_174741.1	620	2	0
NR_174740.1	635	2	0
NR_174728.1	655	1	0
NR_165582.1	630	1	0
NR_164277.1	756	27	0
NR_173972.1	721	1	0
NR_173950.1	743	1	0
NR_173943.1	496	9	0
NR_173942.1	630	3	0
NR_173865.1	682	1	0
NR_173863.1	607	4	0
NR_173820.1	727	1	0
NR_173811.1	718	2	0
NR_173809.1	539	3	0
NR_173795.1	767	1	0
NR_173788.1	529	1	0
NR_173780.1	695	7	0
NR_173772.1	804	2	0
NR_173757.1	660	8	0
NR_173754.1	758	1	0
NR_173737.1	780	18	0
NR_173479.1	663	3	0
NR_173469.1	498	1	0
NR_173403.1	678	2	0
NR_137743.1	463	1	0
NR_173316.1	479	7	0
NR_173308.1	572	2	0
NR_173307.1	544	1	0
NR_173293.1	648	1	0
NR_173209.1	803	1	0
NR_173205.1	679	1	0
NR_173188.1	1016	2	0
NR_173172.1	666	10	0
NR_173171.1	672	1	0
NR_173068.1	657	1	0
NR_173035.1	565	1	0
NR_172981.1	612	1	0
NR_172968.1	542	3	0
NR_168804.1	503	1	0
NR_172857.1	631	1	0
NR_172782.1	806	6	0
NR_172754.1	530	1	0
NR_172746.1	704	3	0
NR_172398.1	578	2	0
NR_172379.1	615	1	0
NR_153597.1	609	175	0
NR_172328.1	716	1	0
NR_172322.1	659	3	0
NR_172221.1	618	2	0
NR_172163.1	609	1	0
NR_160106.1	607	2	0
NR_157473.1	677	1	0
NR_172039.1	725	1	0
NR_171849.1	304	1	0
NR_171845.1	687	1	0
NR_171735.1	483	3	0
NR_171605.1	656	4	0
NR_171603.1	682	2	0
NR_171328.1	617	2	0
NR_171218.1	630	1	0
NR_121556.1	616	1	0
NR_171132.1	622	1	0
NR_152954.1	597	4	0
NR_145301.1	603	1	0
NR_111570.1	594	1	0
NR_111556.1	596	1	0
NR_170738.1	815	21	0
NR_156500.1	728	3	0
NR_155942.1	566	1	0
NR_169982.1	671	1	0
NR_169981.1	739	6	0
NR_169977.1	743	1	0
NR_169926.1	613	2	0
NR_169726.1	580	1	0
NR_169674.1	544	1	0
NR_169668.1	795	28	0
NR_169654.1	644	1	0
NR_168788.1	727	1	0
NR_158374.1	667	1	0
NR_168426.1	687	2	0
NR_168422.1	605	1	0
NR_168159.1	576	1	0
NR_166037.1	662	1	0
NR_132835.1	653	1	0
NR_154507.1	591	1	0
NR_166544.1	648	1	0
NR_166359.1	733	5	0
NR_166321.1	561	1	0
NR_166300.1	606	7	0
NR_166281.1	607	27	0
NR_166260.1	527	1	0
NR_166238.1	558	3	0
NR_166237.1	641	1	0
NR_165968.1	531	2	0
NR_165944.1	768	2	0
NR_160610.1	697	1	0
NR_165891.1	645	4	0
NR_165890.1	605	3	0
NR_165884.1	741	1	0
NR_165906.1	517	1	0
NR_165904.1	518	4	0
NR_165903.1	468	1	0
NR_165894.1	489	2	0
NR_165868.1	516	1	0
NR_165523.1	619	1	0
NR_165234.1	593	1	0
NR_165200.1	829	1	0
NR_119524.1	722	1	0
NR_073222.1	646	1	0
NR_073212.1	645	2	0
NR_164612.1	639	4	0
NR_164611.1	647	1	0
NR_164540.1	706	1	0
NR_164539.1	666	1	0
NR_164513.1	536	2	0
NR_164458.1	688	1	0
NR_164428.1	523	15	0
NR_164406.1	699	1	0
NR_164392.1	692	1	0
NR_164379.1	434	1	0
NR_164270.1	541	1	0
NR_164266.1	572	7	0
NR_164256.1	497	1	0
NR_164248.1	568	2	0
NR_164214.1	660	1	0
NR_164292.1	705	8	0
NR_164288.1	709	1	0
NR_164278.1	690	1	0
NR_164230.1	629	1	0
NR_164216.1	582	3	0
NR_164082.1	659	1	0
NR_164035.1	711	1	0
NR_164056.1	742	1	0
NR_164015.1	745	1	0
NR_163786.1	463	1	0
NR_163752.1	554	1	0
NR_163689.1	646	1	0
NR_163672.1	547	2	0
NR_154704.1	668	3	0
NR_154604.1	656	2	0
NR_132054.1	1092	5	0
NR_126145.2	692	1	0
NR_121446.1	637	1	0
NR_121434.1	680	1	0
NR_121420.1	658	1	0
NR_121405.1	663	1	0
NR_121400.1	692	52	0
NR_121399.1	691	1	0
NR_121398.1	691	58	0
NR_121395.1	691	70	0
NR_121394.1	689	72	0
NR_121393.1	689	72	0
NR_121391.1	690	61	0
NR_121390.1	694	62	0
NR_121389.1	692	2	0
NR_121388.1	694	69	0
NR_121387.1	691	56	0
NR_121339.1	804	5	0
NR_120089.1	694	1	0
NR_120007.1	665	22	0
NR_119652.1	668	2	0
NR_119650.1	681	4	0
NR_119648.1	853	1	0
NR_119644.1	713	4	0
NR_119640.1	475	1	0
NR_119595.1	544	1	0
NR_119590.1	749	2	0
NR_119554.1	824	16	0
NR_111664.1	598	10	0
NR_111586.1	601	1	0
NR_111580.1	608	1	0
NR_111561.1	582	1	0
NR_111558.1	575	1	0
NR_111313.1	636	1	0
NR_163553.1	725	2	0
NR_163519.1	485	1	0
NR_163518.1	683	1	0
NR_163517.1	809	1	0
NR_163502.1	604	1	0
NR_163311.1	871	1	0
NR_161070.1	718	1	0
NR_161038.1	782	1	0
NR_161039.1	740	1	0
NR_160628.1	797	1	0
NR_160605.1	611	1	0
NR_160501.1	715	2	0
NR_160471.1	695	1	0
NR_160261.1	782	2	0
NR_160234.1	556	1	0
NR_160180.1	719	5	0
NR_160158.1	620	11	0
NR_160144.1	557	1	0
NR_160139.1	692	1	0
NR_160121.1	667	2	0
NR_160102.1	718	8	0
NR_160098.1	523	6	0
NR_160089.1	480	1	0
NR_160069.1	711	1	0
NR_159835.1	630	1	0
NR_159759.1	679	1	0
NR_121313.1	593	1	0
NR_121279.1	598	8	0
NR_111112.1	476	2	0
NR_119750.2	704	4	0
NR_119739.2	679	1	0
NR_121553.1	580	1	0
NR_121541.1	587	39	0
NR_121495.1	613	1	0
NR_121490.1	678	1	0
NR_121466.1	574	1	0
NR_121458.1	797	1	0
NR_121454.1	683	10	0
NR_121307.1	592	1	0
NR_121306.1	593	1	0
NR_121290.1	675	1	0
NR_121270.1	773	8	0
NR_121256.1	604	1	0
NR_120267.1	667	2	0
NR_120145.1	615	1	0
NR_120122.1	753	1	0
NR_120025.1	850	8	0
NR_120008.1	671	4	0
NR_119994.1	548	3	0
NR_119975.1	746	22	0
NR_119968.1	687	2	0
NR_119960.1	613	1	0
NR_119935.1	624	1	0
NR_119925.1	556	1	0
NR_119913.1	540	1	0
NR_119895.1	560	1	0
NR_119893.1	603	1	0
NR_119826.1	672	3	0
NR_119810.1	723	1	0
NR_119744.1	620	34	0
NR_119671.1	782	4	0
NR_119664.1	758	8	0
NR_119603.1	478	1	0
NR_119559.1	755	1	0
NR_119477.1	622	1	0
NR_119476.1	622	2	0
NR_119475.1	632	4	0
NR_119469.1	500	1	0
NR_119426.1	605	2	0
NR_111872.1	544	3	0
NR_111434.1	650	1	0
NR_111210.1	573	1	0
NR_111161.1	585	1	0
NR_111128.1	472	1	0
NR_111059.1	509	2	0
NR_111042.1	614	1	0
NR_111040.1	527	1	0
NR_111038.1	524	2	0
NR_111035.1	523	5	0
NR_111034.1	525	1	0
NR_111033.1	527	1	0
NR_111032.1	522	17	0
NR_077127.1	525	2	0
NR_077081.1	632	8	0
NR_073322.1	666	1	0
NR_073303.1	670	1	0
NR_073286.1	614	2	0
NR_073276.1	619	1	0
NR_073221.1	645	3	0
NR_138444.1	558	1	0
NR_134398.1	584	1	0
NR_159639.1	765	2	0
NR_159577.1	577	1	0
NR_159052.1	513	1	0
NR_159026.1	555	1	0
NR_154808.1	682	1	0
NR_152364.1	737	2	0
NR_138394.1	604	1	0
NR_132896.1	556	2	0
NR_158941.1	798	1	0
NR_158935.1	756	2	0
NR_158917.1	664	1	0
NR_158880.1	738	6	0
NR_158878.1	706	2	0
NR_158805.1	642	2	0
NR_137053.1	631	1	0
NR_158504.1	606	1	0
NR_158486.1	565	1	0
NR_158485.1	766	5	0
NR_158480.1	722	3	0
NR_158472.1	581	1	0
NR_158461.1	862	7	0
NR_158442.1	715	4	0
NR_158425.1	741	1	0
NR_157886.1	647	1	0
NR_157883.1	638	1	0
NR_157537.1	475	1	0
NR_157478.1	593	1	0
NR_156593.1	655	1	0
NR_156587.1	615	1	0
NR_156551.1	502	1	0
NR_156371.1	477	1	0
NR_156328.1	720	2	0
NR_156291.1	682	7	0
NR_156280.1	631	7	0
NR_157131.1	702	3	0
NR_156669.1	556	1	0
NR_156549.1	565	1	0
NR_156347.1	625	1	0
NR_156304.1	705	2	0
NR_156207.1	666	1	0
NR_156205.1	451	1	0
NR_156007.1	581	2	0
NR_155991.1	790	1	0
NR_155971.1	708	1	0
NR_155844.1	683	2	0
NR_155843.1	783	1	0
NR_155841.1	641	3	0
NR_155808.1	565	2	0
NR_155800.1	654	1	0
NR_155737.1	679	7	0
NR_155735.1	699	3	0
NR_155721.1	692	4	0
NR_155720.1	643	2	0
NR_155593.1	762	1	0
NR_155582.1	787	5	0
NR_155484.1	696	1	0
NR_155346.1	702	3	0
NR_155332.1	646	1	0
NR_155217.1	657	3	0
NR_155182.1	633	1	0
NR_155180.1	587	1	0
NR_155164.1	567	1	0
NR_155131.1	570	2	0
NR_155130.1	570	1	0
NR_155122.1	721	1	0
NR_155031.1	756	5	0
NR_155029.1	777	1	0
NR_154978.1	685	1	0
NR_154960.1	669	1	0
NR_154879.1	623	1	0
NR_154760.1	500	1	0
NR_154749.1	657	1	0
NR_154609.1	683	3	0
NR_154531.1	529	1	0
NR_154421.1	675	1	0
NR_154313.1	648	4	0
NR_154290.1	601	1	0
NR_154135.1	616	5	0
NR_154063.1	760	1	0
NR_154011.1	527	1	0
NR_153926.1	484	1	0
NR_153912.1	679	1	0
NR_153879.1	491	1	0
NR_153646.1	660	1	0
NR_153643.1	540	6	0
NR_153639.1	559	1	0
NR_153636.1	556	1	0
NR_153606.1	834	4	0
NR_153525.1	717	53	0
NR_153491.1	608	15	0
NR_153455.1	599	3	0
NR_152544.1	865	2	0
NR_152543.1	921	1	0
NR_145175.1	609	1	0
NR_137967.1	581	1	0
NR_137875.1	499	2	0
NR_137137.1	694	1	0
NR_135954.1	633	3	0
NR_126144.2	600	44	0
NR_153008.1	697	3	0
NR_152495.1	707	2	0
NR_152463.1	507	1	0
NR_151842.1	866	3	0
NR_151797.1	628	2	0
NR_149348.1	642	3	0
NR_147686.1	639	1	0
NR_147681.1	562	2	0
NR_147573.1	585	1	0
NR_147528.1	744	30	0
NR_147428.1	726	8	0
NR_146235.1	641	1	0
NR_145382.1	875	52	0
NR_145345.1	505	2	0
NR_145143.1	564	1	0
NR_145099.1	728	1	0
NR_144991.1	688	1	0
NR_144915.1	727	1	0
NR_144901.1	637	4	0
NR_138352.1	551	1	0
NR_138328.1	500	1	0
NR_138245.1	503	19	0
NR_137995.1	558	1	0
NR_137807.1	700	2	0
NR_137756.1	653	5	0
NR_137732.1	655	2	0
NR_137615.1	672	2	0
NR_137514.1	584	1	0
NR_137128.1	541	1	0
NR_135937.1	722	1	0
NR_132942.1	536	1	0
NR_132895.1	564	3	0
NR_132026.1	479	1	0
NR_131851.1	702	2	0
NR_126128.1	491	3	0
NR_126124.1	492	1	0
NR_148071.1	752	1	0
NR_147635.1	656	1	0
NR_145346.1	474	1	0
NR_137855.1	559	2	0
NR_132912.1	563	1	0
NR_131996.1	689	3	0
NR_131849.1	664	1	0
NR_153268.1	671	3	0
NR_153255.1	716	2	0
NR_153232.1	756	5	0
NR_153231.1	729	5	0
NR_153175.1	610	1	0
NR_153161.1	583	1	0
NR_153151.1	693	1	0
NR_147602.1	547	1	0
NR_147496.1	723	1	0
NR_147305.1	616	1	0
NR_145056.1	724	3	0
NR_144845.1	681	1	0
NR_137734.1	691	2	0
NR_137710.1	803	2	0
NR_137704.1	724	2	0
NR_137581.1	736	2	0
NR_137568.1	566	1	0
NR_137151.1	673	2	0
NR_137057.1	676	1	0
NR_137010.1	669	1	0
NR_152498.1	462	2	0
