NG_088146.1	1391	2	0
NG_088141.1	1334	1	0
NG_088057.1	881	1	0
NG_088351.1	1279	1	0
NG_088319.1	800	1	0
NG_088318.1	1333	1	0
NG_088317.1	1342	2	0
NG_088311.1	1350	5	0
NG_088310.1	1360	4	0
NG_088309.1	1348	8	0
NG_088307.1	1379	2	0
NG_088306.1	1388	1	0
NG_088300.1	876	1	0
NG_088294.1	810	1	0
NG_088285.1	1339	1	0
NG_088281.1	912	7	0
NG_088280.1	1049	1	0
NG_088269.1	1379	38	0
NG_088268.1	1398	4	0
NG_088256.1	1353	1	0
NG_088254.1	933	1	0
NG_088253.1	1385	2	0
NG_088240.1	889	1	0
NG_088239.1	1350	1	0
NG_088237.1	1337	4	0
NG_088236.1	1283	3	0
NG_088235.1	1344	5	0
NG_088232.1	929	1	0
NG_088230.1	1391	1	0
NG_088215.1	1384	16	0
NG_088213.1	1390	1	0
NG_088204.1	1348	1	0
NG_088203.1	1275	1	0
NG_088202.1	1336	1	0
NG_088185.1	970	2	0
NG_088179.1	1344	2	0
NG_088159.1	1393	1	0
NG_088157.1	1310	5	0
NG_088140.1	1355	2	0
NG_088125.1	837	2	0
NG_088122.1	1310	23	0
NG_088121.1	908	46	0
NG_088120.1	1065	8	0
NG_088119.1	839	3	0
NG_088116.1	784	2	0
NG_088108.1	1355	1	0
NG_088104.1	1206	1	0
NG_088103.1	1354	2	0
NG_088095.1	1265	4	0
NG_088069.1	867	1	0
NG_088066.1	1395	2	0
NG_088062.1	1347	8	0
NG_088061.1	1344	1	0
NG_088060.1	1334	3	0
NG_088058.1	948	2	0
NG_088047.1	891	1	0
NG_088045.1	824	7	0
NG_088029.1	1269	6	0
NG_088028.1	1263	1	0
NG_088027.1	1315	2	0
NG_088025.1	1350	1	0
NG_088021.1	709	1	0
NG_088019.1	614	1	0
NG_088017.1	1364	2	0
NG_067788.1	1303	2	0
NG_067787.1	1313	3	0
NG_058015.1	1303	1	0
NG_081534.1	843	1	0
NG_081526.1	887	10	0
NG_081516.1	1286	4	0
NG_081514.1	849	2	0
NG_081507.1	924	2	0
NG_081481.1	840	1	0
NG_081480.1	1149	3	0
NG_081453.1	882	1	0
NG_081353.1	810	1	0
NG_081312.1	1315	9	0
NG_081311.1	1323	2	0
NG_081294.1	896	1	0
NG_081284.1	1330	5	0
NG_081277.1	836	1	0
NG_081276.1	846	1	0
NG_081274.1	1021	1	0
NG_067807.1	876	2	0
NG_060270.1	889	1	0
NG_074502.1	937	1	0
NG_069112.1	874	1	0
NG_068872.1	1283	2	0
NG_068871.1	1281	1	0
NG_068869.1	1289	1	0
NG_064340.1	885	1	0
NG_064324.1	885	1	0
NG_058907.1	939	1	0
NG_058802.1	953	1	0
NG_042652.1	1344	7	0
NG_042651.1	1342	7	0
NG_042609.1	1347	2	0
NG_079706.1	1324	1	0
NG_079698.1	908	1	0
NG_079687.1	1373	1	0
NG_079680.1	1280	1	0
NG_079674.1	1383	1	0
NG_079670.1	914	1	0
NG_079669.1	906	46	0
NG_079668.1	909	83	0
NG_079667.1	921	27	0
NG_079666.1	1073	7	0
NG_079665.1	844	3	0
NG_079664.1	844	9	0
NG_079663.1	895	19	0
NG_079646.1	1380	1	0
NG_079629.1	1355	2	0
NG_079626.1	1350	2	0
NG_079571.1	1316	1	0
NG_079556.1	827	2	0
NG_079528.1	852	1	0
NG_079515.1	500	3	0
NG_067775.1	1435	2	0
NG_059645.1	947	2	0
NG_078694.1	877	2	0
NG_078688.1	1353	1	0
NG_078651.1	877	1	0
NG_078635.1	869	2	0
NG_078634.1	880	1	0
NG_042787.1	935	1	0
NG_042783.1	937	3	0
NG_042782.1	927	1	0
NG_042778.1	1269	2	0
NG_077394.1	900	4	0
NG_077393.1	906	4	0
NG_077391.1	903	2	0
NG_077390.1	906	2	0
NG_060810.1	700	1	0
NG_060382.1	3250	3	0
NG_059077.1	914	1	0
NG_058827.1	996	1	0
NG_066352.1	3183	2	0
NG_064396.1	907	1	0
NG_060083.1	781	1	0
NG_055354.1	3283	12	0
NG_055344.1	552	1	0
NG_076752.1	898	1	0
NG_076732.1	835	1	0
NG_076728.1	881	1	0
NG_076725.1	869	9	0
NG_070417.1	1290	1	0
NG_068638.1	1197	1	0
NG_067902.1	814	1	0
NG_063990.1	909	2	0
NG_058631.1	1350	5	0
NG_055355.1	3269	1	0
NG_075426.1	903	1	0
NG_075377.1	878	2	0
NG_075364.1	825	1	0
NG_075360.1	827	1	0
NG_075355.1	827	1	0
NG_075354.1	827	2	0
NG_075348.1	1730	11	0
NG_075341.1	1367	1	0
NG_075339.1	899	86	0
NG_075333.1	981	2	0
NG_075330.1	1388	15	0
NG_075329.1	1396	16	0
NG_075314.1	1349	1	0
NG_075300.1	3106	15	0
NG_075274.1	845	1	0
NG_075241.1	937	6	0
NG_075232.1	1347	3	0
NG_075222.1	892	2	0
NG_075217.1	679	1	0
NG_075214.1	1340	1	0
NG_075213.1	1342	4	0
NG_075209.1	1325	2	0
NG_075187.1	1378	1	0
NG_075185.1	1350	1	0
NG_075182.1	1350	1	0
NG_075181.1	1352	2	0
NG_075180.1	1350	2	0
NG_075178.1	1374	5	0
NG_075173.1	720	1	0
NG_075168.1	1305	6	0
NG_075166.1	1392	2	0
NG_075165.1	1353	2	0
NG_075161.1	3224	3	0
NG_027566.1	3087	30	0
NG_074510.1	625	2	0
NG_074509.1	822	1	0
NG_074504.1	1280	1	0
NG_074500.1	844	1	0
NG_074484.1	891	1	0
NG_074473.1	917	1	0
NG_074469.1	915	1	0
NG_074448.1	858	1	0
NG_074443.1	840	1	0
NG_074442.1	864	1	0
NG_074422.1	852	3	0
NG_057674.1	1078	3	0
NG_069982.1	904	1	0
NG_064052.1	864	3	0
NG_063997.1	946	3	0
NG_057852.1	3295	93	0
NG_073874.1	896	1	0
NG_073838.1	862	1	0
NG_073822.1	926	2	0
NG_073820.1	1380	4	0
NG_073819.1	1291	2	0
NG_073818.1	1292	1	0
NG_073761.1	1291	2	0
NG_073756.1	851	1	0
NG_073755.1	845	1	0
NG_073691.1	907	1	0
NG_073679.1	869	1	0
NG_073672.1	1101	1	0
NG_073634.1	907	2	0
NG_073628.1	913	1	0
NG_073616.1	1300	2	0
NG_073610.1	905	1	0
NG_073598.1	1339	2	0
NG_073579.1	619	1	0
NG_073574.1	493	1	0
NG_059993.1	1354	5	0
NG_071256.1	853	1	0
NG_071236.1	1245	1	0
NG_071234.1	683	1	0
NG_070584.1	1054	1	0
NG_070522.1	1435	3	0
NG_058019.1	1350	1	0
NG_057973.1	993	2	0
NG_057945.1	1459	1	0
NG_057899.1	1405	1	0
NG_057898.1	1429	1	0
NG_057896.1	1028	1	0
NG_042568.1	1429	2	0
NG_042560.1	1428	4	0
NG_042556.1	1430	2	0
NG_042554.1	1401	2	0
NG_042539.1	1429	1	0
NG_070841.1	943	2	0
NG_070827.1	1222	1	0
NG_070809.1	1046	2	0
NG_070815.1	872	138	0
NG_070814.1	1305	1	0
NG_070596.1	770	1	0
NG_070592.1	911	2	0
NG_070577.1	901	3	0
NG_070549.1	691	1	0
NG_070540.1	1412	1	0
NG_070514.1	1322	2	0
NG_070513.1	1320	2	0
NG_070512.1	3248	4	0
NG_070503.1	896	1	0
NG_070502.1	1319	3	0
NG_067435.1	906	1	0
NG_057682.1	625	1	0
NG_070460.1	845	1	0
NG_070454.1	911	2	0
NG_070444.1	905	3	0
NG_070403.1	927	1	0
NG_070386.1	1323	1	0
NG_070385.1	1323	1	0
NG_070383.1	1323	1	0
NG_070356.1	1315	1	0
NG_070077.1	1302	1	0
NG_070070.1	851	1	0
NG_070068.1	870	2	0
NG_070050.1	908	1	0
NG_070029.1	843	1	0
NG_070015.1	904	1	0
NG_070014.1	885	1	0
NG_069999.1	883	1	0
NG_069996.1	894	1	0
NG_069966.1	913	1	0
NG_069912.1	1327	1	0
NG_069869.1	837	1	0
NG_069855.1	910	1	0
NG_069840.1	908	1	0
NG_069812.1	910	1	0
NG_069781.1	869	1	0
NG_069780.1	669	1	0
NG_069769.1	909	1	0
NG_069753.1	903	2	0
NG_069715.1	859	2	0
NG_069706.1	907	2	0
NG_069659.1	908	1	0
NG_069657.1	906	1	0
NG_069655.1	911	1	0
NG_069646.1	909	1	0
NG_069632.1	902	7	0
NG_069626.1	909	1	0
NG_069615.1	910	1	0
NG_069591.1	1258	1	0
NG_069575.1	894	1	0
NG_069505.1	1140	1	0
NG_069483.1	826	1	0
NG_069475.1	571	1	0
NG_069364.1	846	1	0
NG_069330.1	1695	3	0
NG_069282.1	914	1	0
NG_069280.1	785	1	0
NG_069251.1	829	1	0
NG_069249.1	829	2	0
NG_069195.1	818	2	0
NG_069185.1	740	1	0
NG_069151.1	2040	8	0
NG_069150.1	2035	14	0
NG_069149.1	2029	15	0
NG_069119.1	1327	1	0
NG_069110.1	1305	1	0
NG_069107.1	876	1	0
NG_069105.1	975	1	0
NG_069104.1	975	6	0
NG_069103.1	975	1	0
NG_069064.1	1281	1	0
NG_069063.1	1281	1	0
NG_069058.1	1327	1	0
NG_069057.1	1327	1	0
NG_069044.1	1327	2	0
NG_069005.1	1409	1	0
NG_069004.1	3250	12	0
NG_069003.1	3257	1	0
NG_069001.1	1348	4	0
NG_068995.1	791	1	0
NG_068988.1	880	1	0
NG_068987.1	1353	1	0
NG_068983.1	1771	1	0
NG_057769.1	890	1	0
NG_069863.1	903	1	0
NG_069568.1	1300	5	0
NG_069283.1	867	1	0
NG_068968.1	973	2	0
NG_068782.1	1371	3	0
NG_068539.1	1338	13	0
NG_068932.1	860	1	0
NG_068910.1	915	4	0
NG_068904.1	1366	1	0
NG_068873.1	1287	3	0
NG_068867.1	1273	1	0
NG_068856.1	901	17	0
NG_068855.1	811	1	0
NG_068850.1	1312	13	0
NG_068843.1	1353	1	0
NG_068822.1	1372	1	0
NG_068821.1	1312	3	0
NG_068813.1	1401	4	0
NG_068812.1	1401	4	0
NG_068811.1	1401	1	0
NG_068810.1	1409	1	0
NG_068809.1	943	1	0
NG_068805.1	1378	2	0
NG_068788.1	1321	4	0
NG_068786.1	1345	2	0
NG_068781.1	943	1	0
NG_068776.1	855	3	0
NG_068765.1	1397	1	0
NG_068763.1	1362	3	0
NG_068760.1	1303	3	0
NG_068759.1	1326	1	0
NG_068757.1	959	1	0
NG_068755.1	1369	162	0
NG_068754.1	836	1	0
NG_068749.1	1375	1	0
NG_068746.1	1179	1	0
NG_068728.1	654	1	0
NG_068726.1	1377	1	0
NG_068724.1	1333	1	0
NG_068665.1	887	1	0
NG_068654.1	1389	5	0
NG_068623.1	961	1	0
NG_068610.1	866	2	0
NG_068608.1	851	1	0
NG_068607.1	870	1	0
NG_068606.1	866	1	0
NG_068597.1	542	1	0
NG_068591.1	542	1	0
NG_068581.1	905	3	0
NG_068577.1	906	1	0
NG_068558.1	1300	4	0
NG_068557.1	1300	2	0
NG_068545.1	860	3	0
NG_068536.1	1386	1	0
NG_068534.1	1384	1	0
NG_068533.1	983	1	0
NG_068523.1	1323	1	0
NG_068522.1	1321	1	0
NG_068513.1	1328	27	0
NG_068517.1	1327	1	0
NG_057893.1	1221	1	0
NG_055136.1	3235	3	0
NG_060385.1	528	1	0
NG_059967.1	2045	5	0
NG_057229.1	1390	1	0
NG_057016.1	2028	7	0
NG_056993.1	842	1	0
NG_068347.1	870	1	0
NG_068339.1	848	1	0
NG_068309.1	848	32	0
NG_068295.1	862	1	0
NG_068292.1	880	1	0
NG_068275.1	876	1	0
NG_068271.1	1350	1	0
NG_068289.1	1417	3	0
NG_068276.1	907	1	0
NG_068265.1	1368	1	0
NG_068256.1	825	1	0
NG_068253.1	1342	1	0
NG_068252.1	2422	42	0
NG_068248.1	820	1	0
NG_066407.1	1353	1	0
NG_057275.1	838	1	0
NG_057274.1	870	1	0
NG_057196.1	1436	1	0
NG_042597.1	1429	3	0
NG_042419.1	961	1	0
NG_067909.1	958	1	0
NG_067905.1	926	8	0
NG_067844.1	542	1	0
NG_067838.1	971	1	0
NG_067833.1	1337	1	0
NG_067824.1	1382	1	0
NG_067816.1	1369	3	0
NG_067810.1	951	2	0
NG_067784.1	1359	1	0
NG_067770.1	880	1	0
NG_067897.1	913	2	0
NG_067832.1	607	2	0
NG_067822.1	1439	3	0
NG_067772.1	3257	9	0
NG_067564.1	1290	3	0
NG_067561.1	1401	1	0
NG_067557.1	891	1	0
NG_067556.1	884	5	0
NG_067515.1	500	2	0
NG_058739.1	5088	6	0
NG_067480.1	849	1	0
NG_067477.1	711	1	0
NG_067459.1	895	1	0
NG_067457.1	899	1	0
NG_067427.1	914	1	0
NG_067419.1	862	1	0
NG_067413.1	876	1	0
NG_067409.1	908	3	0
NG_067403.1	905	3	0
NG_067401.1	903	3	0
NG_067396.1	905	5	0
NG_067378.1	910	1	0
NG_067361.1	907	6	0
NG_067343.1	895	1	0
NG_067325.1	619	2	0
NG_067315.1	937	6	0
NG_067307.1	914	1	0
NG_067306.1	1326	1	0
NG_067301.1	846	1	0
NG_067298.1	1289	2	0
NG_067295.1	827	1	0
NG_067294.1	874	1	0
NG_067275.1	960	1	0
NG_067270.1	1327	1	0
NG_067269.1	1088	1	0
NG_067263.1	1300	1	0
NG_066146.1	630	1	0
NG_058402.1	599	1	0
NG_058515.1	916	1	0
NG_066463.1	1995	83	0
NG_066459.1	899	1	0
NG_066447.1	928	1	0
NG_066432.1	768	1	0
NG_066430.1	1318	13	0
NG_066420.1	913	1	0
NG_066418.1	1389	2	0
NG_066402.1	965	7	0
NG_066361.1	501	3	0
NG_066355.1	3249	1	0
NG_066353.1	3102	6	0
NG_066351.1	3592	3	0
NG_066350.1	3251	2	0
NG_066349.1	3228	4	0
NG_066348.1	5042	7	0
NG_066345.1	1250	1	0
NG_066334.1	883	1	0
NG_066318.1	880	1	0
NG_066293.1	1311	1	0
NG_066276.1	1003	1	0
NG_066271.1	888	1	0
NG_066268.1	894	1	0
NG_066267.1	895	1	0
NG_066259.1	908	2	0
NG_066236.1	1277	1	0
NG_066230.1	1222	5	0
NG_066187.1	833	5	0
NG_066180.1	927	1	0
NG_066170.1	842	1	0
NG_066154.1	3243	5	0
NG_066150.1	569	2	0
NG_064590.1	872	1	0
NG_064587.1	863	1	0
NG_064586.1	915	1	0
NG_064548.1	895	1	0
NG_064547.1	877	2	0
NG_064544.1	885	5	0
NG_064540.1	892	3	0
NG_064522.1	607	1	0
NG_064514.1	849	1	0
NG_064497.1	948	6	0
NG_064480.1	1314	9	0
NG_064472.1	886	1	0
NG_064471.1	1218	1	0
NG_064439.1	967	1	0
NG_064526.1	846	1	0
NG_064489.1	1380	1	0
NG_064483.1	728	1	0
NG_064467.1	870	1	0
NG_064457.1	866	1	0
NG_064444.1	1425	1	0
NG_058984.1	651	1	0
NG_058982.1	821	1	0
NG_056979.1	887	3	0
NG_064421.1	1239	293	0
NG_064418.1	1365	1	0
NG_064411.1	1328	1	0
NG_064408.1	1312	8	0
NG_064402.1	952	1	0
NG_064399.1	859	1	0
NG_064386.1	1293	1	0
NG_064383.1	878	1	0
NG_064420.1	649	5	0
NG_064398.1	881	1	0
NG_064389.1	950	3	0
NG_064365.1	936	1	0
NG_064354.1	1374	2	0
NG_064339.1	898	1	0
NG_064338.1	880	4	0
NG_064319.1	557	1	0
NG_064315.1	2846	8	0
NG_064314.1	538	2	0
NG_064313.1	3248	3	0
NG_064312.1	3260	3	0
NG_064305.1	865	1	0
NG_064295.1	841	1	0
NG_064270.1	1207	1	0
NG_064266.1	890	1	0
NG_064244.1	873	87	0
NG_064243.1	899	1	0
NG_064206.1	901	1	0
NG_064195.1	900	2	0
NG_064184.1	913	1	0
NG_064183.1	889	2	0
NG_064177.1	913	1	0
NG_064161.1	906	1	0
NG_064148.1	915	1	0
NG_064126.1	935	1	0
NG_064116.1	907	1	0
NG_064113.1	910	3	0
NG_064110.1	914	1	0
NG_064104.1	829	52	0
NG_064102.1	1061	1	0
NG_064092.1	927	3	0
NG_064088.1	912	2	0
NG_064082.1	876	1	0
NG_064072.1	912	1	0
NG_064071.1	907	43	0
NG_064069.1	914	5	0
NG_064059.1	940	1	0
NG_064041.1	905	1	0
NG_064040.1	938	1	0
NG_064033.1	870	1	0
NG_064023.1	910	1	0
NG_064019.1	877	1	0
NG_064009.1	1072	1	0
NG_063999.1	913	1	0
NG_063981.1	913	15	0
NG_063980.1	905	1	0
NG_063948.1	1545	1	0
NG_042334.1	1134	1	0
NG_055731.1	3250	1	0
NG_055729.1	1390	1	0
NG_055690.1	3298	3	0
NG_055403.1	546	1	0
NG_055395.1	3301	5	0
NG_055394.1	3280	4	0
NG_055393.1	3076	21	0
NG_055392.1	3308	13	0
NG_055391.1	3243	11	0
NG_055365.1	3272	2	0
NG_055363.1	3282	8	0
NG_055362.1	3284	36	0
NG_055361.1	3290	2	0
NG_055360.1	3275	51	0
NG_055358.1	3270	4	0
NG_055357.1	3238	1	0
NG_055353.1	4349	4	0
NG_055352.1	3285	14	0
NG_055351.1	4174	13	0
NG_055350.1	4553	12	0
NG_055349.1	4788	27	0
NG_055348.1	3265	13	0
NG_055347.1	3269	11	0
NG_055346.1	3282	11	0
NG_055345.1	3282	3	0
NG_055343.1	4469	11	0
NG_055342.1	3584	9	0
NG_055341.1	4578	14	0
NG_055340.1	3718	17	0
NG_055339.1	3244	9	0
NG_055338.1	3260	2	0
NG_055337.1	3664	31	0
NG_055336.1	3678	26	0
NG_055335.1	3265	1	0
NG_055334.1	3253	11	0
NG_055333.1	3659	3	0
NG_055332.1	4949	19	0
NG_055331.1	3244	3	0
NG_055330.1	3264	2	0
NG_055329.1	3257	5	0
NG_055328.1	3242	18	0
NG_055324.1	3258	6	0
NG_055323.1	3246	1	0
NG_055322.1	3207	2	0
NG_055321.1	3258	43	0
NG_055320.1	3198	2	0
NG_055319.1	3205	6	0
NG_055214.1	3242	3	0
NG_055213.1	3241	4	0
NG_055211.1	3223	8	0
NG_055210.1	3242	1	0
NG_055202.1	3279	2	0
NG_055200.1	3260	3	0
NG_055199.1	3257	4	0
NG_055198.1	3257	3	0
NG_055197.1	3257	4	0
NG_055196.1	3231	4	0
NG_055194.1	3225	6	0
NG_055193.1	3277	1	0
NG_055192.1	3278	1	0
NG_055191.1	3259	1	0
NG_055190.1	3270	8	0
NG_055189.1	4208	6	0
NG_055188.1	3269	2	0
NG_055187.1	3262	7	0
NG_055186.1	4439	4	0
NG_055185.1	3292	4	0
NG_055184.1	4689	24	0
NG_055183.1	3249	4	0
NG_055181.1	3663	2	0
NG_055180.1	3038	3	0
NG_055179.1	3231	3	0
NG_055169.1	2129	1	0
NG_055168.1	2138	1	0
NG_055160.1	3278	4	0
NG_055159.1	3273	4	0
NG_055158.1	3282	4	0
NG_055157.1	3242	4	0
NG_055156.1	3243	5	0
NG_055154.1	3178	7	0
NG_055153.1	3180	5	0
NG_055152.1	3235	2	0
NG_055151.1	3237	2	0
NG_055150.1	3233	4	0
NG_055149.1	3181	2	0
NG_055148.1	3210	3	0
NG_055147.1	3187	6	0
NG_055146.1	3191	1	0
NG_055144.1	3234	6	0
NG_055143.1	3234	2	0
NG_055142.1	3232	1	0
NG_055141.1	3211	5	0
NG_055140.1	3227	3	0
NG_055139.1	3226	5	0
NG_055138.1	3237	2	0
NG_055137.1	3230	13	0
NG_055135.1	3191	1	0
NG_055134.1	3232	7	0
NG_055133.1	3242	6	0
NG_055132.1	3238	4	0
NG_055131.1	3229	2	0
NG_055130.1	3258	18	0
NG_055129.1	3263	7	0
NG_055128.1	3209	7	0
NG_055127.1	3214	3	0
NG_055126.1	3270	1	0
NG_055125.1	3197	8	0
NG_055124.1	3321	2	0
NG_055122.1	3218	3	0
NG_055121.1	3218	1	0
NG_055120.1	3219	5	0
NG_055119.1	3220	1	0
NG_055118.1	3231	2	0
NG_055117.1	3208	4	0
NG_055116.1	3240	2	0
NG_055115.1	3233	3	0
NG_055112.1	3197	4	0
NG_055111.1	3199	1	0
NG_055110.1	3197	3	0
NG_055108.1	3166	4	0
NG_055107.1	3195	3	0
NG_055106.1	3199	1	0
NG_055105.1	3199	7	0
NG_055104.1	3231	6	0
NG_055103.1	3169	4	0
NG_055102.1	3166	4	0
NG_055101.1	3159	3	0
NG_055100.1	3162	5	0
NG_055099.1	3160	6	0
NG_055098.1	3098	17	0
NG_055097.1	3158	37	0
NG_055096.1	3157	1	0
NG_055063.1	3297	1	0
NG_055049.1	649	1	0
NG_055048.1	3213	3	0
NG_055036.1	3309	38	0
NG_055033.1	3315	3	0
NG_055030.1	3272	1	0
NG_055029.1	3277	1	0
NG_054830.1	3198	5	0
NG_054819.1	3183	9	0
NG_054805.1	3284	6	0
NG_054804.1	3284	7	0
NG_042776.1	1198	12	0
NG_042767.1	566	1	0
NG_042760.1	913	1	0
NG_042754.1	888	1	0
NG_042747.1	1737	4	0
NG_042695.1	1789	71	0
NG_042694.1	1788	159	0
NG_042693.1	1795	61	0
NG_042692.1	1781	77	0
NG_042682.1	1318	1	0
NG_042677.1	877	1	0
NG_042671.1	1538	2	0
NG_042649.1	3385	75	0
NG_042648.1	3094	27	0
NG_042647.1	3263	6	0
NG_042646.1	3262	4	0
NG_042645.1	3222	7	0
NG_042644.1	3246	5	0
NG_042643.1	3234	4	0
NG_042642.1	3219	1	0
NG_042641.1	3217	6	0
NG_042640.1	3261	4	0
NG_042639.1	3266	3	0
NG_042638.1	3255	2	0
NG_042637.1	3256	7	0
NG_042636.1	3260	4	0
NG_042635.1	3259	1	0
NG_042634.1	3260	2	0
NG_042633.1	3251	1	0
NG_042632.1	3253	8	0
NG_042631.1	3199	8	0
NG_042630.1	3271	9	0
NG_042629.1	3279	1	0
NG_042628.1	3278	4	0
NG_042627.1	3243	3	0
NG_042626.1	3266	2	0
NG_042625.1	3278	4	0
NG_042624.1	3282	3	0
NG_042623.1	3284	2	0
NG_042622.1	3312	8	0
NG_042621.1	3298	8	0
NG_042604.1	1339	1	0
NG_042593.1	894	1	0
NG_042571.1	933	2	0
NG_042566.1	1428	1	0
NG_042553.1	1424	4	0
NG_042551.1	1047	1	0
NG_042548.1	1428	1	0
NG_042546.1	1030	1	0
NG_042542.1	1372	8	0
NG_042538.1	1429	2	0
NG_042528.1	3268	2	0
NG_042527.1	2990	23	0
NG_042524.1	3678	51	0
NG_042523.1	1395	83	0
NG_042521.1	1769	46	0
NG_042483.1	630	1	0
NG_042464.1	1371	1	0
NG_042456.1	885	1	0
NG_042455.1	895	1	0
NG_042454.1	884	2	0
NG_042448.1	872	1	0
NG_042446.1	3238	9	0
NG_042445.1	3211	3	0
NG_042444.1	3212	2	0
NG_042440.1	753	1	0
NG_042439.1	3260	13	0
NG_042437.1	3261	8	0
NG_042436.1	3619	23	0
NG_042435.1	3255	3	0
NG_042434.1	3255	7	0
NG_042433.1	3807	11	0
NG_042432.1	3271	3	0
NG_042431.1	3710	1	0
NG_042429.1	3701	7	0
NG_042428.1	3250	4	0
NG_042427.1	3256	2	0
NG_042426.1	3256	3	0
NG_042425.1	4685	9	0
NG_042424.1	3235	3	0
NG_042421.1	962	3	0
NG_042415.1	3162	26	0
NG_042414.1	3334	18	0
NG_042406.1	1813	4	0
NG_042400.1	1380	1	0
NG_042384.1	599	1	0
NG_042319.1	1292	1	0
NG_042317.1	627	1	0
NG_042311.1	648	1	0
NG_027648.1	3459	22	0
NG_027646.1	2771	13	0
NG_027645.1	3237	16	0
NG_027642.1	961	2	0
NG_027634.1	1184	1	0
NG_027621.1	1394	2	0
NG_027618.1	3799	65	0
NG_027616.1	3270	17	0
NG_027613.1	3188	20	0
NG_027595.1	1409	1	0
NG_027568.1	1157	1	0
NG_027567.1	3255	139	0
NG_027564.1	3237	62	0
NG_027561.1	3189	59	0
NG_027560.1	4318	21	0
NG_060249.1	3172	70	0
NG_060069.1	3174	26	0
NG_060067.1	984	9	0
NG_060066.1	1356	2	0
NG_059518.1	3062	36	0
NG_059517.1	3072	70	0
NG_059418.1	1128	1	0
NG_060630.1	1399	41	0
NG_027623.1	3134	13	0
NG_060251.1	2970	10	0
NG_060250.1	3180	9	0
NG_059934.1	1207	1	0
NG_060831.1	862	3	0
NG_060799.1	843	1	0
NG_060795.1	1381	2	0
NG_060793.1	1187	3	0
NG_060791.1	1284	1	0
NG_060708.1	985	1	0
NG_060707.1	895	36	0
NG_060689.1	1373	3	0
NG_060688.1	1289	6	0
NG_060687.1	1353	2	0
NG_060673.1	885	1	0
NG_060656.1	959	1	0
NG_060655.1	961	11	0
NG_060654.1	964	6	0
NG_060653.1	901	6	0
NG_060650.1	1341	1	0
NG_060648.1	1329	1	0
NG_060646.1	1338	3	0
NG_060638.1	1366	1	0
NG_060637.1	1364	1	0
NG_060635.1	1354	2	0
NG_060633.1	1039	1	0
NG_060186.1	587	9	0
NG_060165.1	600	5	0
NG_060153.1	1392	2	0
NG_060333.1	1813	3	0
NG_059226.1	665	1	0
NG_060436.1	899	2	0
NG_060434.1	1252	5	0
NG_060430.1	1402	1	0
NG_060425.1	1296	1	0
NG_060420.1	2073	34	0
NG_060419.1	1239	1	0
NG_060417.1	1356	2	0
NG_060415.1	870	4	0
NG_060405.1	1451	4	0
NG_060400.1	2969	66	0
NG_060399.1	700	1	0
NG_060391.1	1043	1	0
NG_060390.1	1043	2	0
NG_060381.1	3260	2	0
NG_060380.1	3253	7	0
NG_060379.1	3075	2	0
NG_060355.1	651	1	0
NG_060354.1	682	3	0
NG_060348.1	899	2	0
NG_060344.1	1358	17	0
NG_060332.1	927	2	0
NG_060331.1	927	1	0
NG_060321.1	927	1	0
NG_060318.1	946	2	0
NG_060310.1	1384	1	0
NG_060305.1	946	1	0
NG_060304.1	1397	1	0
NG_060298.1	1350	2	0
NG_060265.1	1039	1	0
NG_060248.1	578	2	0
NG_060241.1	675	2	0
NG_060190.1	606	3	0
NG_060181.1	990	11	0
NG_060180.1	990	6	0
NG_060179.1	1392	1	0
NG_060178.1	1379	2	0
NG_060170.1	1030	5	0
NG_060162.1	887	2	0
NG_060161.1	1355	3	0
NG_060159.1	1795	1	0
NG_060157.1	908	7	0
NG_060156.1	709	2	0
NG_060149.1	1357	2	0
NG_060136.1	1182	1	0
NG_060133.1	927	1	0
NG_060131.1	1347	1	0
NG_060130.1	1347	1	0
NG_060129.1	1341	3	0
NG_060124.1	850	2	0
NG_060114.1	1381	1	0
NG_060110.1	874	5	0
NG_060108.1	868	3	0
NG_060102.1	1387	1	0
NG_060101.1	1387	1	0
NG_060100.1	1377	2	0
NG_060099.1	1402	1	0
NG_060097.1	1441	1	0
NG_060096.1	1449	2	0
NG_060095.1	1442	1	0
NG_060087.1	628	1	0
NG_060082.1	782	3	0
NG_060080.1	780	3	0
NG_060076.1	762	1	0
NG_060075.1	3083	8	0
NG_060074.1	3061	2	0
NG_060064.1	1074	2	0
NG_060016.1	1315	2	0
NG_060015.1	806	1	0
NG_060012.1	1339	3	0
NG_060009.1	1322	1	0
NG_059998.1	910	4	0
NG_059997.1	966	1	0
NG_059966.1	1829	1	0
NG_059962.1	1197	1	0
NG_059961.1	1670	7	0
NG_059959.1	1313	1	0
NG_059948.1	1386	3	0
NG_059943.1	500	2	0
NG_059938.1	892	1	0
NG_059927.1	1028	1	0
NG_059923.1	1131	1	0
NG_059915.1	3254	5	0
NG_059905.1	935	1	0
NG_055326.1	3221	3	0
NG_059826.1	1244	2	0
NG_059810.1	1315	1	0
NG_059804.1	1288	1	0
NG_059743.1	1135	3	0
NG_059739.1	1290	1	0
NG_059727.1	876	1	0
NG_059679.1	1311	1	0
NG_059658.1	930	1	0
NG_059648.1	910	1	0
NG_059641.1	1040	2	0
NG_059606.1	901	2	0
NG_059605.1	1306	4	0
NG_059585.1	806	1	0
NG_059516.1	905	3	0
NG_059505.1	881	3	0
NG_059504.1	879	2	0
NG_059499.1	1405	1	0
NG_059497.1	1803	1	0
NG_059479.1	1004	1	0
NG_059453.1	877	1	0
NG_059444.1	1340	1	0
NG_059443.1	1369	2	0
NG_059434.1	1398	1	0
NG_059394.1	1289	1	0
NG_055327.1	3211	6	0
NG_055325.1	3224	4	0
NG_059243.1	906	3	0
NG_059218.1	859	1	0
NG_059212.1	920	2	0
NG_059207.1	1373	1	0
NG_059199.1	1772	6	0
NG_059192.1	1356	5	0
NG_059167.1	836	1	0
NG_059165.1	839	1	0
NG_059161.1	808	1	0
NG_059155.1	929	1	0
NG_059129.1	1014	1	0
NG_059128.1	826	1	0
NG_059119.1	673	1	0
NG_059116.1	884	1	0
NG_059106.1	1150	1	0
NG_059094.1	918	4	0
NG_059093.1	917	1	0
NG_059092.1	695	1	0
NG_059082.1	685	1	0
NG_059076.1	3295	39	0
NG_059068.1	1364	1	0
NG_059066.1	1278	1	0
NG_059062.1	1284	1	0
NG_059060.1	556	4	0
NG_059043.1	863	1	0
NG_059026.1	985	2	0
NG_058998.1	931	1	0
NG_058995.1	893	1	0
NG_058993.1	901	1	0
NG_058990.1	938	1	0
NG_058961.1	1703	1	0
NG_058957.1	863	2	0
NG_058951.1	1314	1	0
NG_058950.1	1305	3	0
NG_058947.1	784	1	0
NG_058931.1	1305	2	0
NG_058909.1	1350	1	0
NG_058908.1	2165	2	0
NG_058881.1	915	1	0
NG_058880.1	920	1	0
NG_058872.1	966	1	0
NG_058855.1	516	1	0
NG_058816.1	1274	1	0
NG_058804.1	952	1	0
NG_058783.1	955	1	0
NG_058782.1	3290	51	0
NG_058778.1	886	1	0
NG_058776.1	1407	1	0
NG_058765.1	1350	2	0
NG_058763.1	1314	1	0
NG_058762.1	1315	2	0
NG_058758.1	610	1	0
NG_058755.1	3255	3	0
NG_058754.1	3255	3	0
NG_058753.1	3262	3	0
NG_058752.1	3250	1	0
NG_058751.1	3250	1	0
NG_058750.1	3254	3	0
NG_058749.1	3258	2	0
NG_058748.1	3257	1	0
NG_058747.1	3273	6	0
NG_058746.1	1459	46	0
NG_058743.1	993	2	0
NG_058742.1	1427	2	0
NG_058701.1	684	2	0
NG_058685.1	1718	2	0
NG_058684.1	906	1	0
NG_058677.1	1329	1	0
NG_058656.1	1182	3	0
NG_058645.1	934	1	0
NG_058630.1	3329	2	0
NG_058629.1	3261	1	0
NG_058628.1	3336	19	0
NG_058627.1	1012	2	0
NG_058623.1	1412	2	0
NG_058585.1	882	9	0
NG_058583.1	791	1	0
NG_058582.1	731	4	0
NG_058580.1	1339	1	0
NG_058568.1	908	2	0
NG_058561.1	698	1	0
NG_058560.1	702	7	0
NG_058557.1	1339	1	0
NG_058556.1	810	2	0
NG_058542.1	1413	5	0
NG_058540.1	602	1	0
NG_058465.1	1827	1	0
NG_058453.1	1260	1	0
NG_058437.1	605	1	0
NG_058434.1	932	1	0
NG_058424.1	933	2	0
NG_058403.1	978	3	0
NG_058385.1	714	1	0
NG_058381.1	655	1	0
NG_058377.1	897	1	0
NG_058372.1	939	1	0
NG_058352.1	658	1	0
NG_058321.1	719	1	0
NG_058307.1	937	2	0
NG_058294.1	660	1	0
NG_058291.1	668	34	0
NG_058276.1	931	1	0
NG_058264.1	901	1	0
NG_058262.1	1940	24	0
NG_058203.1	1826	2	0
NG_058200.1	1287	1	0
NG_058198.1	1205	8	0
NG_058187.1	811	1	0
NG_058157.1	1350	1	0
NG_058156.1	1350	1	0
NG_058121.1	810	1	0
NG_058085.1	773	2	0
NG_058038.1	1830	1	0
NG_058037.1	1067	1	0
NG_058036.1	1069	12	0
NG_058035.1	1067	1	0
NG_058034.1	1067	2	0
NG_058033.1	1067	2	0
NG_058032.1	1066	9	0
NG_058031.1	1067	1	0
NG_058028.1	1843	2	0
NG_058016.1	1324	2	0
NG_058012.1	1343	1	0
NG_057971.1	1434	1	0
NG_057947.1	947	1	0
NG_057946.1	977	1	0
NG_057902.1	1430	2	0
NG_057901.1	1430	2	0
NG_057897.1	1429	1	0
NG_057894.1	922	1	0
NG_057892.1	883	1	0
NG_057890.1	932	3	0
NG_057884.1	913	1	0
NG_057879.1	586	1	0
NG_057855.1	3279	53	0
NG_057854.1	4009	74	0
NG_057848.1	3299	35	0
NG_057827.1	1038	1	0
NG_057822.1	566	1	0
NG_057819.1	1011	1	0
NG_057814.1	868	1	0
NG_057813.1	1356	3	0
NG_057808.1	1338	1	0
NG_057806.1	1378	1	0
NG_057796.1	1367	3	0
NG_057788.1	923	1	0
NG_057783.1	935	28	0
NG_057779.1	928	1	0
NG_057777.1	3283	39	0
NG_057774.1	3286	42	0
NG_057772.1	3296	45	0
NG_057760.1	669	3	0
NG_057758.1	1426	3	0
NG_057747.1	883	1	0
NG_057729.1	1413	1	0
NG_057723.1	593	7	0
NG_057720.1	801	7	0
NG_057716.1	615	1	0
NG_057715.1	945	1	0
NG_057714.1	872	2	0
NG_057664.1	624	1	0
NG_057660.1	627	1	0
NG_057652.1	899	1	0
NG_057640.1	623	2	0
NG_057619.1	559	3	0
NG_057326.1	576	1	0
NG_057311.1	1096	4	0
NG_057297.1	575	1	0
NG_057289.1	674	1	0
NG_057283.1	899	1	0
NG_057269.1	1437	3	0
NG_057268.1	1424	2	0
NG_057266.1	1431	1	0
NG_057256.1	1387	1	0
NG_057246.1	1427	1	0
NG_057245.1	1436	6	0
NG_057241.1	1387	2	0
NG_057238.1	1442	3	0
NG_057236.1	1395	2	0
NG_057235.1	1351	2	0
NG_057234.1	1389	3	0
NG_057233.1	690	8	0
NG_057230.1	937	1	0
NG_057221.1	1424	1	0
NG_057219.1	1363	3	0
NG_057218.1	1429	2	0
NG_057216.1	1361	1	0
NG_057214.1	1385	1	0
NG_057210.1	1421	14	0
NG_057208.1	1428	1	0
NG_057206.1	1422	1	0
NG_057201.1	1354	3	0
NG_057195.1	1432	7	0
NG_057193.1	1442	1	0
NG_057192.1	921	1	0
NG_057178.1	3253	3	0
NG_057177.1	3253	4	0
NG_057176.1	3254	2	0
NG_057174.1	3258	3	0
NG_057172.1	3250	1	0
NG_057171.1	3249	3	0
NG_057170.1	3251	4	0
NG_057169.1	3256	3	0
NG_057168.1	3253	1	0
NG_057167.1	3255	1	0
NG_057166.1	3259	2	0
NG_057165.1	3261	2	0
NG_057164.1	3255	1	0
NG_057163.1	3282	3	0
NG_057162.1	3299	3	0
NG_057161.1	3264	1	0
NG_057160.1	3267	2	0
NG_057159.1	3267	1	0
NG_057158.1	3273	2	0
NG_057146.1	708	2	0
NG_057141.1	1309	1	0
NG_057081.1	1832	2	0
NG_057072.1	839	1	0
NG_057067.1	1349	1	0
NG_057062.1	1454	3	0
NG_057061.1	1442	4	0
NG_057033.1	794	1	0
NG_057032.1	858	2	0
NG_057024.1	1631	1	0
NG_057012.1	1247	1	0
NG_056996.1	924	1	0
NG_056976.1	906	4	0
NG_056968.1	3289	42	0
NG_056965.1	934	1	0
NG_056963.1	1350	1	0
NG_056957.1	1041	1	0
NG_056951.1	571	2	0
NG_056281.1	1071	2	0
NG_056278.1	3263	12	0
NG_042761.1	1797	2	0
