NG_087910.1	1026	4	0
NG_087909.1	1029	5	0
NG_087908.1	935	1	0
NG_087907.1	1001	2	0
NG_087901.1	1695	1	0
NG_087894.1	2070	3	0
NG_087891.1	1084	6	0
NG_087890.1	1084	4	0
NG_087889.1	1084	5	0
NG_087888.1	1084	3	0
NG_087887.1	1084	5	0
NG_087886.1	1071	4	0
NG_087885.1	1084	5	0
NG_087884.1	1084	5	0
NG_087871.1	1009	5	0
NG_087870.1	1009	4	0
NG_087869.1	1009	2	0
NG_087868.1	1006	3	0
NG_087865.1	1076	1	0
NG_087859.1	1602	5	0
NG_064877.1	1700	2	0
NG_062606.1	1685	5	0
NG_065154.1	1699	1	0
NG_065128.1	1454	1	0
NG_065016.1	1463	2	0
NG_062994.1	1686	1	0
NG_062603.1	1686	2	0
NG_062602.1	1686	1	0
NG_061019.1	1738	7	0
NG_081431.1	1136	1	0
NG_081430.1	1135	2	0
NG_081429.1	1127	1	0
NG_081428.1	1130	13	0
NG_081427.1	1128	3	0
NG_081425.1	1020	1	0
NG_081424.1	1013	8	0
NG_081423.1	749	2	0
NG_081422.1	986	1	0
NG_081420.1	1028	1	0
NG_081419.1	1029	3	0
NG_081418.1	1018	3	0
NG_081417.1	1029	6	0
NG_081416.1	1027	4	0
NG_081411.1	1071	4	0
NG_081410.1	1093	5	0
NG_081409.1	1134	6	0
NG_081408.1	1480	1	0
NG_081398.1	1028	1	0
NG_081397.1	1325	3	0
NG_081384.1	1046	1	0
NG_081383.1	1014	5	0
NG_081380.1	1645	19	0
NG_081377.1	1653	3	0
NG_081374.1	1776	7	0
NG_081371.1	1132	1	0
NG_081368.1	1009	1	0
NG_081367.1	1011	1	0
NG_081366.1	1736	12	0
NG_081364.1	1737	22	0
NG_065067.1	1010	2	0
NG_065066.1	1009	3	0
NG_067668.1	1106	9	0
NG_067667.1	1106	4	0
NG_078770.1	1106	1	0
NG_078768.1	1028	1	0
NG_078756.1	1595	1	0
NG_078741.1	1765	24	0
NG_078738.1	1008	4	0
NG_078737.1	1007	1	0
NG_078734.1	1008	2	0
NG_078730.1	1727	1	0
NG_078727.1	1690	1	0
NG_078724.1	1782	1	0
NG_078723.1	1782	1	0
NG_077396.1	1775	5	0
NG_065099.1	1008	1	0
NG_077448.1	1128	5	0
NG_077447.1	1100	4	0
NG_077444.1	1008	3	0
NG_077443.1	1000	1	0
NG_077441.1	631	32	0
NG_077439.1	1014	1	0
NG_077433.1	1262	3	0
NG_077431.1	1177	2	0
NG_077424.1	1032	1	0
NG_077406.1	1594	1	0
NG_077400.1	1577	1	0
NG_077397.1	2045	19	0
NG_063512.1	1750	1	0
NG_065501.1	1787	4	0
NG_063416.1	1782	2	0
NG_062664.1	1726	2	0
NG_076805.1	1043	1	0
NG_076779.1	1011	3	0
NG_070165.1	999	1	0
NG_065129.1	1454	1	0
NG_065003.1	1072	1	0
NG_064798.1	1736	1	0
NG_063582.1	705	1	0
NG_062990.1	1463	1	0
NG_062663.1	2451	19	0
NG_062372.1	1729	5	0
NG_062117.1	1005	1	0
NG_061072.1	1598	4	0
NG_017171.1	1771	5	0
NG_065540.1	1037	2	0
NG_064936.1	2057	1	0
NG_062940.1	1654	1	0
NG_074972.1	1017	1	0
NG_074968.1	1102	2	0
NG_074963.1	1017	1	0
NG_074961.1	1025	1	0
NG_074960.1	2390	6	0
NG_074957.1	991	8	0
NG_074950.1	1011	2	0
NG_074949.1	1013	1	0
NG_074947.1	1013	2	0
NG_074946.1	1013	2	0
NG_074945.1	1011	1	0
NG_074944.1	1012	1	0
NG_074943.1	1012	1	0
NG_074939.1	1699	2	0
NG_074938.1	1707	1	0
NG_074937.1	1013	1	0
NG_074936.1	1013	1	0
NG_074934.1	1012	1	0
NG_074932.1	1012	2	0
NG_074931.1	988	1	0
NG_074930.1	1015	3	0
NG_074929.1	1012	2	0
NG_074928.1	1013	2	0
NG_074926.1	1392	4	0
NG_074925.1	1012	2	0
NG_074924.1	1011	2	0
NG_074923.1	1012	2	0
NG_074922.1	1423	1	0
NG_074921.1	1359	3	0
NG_074919.1	1012	2	0
NG_074918.1	1013	1	0
NG_074916.1	1002	1	0
NG_074915.1	1360	1	0
NG_074908.1	1046	16	0
NG_074904.1	1626	2	0
NG_074895.1	1688	1	0
NG_074893.1	914	1	0
NG_074886.1	838	3	0
NG_074882.1	838	1	0
NG_074881.1	1043	1	0
NG_074878.1	1774	7	0
NG_065105.1	1770	1	0
NG_064992.1	1183	5	0
NG_067693.1	1332	2	0
NG_073571.1	1084	2	0
NG_073570.1	1088	1	0
NG_073569.1	1084	6	0
NG_073566.1	1729	1	0
NG_073565.1	1673	2	0
NG_073561.1	1179	11	0
NG_073559.1	856	1	0
NG_073541.1	753	2	0
NG_073531.1	1043	1	0
NG_073526.1	1002	1	0
NG_073521.1	1654	18	0
NG_073520.1	1657	18	0
NG_073514.1	1028	2	0
NG_073510.1	1001	1	0
NG_073502.1	1680	1	0
NG_073497.1	1589	1	0
NG_073496.1	1971	1	0
NG_073495.1	1684	3	0
NG_065091.1	525	3	0
NG_062166.1	1714	1	0
NG_065069.1	1009	1	0
NG_070276.1	996	1	0
NG_070273.1	995	1	0
NG_070269.1	996	1	0
NG_070265.1	996	5	0
NG_070263.1	997	2	0
NG_070257.1	996	2	0
NG_070254.1	996	1	0
NG_070246.1	996	1	0
NG_016524.2	1711	2	0
NG_070881.1	1781	5	0
NG_070880.1	1399	3	0
NG_070878.1	1761	13	0
NG_070877.1	1964	1	0
NG_070875.1	1792	40	0
NG_070874.1	1766	14	0
NG_070873.1	1696	9	0
NG_070868.1	1801	1	0
NG_070866.1	2272	2	0
NG_070865.1	1810	1	0
NG_070864.1	1085	7	0
NG_070862.1	2650	5	0
NG_070860.1	1140	1	0
NG_070859.1	1030	8	0
NG_070857.1	1119	1	0
NG_070855.1	1782	16	0
NG_070854.1	1786	17	0
NG_070853.1	2071	2	0
NG_070850.1	1849	3	0
NG_070808.1	1738	3	0
NG_070807.1	1686	1	0
NG_070806.1	1771	2	0
NG_070805.1	1771	20	0
NG_070804.1	1788	1	0
NG_070803.1	1787	1	0
NG_070801.1	1776	2	0
NG_070800.1	1756	1	0
NG_070798.1	1357	1	0
NG_070797.1	1774	7	0
NG_070795.1	1696	1	0
NG_070793.1	1696	3	0
NG_070790.1	1802	252	0
NG_070788.1	1748	2	0
NG_070787.1	1788	21	0
NG_070697.1	1839	44	0
NG_070694.1	1667	2	0
NG_070693.1	1698	1	0
NG_070692.1	1170	3	0
NG_070691.1	1731	7	0
NG_070690.1	1757	2	0
NG_070687.1	1770	4	0
NG_070686.1	1776	1	0
NG_070685.1	1760	2	0
NG_070638.1	1772	7	0
NG_070635.1	1741	14	0
NG_070634.1	1701	5	0
NG_070633.1	1076	1	0
NG_070347.1	1026	2	0
NG_070342.1	1033	4	0
NG_070339.1	856	1	0
NG_070338.1	1040	1	0
NG_070322.1	1647	1	0
NG_070318.1	1835	3	0
NG_070315.1	1032	3	0
NG_070310.1	1640	1	0
NG_070304.1	1640	2	0
NG_070303.1	1641	1	0
NG_070294.1	1721	4	0
NG_070289.1	1106	5	0
NG_070288.1	1106	1	0
NG_070287.1	1713	7	0
NG_070286.1	2045	10	0
NG_070283.1	1664	2	0
NG_070282.1	1719	3	0
NG_070281.1	1809	1	0
NG_070280.1	1573	2	0
NG_070277.1	996	1	0
NG_070274.1	995	1	0
NG_070272.1	996	4	0
NG_070258.1	996	1	0
NG_070252.1	996	1	0
NG_070249.1	996	1	0
NG_070245.1	996	1	0
NG_070238.1	1058	1	0
NG_070233.1	1782	16	0
NG_070231.1	1762	13	0
NG_070160.1	1055	1	0
NG_070148.1	982	1	0
NG_070132.1	741	6	0
NG_070131.1	1132	18	0
NG_070130.1	1126	31	0
NG_070129.1	1133	24	0
NG_070122.1	986	1	0
NG_070121.1	1025	1	0
NG_070117.1	1663	26	0
NG_070115.1	1106	7	0
NG_070113.1	1341	1	0
NG_070109.1	1066	1	0
NG_070108.1	1116	4	0
NG_070107.1	1116	4	0
NG_070106.1	1115	3	0
NG_070102.1	1115	3	0
NG_070101.1	1615	2	0
NG_070105.1	1117	3	0
NG_070104.1	1116	5	0
NG_070103.1	1116	3	0
NG_068417.1	1040	1	0
NG_068402.1	1137	1	0
NG_068399.1	1050	1	0
NG_068368.1	1358	1	0
NG_068362.1	942	1	0
NG_068361.1	1115	3	0
NG_068360.1	1739	2	0
NG_068429.1	999	4	0
NG_068420.1	1015	1	0
NG_068407.1	1030	2	0
NG_068404.1	1033	3	0
NG_068396.1	1007	1	0
NG_068365.1	1073	1	0
NG_065592.1	1733	1	0
NG_065590.1	1705	1	0
NG_062642.1	1710	1	0
NG_067705.1	1774	11	0
NG_067704.1	1773	4	0
NG_067696.1	1113	5	0
NG_067692.1	1014	2	0
NG_067690.1	1616	2	0
NG_067689.1	1564	5	0
NG_067688.1	1643	4	0
NG_067684.1	1229	1	0
NG_067673.1	1744	10	0
NG_067671.1	1029	1	0
NG_067669.1	1107	2	0
NG_067666.1	1025	2	0
NG_067665.1	1025	2	0
NG_067663.1	1667	10	0
NG_067660.1	1061	1	0
NG_067655.1	1458	2	0
NG_067652.1	1089	1	0
NG_067651.1	1113	3	0
NG_067645.1	1115	2	0
NG_067629.1	1294	1	0
NG_067628.1	1715	1	0
NG_067627.1	1710	3	0
NG_067623.1	1771	4	0
NG_062614.1	1659	3	0
NG_062837.1	1024	1	0
NG_061036.1	1735	1	0
NG_065804.1	1748	1	0
NG_065801.1	1017	2	0
NG_065798.1	1333	7	0
NG_065796.1	567	1	0
NG_065795.1	1670	2	0
NG_065794.1	1304	3	0
NG_065793.1	1023	1	0
NG_065786.1	1111	2	0
NG_065768.1	1032	1	0
NG_065765.1	1025	1	0
NG_065763.1	1724	1	0
NG_065762.1	2028	4	0
NG_065750.1	1472	1	0
NG_065748.1	1026	2	0
NG_065747.1	1097	3	0
NG_065733.1	995	8	0
NG_065732.1	1025	5	0
NG_065728.1	1026	2	0
NG_065718.1	1013	1	0
NG_065717.1	744	7	0
NG_065711.1	888	1	0
NG_065709.1	890	1	0
NG_065707.1	1715	4	0
NG_065692.1	2071	1	0
NG_065685.1	1930	1	0
NG_065682.1	1021	1	0
NG_065681.1	1559	7	0
NG_065678.1	1008	1	0
NG_065677.1	999	2	0
NG_065676.1	999	2	0
NG_065675.1	999	18	0
NG_065674.1	1629	1	0
NG_065666.1	1639	1	0
NG_065655.1	1049	1	0
NG_065653.1	1106	27	0
NG_065652.1	1106	2	0
NG_065651.1	1566	42	0
NG_065650.1	1595	41	0
NG_065644.1	1097	13	0
NG_065643.1	2170	1	0
NG_065637.1	1054	1	0
NG_065634.1	995	1	0
NG_065631.1	1596	1	0
NG_065629.1	1611	1	0
NG_065623.1	1118	1	0
NG_065622.1	1613	2	0
NG_065618.1	1688	1	0
NG_065616.1	1615	2	0
NG_065615.1	1618	1	0
NG_065613.1	1578	3	0
NG_065612.1	1617	2	0
NG_065611.1	1574	2	0
NG_065609.1	2130	1	0
NG_065606.1	1491	2	0
NG_065603.1	1551	2	0
NG_065601.1	1755	2	0
NG_065600.1	1131	1	0
NG_065598.1	1356	1	0
NG_065595.1	1703	1	0
NG_065588.1	1747	1	0
NG_065583.1	1772	3	0
NG_065577.1	1728	1	0
NG_065575.1	1589	3	0
NG_065574.1	1602	1	0
NG_065566.1	2245	2	0
NG_065563.1	1734	14	0
NG_065559.1	1078	2	0
NG_065539.1	1030	1	0
NG_065538.1	1770	1	0
NG_065537.1	1721	1	0
NG_065532.1	1722	2	0
NG_065527.1	1705	1	0
NG_065526.1	1687	1	0
NG_065514.1	1690	1	0
NG_065512.1	1713	1	0
NG_065511.1	1689	1	0
NG_065507.1	1680	1	0
NG_065505.1	1498	4	0
NG_065504.1	1103	1	0
NG_065500.1	1766	6	0
NG_065498.1	1760	1	0
NG_065493.1	1731	2	0
NG_065488.1	1721	1	0
NG_065486.1	1781	1	0
NG_065485.1	1758	1	0
NG_065479.1	1710	2	0
NG_065478.1	1708	1	0
NG_065476.1	1687	17	0
NG_065472.1	1746	1	0
NG_065463.1	1596	1	0
NG_063460.1	1781	3	0
NG_065156.1	1806	2	0
NG_065106.1	1602	1	0
NG_065104.1	1034	1	0
NG_065098.1	1006	12	0
NG_065096.1	1069	1	0
NG_065095.1	1016	1	0
NG_065080.1	1708	1	0
NG_065068.1	1009	1	0
NG_065065.1	1025	14	0
NG_065064.1	1700	1	0
NG_065063.1	1700	1	0
NG_065062.1	1544	1	0
NG_065059.1	1083	1	0
NG_065057.1	1652	1	0
NG_065056.1	960	3	0
NG_065054.1	1116	6	0
NG_065052.1	963	9	0
NG_065049.1	1179	1	0
NG_065048.1	1179	1	0
NG_065042.1	1614	37	0
NG_065038.1	1117	1	0
NG_065037.1	1713	4	0
NG_065033.1	1028	1	0
NG_065024.1	1026	1	0
NG_065022.1	1026	1	0
NG_065017.1	1189	1	0
NG_065015.1	1024	1	0
NG_065007.1	592	1	0
NG_065005.1	1672	1	0
NG_065004.1	935	1	0
NG_064999.1	2408	4	0
NG_064996.1	2107	3	0
NG_064990.1	1748	1	0
NG_064989.1	1042	1	0
NG_064986.1	1036	9	0
NG_064985.1	1028	8	0
NG_064984.1	1024	8	0
NG_064983.1	1085	1	0
NG_064982.1	1096	1	0
NG_064976.1	1776	12	0
NG_064968.1	1663	3	0
NG_064959.1	1073	3	0
NG_064958.1	1724	16	0
NG_064956.1	1766	1	0
NG_064955.1	1134	45	0
NG_064954.1	1717	2	0
NG_064953.1	1718	1	0
NG_064946.1	1055	1	0
NG_064945.1	1119	1	0
NG_064942.1	1773	5	0
NG_064941.1	1691	1	0
NG_064940.1	1779	1	0
NG_064938.1	1880	3	0
NG_064937.1	1270	1	0
NG_064923.1	1134	2	0
NG_064921.1	1714	32	0
NG_064918.1	1076	1	0
NG_064917.1	2226	2	0
NG_064915.1	2035	1	0
NG_064909.1	1663	5	0
NG_064908.1	1724	1	0
NG_064907.1	1767	44	0
NG_064905.1	1624	3	0
NG_064902.1	1196	2	0
NG_064896.1	1735	277	0
NG_064889.1	2050	38	0
NG_064886.1	1743	1	0
NG_064878.1	1787	1	0
NG_064873.1	1784	1	0
NG_064871.1	1781	2	0
NG_064870.1	1777	1	0
NG_064867.1	958	1	0
NG_064864.1	1745	2	0
NG_064860.1	1030	1	0
NG_064859.1	2522	3	0
NG_064843.1	1366	1	0
NG_064841.1	1381	1	0
NG_064840.1	1027	3	0
NG_064839.1	1687	1	0
NG_064837.1	2224	3	0
NG_064835.1	991	1	0
NG_064831.1	1102	3	0
NG_064830.1	1769	1	0
NG_064829.1	1771	1	0
NG_064828.1	1775	1	0
NG_064826.1	1772	1	0
NG_064824.1	1757	1	0
NG_064816.1	1730	2	0
NG_064804.1	1733	1	0
NG_064803.1	1733	1	0
NG_064801.1	1777	3	0
NG_064800.1	1447	2	0
NG_064799.1	2107	1	0
NG_064797.1	1750	1	0
NG_064796.1	1748	1	0
NG_064795.1	1752	3	0
NG_064794.1	1753	40	0
NG_062808.1	1766	1	0
NG_063628.1	1397	1	0
NG_063596.1	834	1	0
NG_063639.1	967	1	0
NG_063627.1	690	1	0
NG_063621.1	1062	2	0
NG_063610.1	1011	1	0
NG_063606.1	987	1	0
NG_063598.1	1026	1	0
NG_063575.1	1021	1	0
NG_063540.1	1617	1	0
NG_063537.1	1125	1	0
NG_063528.1	2044	1	0
NG_063526.1	1753	1	0
NG_063523.1	1777	3	0
NG_063520.1	1777	14	0
NG_063509.1	1767	1	0
NG_063507.1	1767	1	0
NG_063494.1	1756	1	0
NG_063486.1	1750	1	0
NG_063473.1	1754	1	0
NG_063472.1	1776	1	0
NG_063471.1	1791	1	0
NG_063470.1	1782	3	0
NG_063469.1	1782	1	0
NG_063468.1	1782	1	0
NG_063467.1	1781	1	0
NG_063465.1	1782	4	0
NG_063464.1	1782	1	0
NG_063463.1	1782	2	0
NG_063462.1	1782	7	0
NG_063459.1	1782	1	0
NG_063458.1	1783	1	0
NG_063453.1	1780	1	0
NG_063451.1	2088	1	0
NG_063447.1	1780	1	0
NG_063430.1	1701	1	0
NG_063421.1	1781	1	0
NG_063420.1	1784	1	0
NG_063418.1	1760	1	0
NG_063417.1	1781	1	0
NG_063413.1	1759	1	0
NG_063397.1	1782	1	0
NG_063392.1	1749	1	0
NG_063391.1	1733	2	0
NG_063388.1	1757	4	0
NG_063386.1	1778	14	0
NG_063377.1	1720	1	0
NG_063374.1	1696	1	0
NG_063355.1	1621	1	0
NG_063348.1	1784	1	0
NG_063340.1	1712	1	0
NG_063338.1	1722	1	0
NG_063294.1	1646	1	0
NG_063292.1	1699	2	0
NG_063288.1	1737	1	0
NG_063266.1	1752	1	0
NG_063249.1	1737	1	0
NG_063247.1	1737	1	0
NG_063232.1	1777	2	0
NG_063231.1	1751	4	0
NG_063230.1	1771	1	0
NG_063095.1	1028	1	0
NG_063056.1	1076	1	0
NG_063046.1	2055	3	0
NG_063011.1	1036	1	0
NG_062774.1	1067	2	0
NG_062729.1	1619	3	0
NG_062682.1	1753	13	0
NG_062673.1	1081	1	0
NG_062672.1	1723	3	0
NG_063108.1	1762	1	0
NG_063106.1	1771	1	0
NG_063104.1	1771	1	0
NG_063099.1	1707	2	0
NG_063091.1	1709	1	0
NG_063076.1	1631	1	0
NG_063075.1	1630	1	0
NG_063072.1	1599	1	0
NG_063071.1	1598	1	0
NG_063070.1	1598	1	0
NG_063060.1	1538	1	0
NG_063057.1	1637	1	0
NG_063050.1	1117	1	0
NG_063045.1	1588	1	0
NG_063040.1	2321	6	0
NG_063038.1	1955	1	0
NG_063020.1	1116	4	0
NG_063019.1	1681	1	0
NG_063014.1	1597	2	0
NG_063012.1	1598	3	0
NG_063008.1	1026	2	0
NG_063003.1	1679	1	0
NG_063000.1	1570	1	0
NG_062992.1	1463	2	0
NG_062979.1	1656	1	0
NG_062973.1	1654	1	0
NG_062972.1	1657	1	0
NG_062970.1	1657	2	0
NG_062969.1	1656	1	0
NG_062968.1	1657	2	0
NG_062965.1	1655	1	0
NG_062962.1	1656	6	0
NG_062958.1	1655	1	0
NG_062944.1	1656	1	0
NG_062943.1	1655	1	0
NG_062942.1	1656	1	0
NG_062935.1	1656	2	0
NG_062931.1	1656	1	0
NG_062927.1	1666	1	0
NG_062925.1	2725	1	0
NG_062866.1	1640	16	0
NG_062864.1	1596	18	0
NG_062862.1	1637	2	0
NG_062861.1	1640	1	0
NG_062860.1	1650	2	0
NG_062856.1	1681	1	0
NG_062852.1	1779	1	0
NG_062834.1	1006	1	0
NG_062832.1	1012	2	0
NG_062827.1	1097	1	0
NG_062823.1	2063	2	0
NG_062821.1	2124	2	0
NG_062817.1	1772	1	0
NG_062816.1	2007	2	0
NG_062804.1	1732	3	0
NG_062803.1	1598	3	0
NG_062802.1	1622	2	0
NG_062801.1	1647	1	0
NG_062800.1	1771	4	0
NG_062798.1	1698	1	0
NG_062797.1	1750	3	0
NG_062796.1	1028	1	0
NG_062788.1	1753	1	0
NG_062785.1	1787	1	0
NG_062783.1	1727	1	0
NG_062777.1	1682	1	0
NG_062773.1	1134	3	0
NG_062770.1	1598	5	0
NG_062768.1	1590	1	0
NG_062767.1	1590	1	0
NG_062764.1	1590	1	0
NG_062762.1	1589	1	0
NG_062761.1	1597	1	0
NG_062758.1	1604	1	0
NG_062750.1	1134	1	0
NG_062746.1	1134	1	0
NG_062743.1	1134	1	0
NG_062737.1	1134	1	0
NG_062736.1	1134	1	0
NG_062735.1	1697	27	0
NG_062734.1	1670	1	0
NG_062728.1	1730	1	0
NG_062727.1	1750	1	0
NG_062722.1	1069	1	0
NG_062717.1	1556	1	0
NG_062714.1	1682	1	0
NG_062711.1	1659	2	0
NG_062709.1	1697	1	0
NG_062708.1	2861	6	0
NG_062706.1	2583	1	0
NG_062705.1	1706	4	0
NG_062704.1	2692	2	0
NG_062699.1	1702	1	0
NG_062694.1	1141	1	0
NG_062693.1	1662	5	0
NG_062689.1	2089	1	0
NG_062686.1	1786	1	0
NG_062685.1	1765	2	0
NG_062683.1	1744	2	0
NG_062670.1	1783	1	0
NG_062666.1	1754	1	0
NG_062665.1	1727	4	0
NG_062662.1	1700	1	0
NG_062661.1	1724	2	0
NG_062660.1	1350	4	0
NG_062647.1	1714	1	0
NG_062645.1	1753	3	0
NG_062643.1	1704	1	0
NG_062641.1	1758	1	0
NG_062636.1	1758	2	0
NG_062635.1	1750	1	0
NG_062634.1	1692	3	0
NG_062631.1	959	1	0
NG_062629.1	1010	1	0
NG_062626.1	1766	1	0
NG_062622.1	1757	1	0
NG_062616.1	1782	1	0
NG_062610.1	1732	18	0
NG_062608.1	1727	1	0
NG_062604.1	1685	1	0
NG_062600.1	1769	4	0
NG_062599.1	1740	2	0
NG_062598.1	1741	2	0
NG_062597.1	1740	1	0
NG_062596.1	1741	1	0
NG_062594.1	1739	2	0
NG_062423.1	1007	2	0
NG_062422.1	943	1	0
NG_062404.1	1577	2	0
NG_062393.1	1696	3	0
NG_062391.1	1663	3	0
NG_062389.1	1697	1	0
NG_062388.1	1703	2	0
NG_062381.1	1770	1	0
NG_062377.1	1765	2	0
NG_062376.1	1653	2	0
NG_062375.1	1691	1	0
NG_062373.1	1749	1	0
NG_062371.1	1770	1	0
NG_062370.1	1374	1	0
NG_062367.1	1783	5	0
NG_062366.1	1767	55	0
NG_062197.1	1783	2	0
NG_062193.1	1698	2	0
NG_062192.1	1697	1	0
NG_062187.1	1361	1	0
NG_062184.1	2035	1	0
NG_062182.1	1607	1	0
NG_062181.1	1763	1	0
NG_062179.1	1581	1	0
NG_062176.1	1001	2	0
NG_062175.1	1558	1	0
NG_062168.1	1719	1	0
NG_062167.1	1719	1	0
NG_062161.1	1656	3	0
NG_062156.1	1656	1	0
NG_062151.1	1104	1	0
NG_062147.1	1789	4	0
NG_062145.1	1799	2	0
NG_062143.1	1748	2	0
NG_062142.1	1749	3	0
NG_062137.1	1673	1	0
NG_062135.1	1782	2	0
NG_062134.1	1782	7	0
NG_062130.1	1731	1	0
NG_062129.1	1762	1	0
NG_062127.1	1768	1	0
NG_062126.1	1762	1	0
NG_062125.1	1786	2	0
NG_062124.1	1767	1	0
NG_062119.1	1762	2	0
NG_062111.1	1654	1	0
NG_062110.1	1654	1	0
NG_062108.1	1654	1	0
NG_062107.1	1656	1	0
NG_062104.1	1659	1	0
NG_062102.1	1652	1	0
NG_062099.1	1656	1	0
NG_062092.1	1765	1	0
NG_062087.1	1762	2	0
NG_062080.1	1752	2	0
NG_062079.1	1771	1	0
NG_062077.1	1786	2	0
NG_062074.1	1741	1	0
NG_062072.1	1749	2	0
NG_062068.1	1696	1	0
NG_062064.1	1681	1	0
NG_062052.1	1662	1	0
NG_062048.1	1790	4	0
NG_062046.1	1686	1	0
NG_062033.1	1781	2	0
NG_062030.1	1775	1	0
NG_062027.1	1782	1	0
NG_062026.1	1782	1	0
NG_062025.1	1789	4	0
NG_062024.1	1792	28	0
NG_062018.1	1777	1	0
NG_061301.1	1762	4	0
NG_061287.1	1050	1	0
NG_061284.1	857	1	0
NG_061269.1	1021	1	0
NG_061268.1	974	1	0
NG_061266.1	1024	1	0
NG_061262.1	1783	1	0
NG_061258.1	2090	1	0
NG_061249.1	982	1	0
NG_061246.1	2310	5	0
NG_061241.1	1024	4	0
NG_061227.1	1086	1	0
NG_061226.1	1003	5	0
NG_061210.1	1075	2	0
NG_061207.1	1110	3	0
NG_061206.1	1583	1	0
NG_061199.1	1670	1	0
NG_061195.1	1144	1	0
NG_061187.1	1380	1	0
NG_061182.1	1451	1	0
NG_061174.1	1591	6	0
NG_061173.1	767	7	0
NG_061169.1	1026	1	0
NG_061167.1	1999	1	0
NG_061166.1	1719	1	0
NG_061164.1	1463	1	0
NG_061158.1	1657	3	0
NG_061156.1	1653	1	0
NG_061151.1	1656	1	0
NG_061150.1	1655	4	0
NG_061145.1	1627	16	0
NG_061144.1	1764	2	0
NG_061142.1	1569	1	0
NG_061140.1	1649	4	0
NG_061136.1	2153	1	0
NG_061131.1	1749	1	0
NG_061130.1	1752	2	0
NG_061125.1	1763	1	0
NG_061121.1	1005	1	0
NG_061120.1	1755	1	0
NG_061119.1	1759	1	0
NG_061116.1	1778	1	0
NG_061115.1	1775	25	0
NG_061114.1	1664	3	0
NG_061113.1	1664	2	0
NG_061112.1	1608	14	0
NG_061110.1	1773	2	0
NG_061109.1	1775	2	0
NG_061105.1	1770	4	0
NG_061096.1	1741	1	0
NG_061091.1	1737	2	0
NG_061087.1	1727	1	0
NG_061084.1	1737	2	0
NG_061083.1	1749	1	0
NG_061079.1	1362	1	0
NG_061078.1	1718	9	0
NG_061077.1	2459	4	0
NG_061075.1	967	1	0
NG_061073.1	1596	3	0
NG_061061.1	1134	2	0
NG_061056.1	1715	75	0
NG_061055.1	1785	2	0
NG_061054.1	1754	5	0
NG_061053.1	1769	13	0
NG_061050.1	1720	1	0
NG_061045.1	1792	2	0
NG_061044.1	1675	1	0
NG_061043.1	1648	3	0
NG_061042.1	1777	1	0
NG_061040.1	1734	1	0
NG_061038.1	1756	268	0
NG_061037.1	1739	1	0
NG_061035.1	1746	2	0
NG_061033.1	1757	3	0
NG_061032.1	2157	1	0
NG_061030.1	2121	1	0
NG_061028.1	1672	3	0
NG_061026.1	1849	3	0
NG_061024.1	1082	2	0
NG_061022.1	1758	1	0
NG_061020.1	2161	1	0
NG_061017.1	1753	1	0
NG_061014.1	2063	2	0
NG_061011.1	1776	7	0
NG_061008.1	1762	2	0
NG_061005.1	1758	2	0
NG_061004.1	1742	1	0
NG_060986.1	1781	5	0
NG_060985.1	1782	1	0
NG_060984.1	1781	1	0
NG_060982.1	1782	1	0
NG_060979.1	2078	29	0
NG_060978.1	1760	1	0
NG_060976.1	1763	1	0
NG_060974.1	1781	1	0
NG_060972.1	1740	2	0
NG_060970.1	1688	3	0
NG_060968.1	1756	1	0
NG_013144.1	2080	7	0
NG_016525.1	1703	1	0
NG_013175.1	1776	13	0
NG_017192.1	1736	4	0
NG_017187.1	1751	6	0
NG_017185.1	1816	3	0
NG_017179.1	1787	11	0
NG_017174.1	1770	4	0
NG_017173.1	2620	22	0
NG_017172.1	1796	5	0
NG_017168.1	1784	12	0
NG_017166.1	1860	5	0
NG_016538.1	1016	1	0
NG_016502.1	1752	1	0
NG_016494.1	1686	1	0
NG_013154.1	1715	9	0
NG_013193.1	1618	3	0
NG_013192.1	1618	1	0
NG_017176.1	1463	10	0
