NR_177612.1	779	14	0
NR_177476.1	550	1	0
NR_177137.1	548	1	0
NR_177134.1	654	6	0
NR_177122.1	648	1	0
NR_171193.1	541	1	0
NR_176184.1	790	1	0
NR_157904.1	587	1	0
NR_175633.1	747	1	0
NR_175154.1	568	1	0
NR_175048.1	612	1	0
NR_175035.1	682	1	0
NR_174897.1	636	33	0
NR_174896.1	650	6	0
NR_174826.1	589	1	0
NR_174779.1	703	1	0
NR_174732.1	667	1	0
NR_174731.1	671	1	0
NR_174048.1	771	1	0
NR_173977.1	638	1	0
NR_173944.1	739	1	0
NR_173904.1	692	2	0
NR_173844.1	549	1	0
NR_173834.1	723	1	0
NR_173811.1	718	1	0
NR_173772.1	804	6	0
NR_173726.1	695	1	0
NR_173480.1	700	2	0
NR_119473.1	642	7	0
NR_173316.1	479	2	0
NR_173238.1	455	1	0
NR_172765.1	719	2	0
NR_172746.1	704	4	0
NR_172427.1	806	1	0
NR_172394.1	433	1	0
NR_153597.1	609	10	0
NR_172272.1	467	1	0
NR_172258.1	572	1	0
NR_172244.1	707	1	0
NR_172187.1	490	1	0
NR_171867.1	468	2	0
NR_171740.1	602	1	0
NR_171313.1	599	1	0
NR_171267.1	976	2	0
NR_077211.1	641	1	0
NR_170738.1	815	2	0
NR_169981.1	739	1	0
NR_169926.1	613	1	0
NR_169726.1	580	1	0
NR_169668.1	795	2	0
NR_168763.1	658	2	0
NR_168426.1	687	2	0
NR_168415.1	603	1	0
NR_166037.1	662	1	0
NR_166359.1	733	2	0
NR_166255.1	672	1	0
NR_166253.1	660	1	0
NR_153149.1	632	3	0
NR_152369.1	661	4	0
NR_119557.1	580	5	0
NR_164567.1	637	2	0
NR_164515.1	631	1	0
NR_164430.1	729	1	0
NR_164288.1	709	1	0
NR_164271.1	558	1	0
NR_154846.1	570	1	0
NR_154704.1	668	2	0
NR_153863.1	801	1	0
NR_132054.1	1092	1	0
NR_131999.1	514	1	0
NR_121448.1	646	1	0
NR_121447.1	641	1	0
NR_121446.1	637	1	0
NR_121438.1	670	1	0
NR_121403.1	665	1	0
NR_121400.1	692	11	0
NR_121398.1	691	8	0
NR_121395.1	691	8	0
NR_121394.1	689	7	0
NR_121393.1	689	13	0
NR_121391.1	690	11	0
NR_121390.1	694	13	0
NR_121388.1	694	12	0
NR_121387.1	691	10	0
NR_121385.1	664	2	0
NR_121384.1	664	2	0
NR_121339.1	804	3	0
NR_119652.1	668	1	0
NR_119650.1	681	2	0
NR_119590.1	749	1	0
NR_119554.1	824	6	0
NR_103654.1	615	1	0
NR_103625.1	661	1	0
NR_163550.1	500	1	0
NR_163502.1	604	2	0
NR_163382.1	499	3	0
NR_163318.1	585	1	0
NR_163315.1	693	2	0
NR_163298.1	698	1	0
NR_161039.1	740	1	0
NR_160624.1	539	1	0
NR_160180.1	719	3	0
NR_160078.1	634	1	0
NR_160077.1	708	1	0
NR_159834.1	537	1	0
NR_121279.1	598	1	0
NR_121551.1	737	1	0
NR_121541.1	587	4	0
NR_121471.1	582	1	0
NR_121454.1	683	1	0
NR_121335.1	735	1	0
NR_121270.1	773	1	0
NR_119968.1	687	1	0
NR_119954.1	618	1	0
NR_119913.1	540	1	0
NR_119826.1	672	1	0
NR_119817.1	641	1	0
NR_119695.1	698	1	0
NR_119664.1	758	7	0
NR_119618.1	709	1	0
NR_111502.1	548	2	0
NR_111034.1	525	1	0
NR_111033.1	527	2	0
NR_159018.1	540	1	0
NR_155315.1	703	1	0
NR_158461.1	862	1	0
NR_158306.1	643	2	0
NR_158303.1	625	1	0
NR_156283.1	764	1	0
NR_156280.1	631	1	0
NR_152964.1	754	1	0
NR_137621.1	690	1	0
NR_156211.1	664	1	0
NR_156196.1	491	1	0
NR_155736.1	648	2	0
NR_155719.1	687	1	0
NR_155346.1	702	3	0
NR_155345.1	646	1	0
NR_155110.1	690	1	0
NR_154761.1	566	1	0
NR_154506.1	588	1	0
NR_154313.1	648	4	0
NR_154170.1	711	1	0
NR_154169.1	713	1	0
NR_154168.1	694	1	0
NR_154142.1	548	1	0
NR_153880.1	689	1	0
NR_153639.1	559	1	0
NR_153636.1	556	1	0
NR_153624.1	614	1	0
NR_153606.1	834	9	0
NR_153525.1	717	13	0
NR_153491.1	608	4	0
NR_152545.1	866	1	0
NR_152543.1	921	1	0
NR_146248.1	670	1	0
NR_152286.1	598	1	0
NR_147528.1	744	8	0
NR_145345.1	505	1	0
NR_137884.1	626	1	0
NR_137840.1	691	2	0
NR_137756.1	653	6	0
NR_135937.1	722	1	0
NR_132011.1	644	2	0
NR_131798.1	705	1	0
NR_153268.1	671	2	0
NR_153255.1	716	3	0
NR_153232.1	756	1	0
NR_153231.1	729	8	0
NR_153219.1	635	1	0
NR_145056.1	724	2	0
NR_137869.1	619	1	0
NR_137785.1	515	1	0
