NG_087910.1	1026	2	0
NG_087909.1	1029	4	0
NG_087907.1	1001	1	0
NG_087890.1	1084	1	0
NG_087889.1	1084	1	0
NG_087887.1	1084	1	0
NG_087886.1	1071	1	0
NG_087885.1	1084	1	0
NG_087884.1	1084	2	0
NG_087875.1	1678	1	0
NG_087874.1	1971	3	0
NG_087869.1	1009	1	0
NG_061019.1	1738	6	0
NG_081434.1	1696	1	0
NG_081428.1	1130	13	0
NG_081427.1	1128	4	0
NG_081424.1	1013	12	0
NG_081423.1	749	4	0
NG_081420.1	1028	1	0
NG_081417.1	1029	1	0
NG_081416.1	1027	1	0
NG_081411.1	1071	2	0
NG_081410.1	1093	4	0
NG_081409.1	1134	2	0
NG_081398.1	1028	1	0
NG_081397.1	1325	1	0
NG_081380.1	1645	7	0
NG_081378.1	1491	1	0
NG_081374.1	1776	1	0
NG_081366.1	1736	8	0
NG_081364.1	1737	2	0
NG_064993.1	1712	1	0
NG_078770.1	1106	3	0
NG_078757.1	1647	1	0
NG_078741.1	1765	4	0
NG_078737.1	1007	1	0
NG_078724.1	1782	1	0
NG_077396.1	1775	1	0
NG_070125.1	945	2	0
NG_065760.1	1020	1	0
NG_077445.1	1001	2	0
NG_077444.1	1008	2	0
NG_077443.1	1000	1	0
NG_077442.1	985	2	0
NG_077397.1	2045	1	0
NG_063512.1	1750	1	0
NG_065501.1	1787	2	0
NG_062372.1	1729	1	0
NG_017171.1	1771	3	0
NG_074968.1	1102	1	0
NG_074963.1	1017	1	0
NG_074961.1	1025	1	0
NG_074959.1	2668	1	0
NG_074957.1	991	3	0
NG_074931.1	988	1	0
NG_074924.1	1011	1	0
NG_074921.1	1359	1	0
NG_074919.1	1012	1	0
NG_074917.1	1333	1	0
NG_074914.1	1670	1	0
NG_074908.1	1046	1	0
NG_074904.1	1626	1	0
NG_073542.1	1003	2	0
NG_073534.1	1043	1	0
NG_073521.1	1654	2	0
NG_073497.1	1589	4	0
NG_065091.1	525	1	0
NG_070254.1	996	1	0
NG_070882.1	1802	1	0
NG_070881.1	1781	1	0
NG_070880.1	1399	3	0
NG_070878.1	1761	3	0
NG_070877.1	1964	1	0
NG_070875.1	1792	25	0
NG_070874.1	1766	14	0
NG_070873.1	1696	1	0
NG_070862.1	2650	2	0
NG_070856.1	1708	1	0
NG_070855.1	1782	1	0
NG_070854.1	1786	2	0
NG_070851.1	1748	2	0
NG_070850.1	1849	2	0
NG_070863.1	1771	1	0
NG_070808.1	1738	1	0
NG_070805.1	1771	1	0
NG_070801.1	1776	2	0
NG_070798.1	1357	1	0
NG_070797.1	1774	1	0
NG_070791.1	1787	1	0
NG_070790.1	1802	10	0
NG_070787.1	1788	2	0
NG_070697.1	1839	14	0
NG_070694.1	1667	2	0
NG_070693.1	1698	1	0
NG_070692.1	1170	1	0
NG_070691.1	1731	1	0
NG_070690.1	1757	2	0
NG_070686.1	1776	1	0
NG_070680.1	1010	1	0
NG_070663.1	885	1	0
NG_070638.1	1772	2	0
NG_070635.1	1741	7	0
NG_070633.1	1076	1	0
NG_070335.1	1002	1	0
NG_070325.1	1029	1	0
NG_070310.1	1640	1	0
NG_070309.1	1791	1	0
NG_070294.1	1721	1	0
NG_070287.1	1713	3	0
NG_070282.1	1719	2	0
NG_070241.1	993	1	0
NG_070233.1	1782	9	0
NG_070231.1	1762	5	0
NG_070132.1	741	2	0
NG_070131.1	1132	1	0
NG_070129.1	1133	2	0
NG_070117.1	1663	4	0
NG_070116.1	1038	1	0
NG_070114.1	1011	1	0
NG_070110.1	1650	2	0
NG_070101.1	1615	6	0
NG_070103.1	1116	1	0
NG_062040.1	1670	1	0
NG_068402.1	1137	1	0
NG_068379.1	1008	1	0
NG_068361.1	1115	1	0
NG_068360.1	1739	1	0
NG_068415.1	1016	1	0
NG_067705.1	1774	2	0
NG_067704.1	1773	2	0
NG_067694.1	1675	1	0
NG_067688.1	1643	2	0
NG_067684.1	1229	1	0
NG_067673.1	1744	3	0
NG_067671.1	1029	3	0
NG_067663.1	1667	2	0
NG_067655.1	1458	1	0
NG_067628.1	1715	1	0
NG_062614.1	1659	2	0
NG_065481.1	1679	1	0
NG_065801.1	1017	2	0
NG_065798.1	1333	1	0
NG_065796.1	567	1	0
NG_065795.1	1670	1	0
NG_065768.1	1032	1	0
NG_065762.1	2028	2	0
NG_065748.1	1026	1	0
NG_065747.1	1097	3	0
NG_065728.1	1026	1	0
NG_065717.1	744	4	0
NG_065712.1	888	1	0
NG_065707.1	1715	1	0
NG_065692.1	2071	1	0
NG_065691.1	1608	1	0
NG_065685.1	1930	1	0
NG_065681.1	1559	2	0
NG_065661.1	2203	1	0
NG_065651.1	1566	7	0
NG_065650.1	1595	3	0
NG_065644.1	1097	15	0
NG_065619.1	1600	1	0
NG_065617.1	1584	2	0
NG_065616.1	1615	1	0
NG_065615.1	1618	1	0
NG_065613.1	1578	1	0
NG_065609.1	2130	1	0
NG_065601.1	1755	1	0
NG_065594.1	1732	1	0
NG_065589.1	1753	1	0
NG_065575.1	1589	1	0
NG_065563.1	1734	1	0
NG_065539.1	1030	1	0
NG_065538.1	1770	1	0
NG_065536.1	2306	1	0
NG_065532.1	1722	1	0
NG_065530.1	1705	2	0
NG_065503.1	1756	1	0
NG_065500.1	1766	2	0
NG_065486.1	1781	2	0
NG_065483.1	1754	1	0
NG_065476.1	1687	2	0
NG_065468.1	1748	1	0
NG_065467.1	1745	1	0
NG_013153.1	2033	1	0
NG_013120.1	1647	1	0
NG_062980.1	1656	1	0
NG_065156.1	1806	1	0
NG_065153.1	1756	1	0
NG_065147.1	1032	1	0
NG_065131.1	1665	1	0
NG_065077.1	1004	1	0
NG_065065.1	1025	2	0
NG_065057.1	1652	3	0
NG_065049.1	1179	1	0
NG_065042.1	1614	13	0
NG_065000.1	1585	1	0
NG_064999.1	2408	1	0
NG_064996.1	2107	1	0
NG_064986.1	1036	7	0
NG_064980.1	1031	1	0
NG_064976.1	1776	2	0
NG_064969.1	1667	3	0
NG_064958.1	1724	7	0
NG_064955.1	1134	3	0
NG_064946.1	1055	1	0
NG_064925.1	1134	1	0
NG_064921.1	1714	7	0
NG_064917.1	2226	2	0
NG_064908.1	1724	5	0
NG_064907.1	1767	8	0
NG_064897.1	1783	1	0
NG_064896.1	1735	1	0
NG_064889.1	2050	3	0
NG_064869.1	1781	1	0
NG_064868.1	1018	1	0
NG_064864.1	1745	2	0
NG_064838.1	1721	2	0
NG_064837.1	2224	2	0
NG_064830.1	1769	1	0
NG_064824.1	1757	1	0
NG_064804.1	1733	2	0
NG_064803.1	1733	1	0
NG_064795.1	1752	1	0
NG_064794.1	1753	17	0
NG_062811.1	1771	1	0
NG_062808.1	1766	1	0
NG_063680.1	702	1	0
NG_063574.1	703	1	0
NG_063520.1	1777	3	0
NG_063473.1	1754	2	0
NG_063471.1	1791	1	0
NG_063462.1	1782	1	0
NG_063453.1	1780	2	0
NG_063426.1	1766	1	0
NG_063400.1	1772	1	0
NG_063388.1	1757	3	0
NG_063387.1	1751	2	0
NG_063370.1	1718	1	0
NG_063355.1	1621	1	0
NG_063316.1	1733	1	0
NG_063301.1	1675	1	0
NG_063295.1	1657	1	0
NG_063294.1	1646	1	0
NG_063267.1	1753	1	0
NG_063266.1	1752	1	0
NG_063235.1	1787	2	0
NG_063231.1	1751	1	0
NG_063056.1	1076	1	0
NG_063052.1	1686	1	0
NG_062729.1	1619	3	0
NG_062672.1	1723	2	0
NG_063098.1	1614	2	0
NG_063079.1	1687	1	0
NG_063077.1	1738	1	0
NG_063075.1	1630	1	0
NG_063059.1	1564	1	0
NG_063014.1	1597	1	0
NG_063012.1	1598	1	0
NG_063004.1	1026	1	0
NG_063003.1	1679	1	0
NG_063001.1	1533	2	0
NG_062969.1	1656	1	0
NG_062927.1	1666	1	0
NG_062924.1	1703	1	0
NG_062862.1	1637	1	0
NG_062860.1	1650	1	0
NG_062859.1	1019	1	0
NG_062858.1	1141	1	0
NG_062851.1	1779	1	0
NG_062836.1	1040	1	0
NG_062832.1	1012	1	0
NG_062809.1	1741	1	0
NG_062807.1	1768	1	0
NG_062787.1	2105	1	0
NG_062782.1	1778	1	0
NG_062777.1	1682	1	0
NG_062770.1	1598	2	0
NG_062751.1	1134	1	0
NG_062748.1	1134	1	0
NG_062735.1	1697	5	0
NG_062734.1	1670	1	0
NG_062706.1	2583	1	0
NG_062705.1	1706	1	0
NG_062694.1	1141	1	0
NG_062693.1	1662	1	0
NG_062671.1	1783	1	0
NG_062661.1	1724	1	0
NG_062660.1	1350	1	0
NG_062658.1	1710	1	0
NG_062645.1	1753	2	0
NG_062634.1	1692	1	0
NG_062631.1	959	1	0
NG_062624.1	1756	2	0
NG_062619.1	1757	3	0
NG_062611.1	1792	1	0
NG_062610.1	1732	2	0
NG_062608.1	1727	1	0
NG_062599.1	1740	2	0
NG_062598.1	1741	4	0
NG_062595.1	1739	2	0
NG_013131.1	1072	4	0
NG_062407.1	1613	1	0
NG_062393.1	1696	1	0
NG_062391.1	1663	1	0
NG_062381.1	1770	1	0
NG_062373.1	1749	1	0
NG_062371.1	1770	2	0
NG_062367.1	1783	1	0
NG_062366.1	1767	11	0
NG_062363.1	1753	1	0
NG_062196.1	1783	2	0
NG_062140.1	1753	1	0
NG_062138.1	1668	1	0
NG_062127.1	1768	1	0
NG_062124.1	1767	1	0
NG_062077.1	1786	1	0
NG_062076.1	1722	1	0
NG_062072.1	1749	1	0
NG_062032.1	1774	1	0
NG_062011.1	1776	1	0
NG_061299.1	1719	2	0
NG_061284.1	857	47	0
NG_061275.1	1507	1	0
NG_061226.1	1003	1	0
NG_061221.1	2699	1	0
NG_061219.1	1029	1	0
NG_061212.1	1659	1	0
NG_061207.1	1110	1	0
NG_061206.1	1583	1	0
NG_061195.1	1144	1	0
NG_061194.1	1599	1	0
NG_061183.1	952	1	0
NG_061178.1	1623	2	0
NG_061176.1	1616	1	0
NG_061175.1	1685	1	0
NG_061173.1	767	1	0
NG_061168.1	1554	1	0
NG_061166.1	1719	1	0
NG_061165.1	1057	1	0
NG_061153.1	1656	2	0
NG_061144.1	1764	2	0
NG_061140.1	1649	2	0
NG_061134.1	1640	1	0
NG_061121.1	1005	1	0
NG_061115.1	1775	1	0
NG_061113.1	1664	1	0
NG_061112.1	1608	2	0
NG_061105.1	1770	1	0
NG_061096.1	1741	1	0
NG_061094.1	1762	1	0
NG_061089.1	1787	1	0
NG_061083.1	1749	1	0
NG_061077.1	2459	2	0
NG_061059.1	1575	2	0
NG_061056.1	1715	1	0
NG_061054.1	1754	1	0
NG_061053.1	1769	2	0
NG_061050.1	1720	1	0
NG_061045.1	1792	2	0
NG_061042.1	1777	1	0
NG_061038.1	1756	37	0
NG_061032.1	2157	1	0
NG_061026.1	1849	2	0
NG_061024.1	1082	3	0
NG_061023.1	1753	2	0
NG_061022.1	1758	1	0
NG_061017.1	1753	1	0
NG_061016.1	511	1	0
NG_061013.1	1032	1	0
NG_061011.1	1776	1	0
NG_060996.1	1676	1	0
NG_060982.1	1782	1	0
NG_060974.1	1781	1	0
NG_060968.1	1756	1	0
NG_013144.1	2080	2	0
NG_013175.1	1776	11	0
NG_017179.1	1787	1	0
NG_017174.1	1770	7	0
NG_017173.1	2620	9	0
NG_017172.1	1796	4	0
NG_017168.1	1784	3	0
NG_017166.1	1860	2	0
NG_016501.1	1199	1	0
NG_013154.1	1715	1	0
NG_013193.1	1618	1	0
NG_017176.1	1463	15	0
