NR_177868.1	1160	1	0
NR_177867.1	1160	1	0
NR_177866.1	1162	1	0
NR_177815.1	1145	1	0
NR_177799.1	1163	1	0
NR_177688.1	1471	1	0
NR_177681.1	1146	2	0
NR_174293.1	1481	2	0
NR_153674.1	1510	14	0
NR_151939.1	1488	1	0
NR_119100.1	1403	1	0
NR_116304.1	1453	1	0
NR_115073.1	1423	1	0
NR_113179.1	1461	20	0
NR_112703.1	1493	1	0
NR_176576.1	1002	1	0
NR_176568.1	1385	1	0
NR_176521.1	1480	2	0
NR_176487.1	1509	2	0
NR_176484.1	1353	1	0
NR_172688.1	1119	1	0
NR_175591.1	1528	5	0
NR_175582.1	1534	1	0
NR_175573.1	1517	1	0
NR_175570.1	1526	1	0
NR_175566.1	1500	2	0
NR_175563.1	1539	1	0
NR_175552.1	1442	1	0
NR_175538.1	1489	1	0
NR_175523.1	1444	1	0
NR_175520.1	1498	1	0
NR_175519.1	1495	1	0
NR_175513.1	1475	1	0
NR_175500.1	1359	3	0
NR_175486.1	1477	1	0
NR_175470.1	1424	1	0
NR_175452.1	1527	2	0
NR_175445.1	1513	1	0
NR_175441.1	1393	1	0
NR_175420.1	1493	2	0
NR_165728.1	1451	1	0
NR_159102.1	1480	1	0
NR_158077.1	1439	3	0
NR_158021.1	1478	1	0
NR_157983.1	1420	1	0
NR_157761.1	1477	2	0
NR_152684.1	1421	3	0
NR_136828.2	1517	6	0
NR_028945.2	1522	2	0
NR_102886.2	1487	1	0
NR_146371.1	1299	1	0
NR_145858.1	1476	4	0
NR_145857.1	1475	1	0
NR_145856.1	1476	1	0
NR_145852.1	1478	1	0
NR_137223.1	1481	1	0
NR_136827.1	1540	7	0
NR_136464.1	1510	1	0
NR_119245.1	1567	6	0
NR_118975.1	1406	1	0
NR_118913.1	1458	1	0
NR_118829.1	1401	2	0
NR_118616.1	1497	1	0
NR_118509.1	1439	1	0
NR_118412.1	1480	1	0
NR_117114.1	1477	2	0
NR_116717.1	1518	1	0
NR_116428.1	1440	1	0
NR_116323.1	1442	1	0
NR_116317.1	1457	7	0
NR_116108.1	1432	1	0
NR_114760.1	1488	1	0
NR_114717.1	1522	1	0
NR_114534.1	1446	4	0
NR_112796.1	1417	1	0
NR_112699.1	1442	2	0
NR_112663.1	1442	2	0
NR_112597.1	1449	1	0
NR_112050.1	1476	1	0
NR_109424.1	1404	1	0
NR_109320.1	1402	3	0
NR_044715.2	1476	2	0
NR_102936.1	1500	2	0
NR_102876.1	1502	1	0
NR_075013.1	1558	8	0
NR_074940.1	1547	1	0
NR_074617.1	1520	6	0
NR_074246.1	1477	3	0
NR_044276.1	1395	1	0
NR_044025.1	1533	1	0
NR_042311.1	1486	1	0
NR_042218.1	1460	2	0
NR_042035.1	1439	5	0
NR_040957.1	1482	1	0
NR_044533.1	1371	2	0
NR_042924.1	1518	3	0
NR_029349.1	1351	1	0
NR_029238.1	1537	1	0
NR_028990.1	1558	1	0
NR_028970.1	1481	1	0
NR_024947.1	1502	1	0
NR_025963.1	1435	1	0
NR_174339.1	1489	3	0
NR_174335.1	1446	1	0
NR_174320.1	1467	1	0
NR_174313.1	1515	1	0
NR_174303.1	1514	1	0
NR_174296.1	1461	4	0
NR_174294.1	1448	2	0
NR_174287.1	1366	1	0
NR_174259.1	1528	1	0
NR_174255.1	1492	1	0
NR_174238.1	1452	1	0
NR_174231.1	1431	1	0
NR_174220.1	1473	1	0
NR_174202.1	1490	1	0
NR_174198.1	1352	2	0
NR_173689.1	1443	1	0
NR_173683.1	1395	2	0
NR_173682.1	1389	1	0
NR_173681.1	1523	13	0
NR_173654.1	1379	3	0
NR_173652.1	1405	5	0
NR_173630.1	1491	1	0
NR_173621.1	1520	1	0
NR_173617.1	1475	1	0
NR_173587.1	1528	1	0
NR_173585.1	1525	1	0
NR_173581.1	1526	3	0
NR_173578.1	1523	2	0
NR_173575.1	1525	10	0
NR_173574.1	1515	8	0
NR_173573.1	1532	1	0
NR_173572.1	1546	3	0
NR_173571.1	1546	3	0
NR_173567.1	1532	2	0
NR_173563.1	1528	1	0
NR_173562.1	1535	2	0
NR_173561.1	1507	5	0
NR_173557.1	1526	1	0
NR_173556.1	1517	2	0
NR_173555.1	1497	8	0
NR_173553.1	1522	1	0
NR_173546.1	1455	1	0
NR_173537.1	1452	1	0
NR_173512.1	1525	1	0
NR_173507.1	1464	10	0
NR_172705.1	1161	1	0
NR_172674.1	1161	1	0
NR_172603.1	1477	3	0
NR_172571.1	1420	1	0
NR_171512.1	1444	1	0
NR_171503.1	1524	1	0
NR_171471.1	1452	1	0
NR_171464.1	1489	1	0
NR_171463.1	1508	1	0
NR_171453.1	1470	1	0
NR_171451.1	1414	2	0
NR_171440.1	1492	1	0
NR_171428.1	1395	5	0
NR_171423.1	1399	1	0
NR_171420.1	1408	6	0
NR_171419.1	1466	1	0
NR_171418.1	1433	8	0
NR_171414.1	1523	2	0
NR_171404.1	1513	1	0
NR_171393.1	1482	2	0
NR_170543.1	1439	1	0
NR_170513.1	1441	1	0
NR_170506.1	1499	2	0
NR_170494.1	1576	1	0
NR_170485.1	1570	2	0
NR_170457.1	1526	1	0
NR_170445.1	1453	1	0
NR_170444.1	1541	1	0
NR_170425.1	1489	3	0
NR_170416.1	1526	1	0
NR_170414.1	1361	21	0
NR_170401.1	1523	8	0
NR_170430.1	1492	6	0
NR_169492.1	1457	13	0
NR_169352.1	1489	2	0
NR_169351.1	1484	1	0
NR_169343.1	1440	1	0
NR_169333.1	1500	2	0
NR_169331.1	1532	1	0
NR_169330.1	1532	1	0
NR_169329.1	1540	1	0
NR_169328.1	1536	1	0
NR_169320.1	1521	1	0
NR_169316.1	1479	1	0
NR_169313.1	1520	1	0
NR_169467.1	1481	1	0
NR_169421.1	1395	5	0
NR_169392.1	1260	1	0
NR_169339.1	1400	1	0
NR_169335.1	1423	4	0
NR_169326.1	1534	1	0
NR_169318.1	1508	2	0
NR_165790.1	1495	1	0
NR_165781.1	1515	1	0
NR_165776.1	1493	2	0
NR_165752.1	1459	4	0
NR_165738.1	1454	1	0
NR_165727.1	1535	1	0
NR_165028.1	1431	1	0
NR_165007.1	1443	1	0
NR_165004.1	1505	3	0
NR_164998.1	1443	1	0
NR_164960.1	1411	1	0
NR_164959.1	1519	1	0
NR_164939.1	1386	1	0
NR_164923.1	1490	2	0
NR_164909.1	1515	1	0
NR_164899.1	1512	1	0
NR_164891.1	1434	2	0
NR_164879.1	1412	3	0
NR_164878.1	1422	1	0
NR_164619.1	1418	9	0
NR_164616.1	1535	1	0
NR_164615.1	1518	1	0
NR_163647.1	1461	10	0
NR_163646.1	1368	1	0
NR_163645.1	1496	1	0
NR_163612.1	1470	1	0
NR_163610.1	1388	1	0
NR_163609.1	1457	1	0
NR_163611.1	1441	1	0
NR_159916.1	1412	1	0
NR_159914.1	1499	1	0
NR_159886.1	1428	1	0
NR_159882.1	1415	1	0
NR_159325.1	1457	1	0
NR_159303.1	1404	1	0
NR_159285.1	1461	1	0
NR_159274.1	1489	1	0
NR_159257.1	1434	1	0
NR_159248.1	1412	1	0
NR_159239.1	1444	7	0
NR_159238.1	1451	6	0
NR_159232.1	1455	5	0
NR_159219.1	1441	1	0
NR_159217.1	1418	1	0
NR_159201.1	1429	1	0
NR_159190.1	1451	4	0
NR_159189.1	1425	2	0
NR_159185.1	1413	4	0
NR_159167.1	1420	1	0
NR_159128.1	1459	5	0
NR_158126.1	1472	1	0
NR_158119.1	1423	9	0
NR_158096.1	1440	2	0
NR_158084.1	1508	6	0
NR_158075.1	1447	2	0
NR_158074.1	1490	1	0
NR_158070.1	1434	2	0
NR_158069.1	1483	3	0
NR_158050.1	1420	14	0
NR_158042.1	1398	3	0
NR_158031.1	1460	1	0
NR_158016.1	1466	1	0
NR_158006.1	1421	4	0
NR_157998.1	1468	1	0
NR_157997.1	1507	1	0
NR_157993.1	1443	18	0
NR_157992.1	1491	1	0
NR_157984.1	1403	1	0
NR_157797.1	1526	1	0
NR_157796.1	1485	1	0
NR_157763.1	1350	1	0
NR_157706.1	1457	3	0
NR_157702.1	1470	2	0
NR_157699.1	1524	3	0
NR_157698.1	1509	6	0
NR_157671.1	1461	1	0
NR_157657.1	1432	1	0
NR_157626.1	1420	3	0
NR_157616.1	1400	3	0
NR_156971.1	1440	1	0
NR_156958.1	1463	1	0
NR_156949.1	1451	1	0
NR_156940.1	1528	1	0
NR_156920.1	1480	1	0
NR_156918.1	1506	2	0
NR_156914.1	1439	1	0
NR_156877.1	1510	1	0
NR_156869.1	1478	1	0
NR_156862.1	1425	8	0
NR_156861.1	1399	1	0
NR_156857.1	1431	1	0
NR_156851.1	1404	1	0
NR_156848.1	1455	7	0
NR_156801.1	1544	1	0
NR_156159.1	1408	1	0
NR_156157.1	1482	2	0
NR_156134.1	1433	7	0
NR_156105.1	1468	1	0
NR_156102.1	1505	1	0
NR_156087.1	1447	10	0
NR_153719.1	1258	45	0
NR_153698.1	1479	1	0
NR_153675.1	1510	5	0
NR_153670.1	1494	8	0
NR_152704.1	1449	2	0
NR_152673.1	1490	1	0
NR_152666.1	1452	1	0
NR_152659.1	1329	1	0
NR_152089.1	1538	2	0
NR_152076.1	1416	2	0
NR_152031.1	1448	2	0
NR_151986.1	1521	2	0
NR_151931.1	1497	1	0
NR_151930.1	1308	2	0
NR_151915.1	1413	1	0
NR_151907.1	1552	1	0
NR_151906.1	1552	2	0
NR_151905.1	1515	8	0
NR_151869.1	1450	2	0
NR_074459.2	1498	1	0
NR_074703.2	1524	1	0
NR_126313.2	1531	2	0
NR_102476.2	1482	1	0
NR_029282.2	1540	1	0
NR_102489.2	1489	3	0
NR_103935.2	1485	2	0
NR_114796.2	1584	1	0
NR_116360.2	1489	1	0
NR_116361.2	1486	2	0
NR_118149.2	1551	1	0
NR_136516.2	1533	1	0
NR_145955.2	1538	3	0
NR_149803.1	1485	1	0
NR_149786.1	1434	2	0
NR_149306.1	1549	1	0
NR_149296.1	1449	1	0
NR_149293.1	1451	1	0
NR_149273.1	1515	2	0
NR_149272.1	1518	2	0
NR_149243.1	1445	1	0
NR_149242.1	1443	1	0
NR_149236.1	1419	1	0
NR_149219.1	1434	1	0
NR_149202.1	1192	2	0
NR_149181.1	1494	1	0
NR_149171.1	1446	4	0
NR_108597.1	1457	2	0
NR_108583.1	1454	1	0
NR_042754.2	1399	1	0
NR_148862.1	1487	2	0
NR_148861.1	1444	1	0
NR_148835.1	1511	2	0
NR_148793.1	1454	1	0
NR_148761.1	1475	3	0
NR_148757.1	1541	1	0
NR_148645.1	1551	4	0
NR_148644.1	1548	1	0
NR_148629.1	1467	1	0
NR_148602.1	1455	7	0
NR_148601.1	1456	8	0
NR_148598.1	1490	1	0
NR_148585.1	1512	1	0
NR_148582.1	1491	10	0
NR_148580.1	1465	13	0
NR_148579.1	1205	7	0
NR_148576.1	1489	9	0
NR_148573.1	1499	1	0
NR_148567.1	1212	10	0
NR_148314.1	1514	2	0
NR_148312.1	1444	1	0
NR_148310.1	1518	1	0
NR_148283.1	1510	11	0
NR_148282.1	1520	1	0
NR_148281.1	1514	1	0
NR_147783.1	1478	1	0
NR_147781.1	1430	3	0
NR_147774.1	1528	2	0
NR_147773.1	1499	1	0
NR_147765.1	1445	1	0
NR_147759.1	1393	1	0
NR_147748.1	1461	21	0
NR_147738.1	1463	26	0
NR_147737.1	1461	29	0
NR_147722.1	1461	7	0
NR_147716.1	1298	1	0
NR_147392.1	1491	2	0
NR_146830.1	1466	1	0
NR_146815.1	1476	1	0
NR_146690.1	1430	1	0
NR_146681.1	1472	1	0
NR_146677.1	1452	1	0
NR_146673.1	1513	1	0
NR_146664.1	1411	2	0
NR_146378.1	1417	1	0
NR_146376.1	1495	4	0
NR_146370.1	1471	1	0
NR_146368.1	1400	13	0
NR_146367.1	1516	4	0
NR_146365.1	1514	4	0
NR_146352.1	1378	1	0
NR_146049.1	1490	1	0
NR_146026.1	1485	2	0
NR_146025.1	1432	1	0
NR_146021.1	1483	1	0
NR_146015.1	1471	1	0
NR_145927.1	1508	1	0
NR_145925.1	1339	3	0
NR_145909.1	1424	13	0
NR_145907.1	1471	1	0
NR_145904.1	1522	1	0
NR_145887.1	1391	1	0
NR_145885.1	1442	1	0
NR_145866.1	1399	1	0
NR_145646.1	1425	1	0
NR_145618.1	1515	2	0
NR_145531.1	1426	3	0
NR_145530.1	1508	5	0
NR_145528.1	1489	8	0
NR_144610.1	1436	1	0
NR_144599.1	1390	1	0
NR_144576.1	1519	1	0
NR_137418.1	1405	1	0
NR_137412.1	1479	1	0
NR_137410.1	1461	10	0
NR_137347.1	1454	1	0
NR_137344.1	1290	1	0
NR_137255.1	1498	1	0
NR_137236.1	1461	6	0
NR_137221.1	1443	1	0
NR_136840.1	1340	1	0
NR_136798.1	1480	1	0
NR_136770.1	1525	5	0
NR_136767.1	1461	3	0
NR_136459.1	1445	1	0
NR_136422.1	1475	1	0
NR_135876.1	1451	1	0
NR_135872.1	1508	2	0
NR_135867.1	1434	6	0
NR_135733.1	1448	6	0
NR_135711.1	1499	1	0
NR_135210.1	1450	2	0
NR_135209.1	1383	16	0
NR_134836.1	1480	5	0
NR_134825.1	1445	1	0
NR_134779.1	1448	19	0
NR_134756.1	1410	25	0
NR_134740.1	1467	1	0
NR_134733.1	1440	2	0
NR_134732.1	1523	1	0
NR_134156.2	1375	5	0
NR_134225.1	1407	5	0
NR_134219.1	1506	1	0
NR_134194.1	1467	1	0
NR_134189.1	1493	9	0
NR_134176.1	1387	10	0
NR_134175.1	1457	14	0
NR_134146.1	1469	1	0
NR_134136.1	1380	1	0
NR_134131.1	1423	2	0
NR_134103.1	1495	1	0
NR_134099.1	1450	1	0
NR_134090.1	1550	1	0
NR_133991.1	1498	1	0
NR_133988.1	1420	1	0
NR_133987.1	1301	1	0
NR_133959.1	1465	5	0
NR_108237.1	1385	1	0
NR_133878.1	1418	9	0
NR_133877.1	1440	2	0
NR_133863.1	1436	1	0
NR_133848.1	1414	1	0
NR_133838.1	1412	1	0
NR_133835.1	1432	1	0
NR_133831.1	1353	2	0
NR_133819.1	1446	1	0
NR_133817.1	1402	3	0
NR_133800.1	1407	1	0
NR_133786.1	1396	1	0
NR_133767.1	1447	1	0
NR_133740.1	1424	2	0
NR_133709.1	1409	1	0
NR_133708.1	1413	1	0
NR_133707.1	1413	2	0
NR_133706.1	1363	1	0
NR_133705.1	1483	1	0
NR_133687.1	1508	1	0
NR_133041.1	1454	2	0
NR_132677.1	1447	1	0
NR_132675.1	1381	1	0
NR_132602.1	1472	3	0
NR_132594.1	1418	1	0
NR_132395.1	1492	1	0
NR_132293.1	1435	1	0
NR_132292.1	1408	6	0
NR_132289.1	1439	7	0
NR_108510.2	1366	1	0
NR_126314.1	1546	5	0
NR_126310.1	1524	3	0
NR_126260.1	1239	60	0
NR_126192.1	1362	1	0
NR_126184.1	1451	1	0
NR_126182.1	1483	12	0
NR_126181.1	1479	4	0
NR_126180.1	1453	5	0
NR_126172.1	1508	24	0
NR_125696.2	1284	3	0
NR_125709.1	873	1	0
NR_125705.1	1531	1	0
NR_125664.1	1510	1	0
NR_125638.1	1490	4	0
NR_125637.1	1423	1	0
NR_125613.1	1444	1	0
NR_125497.1	1409	1	0
NR_125465.1	1485	2	0
NR_125455.1	1443	1	0
NR_125451.1	1443	1	0
NR_122081.1	1480	15	0
NR_121726.1	1500	1	0
NR_119320.1	1443	4	0
NR_119258.1	1363	2	0
NR_119223.1	1335	3	0
NR_118984.1	1434	1	0
NR_118911.1	1491	2	0
NR_118872.1	1526	4	0
NR_118765.1	1292	3	0
NR_118764.1	1312	2	0
NR_118660.1	1361	1	0
NR_118641.1	1529	1	0
NR_118637.1	1524	1	0
NR_118554.1	1475	1	0
NR_118552.1	1515	1	0
NR_118485.1	1350	3	0
NR_118448.1	1450	1	0
NR_118435.1	1318	1	0
NR_118426.1	1452	3	0
NR_118340.1	1483	11	0
NR_118337.1	1514	3	0
NR_118336.1	1511	1	0
NR_118276.1	1476	3	0
NR_118216.1	1503	2	0
NR_118138.1	1544	11	0
NR_118089.1	1479	1	0
NR_118034.1	1483	2	0
NR_118030.1	1442	4	0
NR_118023.1	1488	2	0
NR_118022.1	1490	4	0
NR_118021.1	1488	4	0
NR_118020.1	1488	4	0
NR_118001.1	1506	2	0
NR_117999.1	1517	1	0
NR_117972.1	1420	1	0
NR_117947.1	1340	2	0
NR_117929.1	1417	1	0
NR_117848.1	1402	1	0
NR_117847.1	1452	2	0
NR_117846.1	1457	2	0
NR_117834.1	1492	26	0
NR_117783.1	1440	1	0
NR_117702.1	1522	1	0
NR_117466.1	1520	1	0
NR_117461.1	1550	4	0
NR_117453.1	1500	1	0
NR_117362.1	1439	1	0
NR_117355.1	1379	1	0
NR_117309.1	1441	1	0
NR_117251.1	1443	2	0
NR_117246.1	1441	1	0
NR_117229.1	1519	1	0
NR_117195.1	1407	2	0
NR_117081.1	1457	1	0
NR_117059.1	1400	1	0
NR_117049.1	1426	2	0
NR_117023.1	1433	2	0
NR_116996.1	1409	1	0
NR_116972.1	1418	1	0
NR_116969.1	1431	23	0
NR_116842.1	1444	1	0
NR_116762.1	1509	1	0
NR_116722.1	1418	2	0
NR_116714.1	1395	1	0
NR_116699.1	1455	1	0
NR_116648.1	1523	1	0
NR_116606.1	1453	1	0
NR_116598.1	1484	2	0
NR_116560.1	1494	2	0
NR_116444.1	1401	7	0
NR_116437.1	1299	1	0
NR_116407.1	1451	3	0
NR_116377.1	1413	2	0
NR_116338.1	1423	1	0
NR_116325.1	1497	6	0
NR_116319.1	1468	1	0
NR_116314.1	1468	6	0
NR_116256.1	1506	1	0
NR_116248.1	1492	2	0
NR_116122.1	1332	1	0
NR_116029.1	1450	1	0
NR_116024.1	1396	2	0
NR_116005.1	1445	3	0
NR_116004.1	1481	2	0
NR_115984.1	1408	2	0
NR_115920.1	1444	1	0
NR_115817.1	1467	2	0
NR_115813.1	1438	8	0
NR_115486.1	1457	2	0
NR_115417.1	1424	1	0
NR_115225.1	1360	18	0
NR_115126.1	1408	2	0
NR_115096.1	1408	1	0
NR_115085.1	1488	1	0
NR_115074.1	1406	5	0
NR_115072.1	1419	2	0
NR_115071.1	1443	8	0
NR_115070.1	1455	3	0
NR_115060.1	1398	7	0
NR_115056.1	1420	1	0
NR_114981.1	1391	58	0
NR_114972.1	1509	1	0
NR_114941.1	1506	1	0
NR_114886.1	1393	1	0
NR_114709.1	1418	1	0
NR_114684.1	1491	1	0
NR_114620.1	1478	1	0
NR_114612.1	1321	2	0
NR_114611.1	1336	1	0
NR_114607.1	1526	1	0
NR_114580.1	1539	4	0
NR_114442.1	1556	1	0
NR_114418.1	1433	1	0
NR_114407.1	1270	1	0
NR_114382.1	1414	1	0
NR_113566.1	1476	2	0
NR_113559.1	1303	27	0
NR_113558.1	1431	1	0
NR_113542.1	1466	1	0
NR_113364.1	1418	1	0
NR_113301.1	1444	1	0
NR_113264.1	1474	23	0
NR_113263.1	1440	1	0
NR_113241.1	1432	1	0
NR_113222.1	1468	1	0
NR_113221.1	1487	4	0
NR_113183.1	1402	1	0
NR_113148.1	1457	2	0
NR_112997.1	1457	1	0
NR_112972.1	1483	12	0
NR_112948.1	1456	2	0
NR_112890.1	1417	4	0
NR_112876.1	1476	1	0
NR_112805.1	1471	1	0
NR_112776.1	1488	16	0
NR_112682.1	1414	1	0
NR_112680.1	1391	1	0
NR_112617.1	1477	2	0
NR_112560.1	1393	1	0
NR_112552.1	1400	1	0
NR_112238.1	1463	1	0
NR_112186.1	1406	5	0
NR_102776.1	1559	1	0
NR_074119.1	1474	1	0
NR_074114.1	1433	2	0
NR_074111.1	1432	2	0
NR_074325.2	1535	3	0
NR_075034.1	1568	1	0
NR_075011.1	1556	1	0
NR_074978.1	1551	1	0
NR_074971.1	1550	1	0
NR_074932.1	1546	1	0
NR_074687.1	1526	1	0
NR_074668.1	1524	1	0
NR_074595.1	1518	4	0
NR_074576.1	1516	14	0
NR_074572.1	1515	1	0
NR_074435.1	1505	1	0
NR_074401.1	1500	1	0
NR_074324.1	1490	5	0
NR_074322.1	1490	3	0
NR_074313.1	1489	2	0
NR_074296.1	1488	1	0
NR_074294.1	1488	11	0
NR_074276.1	1482	6	0
NR_074262.1	1479	3	0
NR_074255.1	1478	2	0
NR_074237.1	1475	2	0
NR_044921.1	1533	1	0
NR_044791.1	1474	1	0
NR_044734.1	1486	1	0
NR_044611.1	1402	2	0
NR_044566.1	1384	2	0
NR_044557.1	1443	1	0
NR_044523.1	1539	2	0
NR_044511.1	1339	1	0
NR_044458.1	1423	1	0
NR_044427.1	1318	1	0
NR_044419.1	1428	1	0
NR_044416.1	1402	1	0
NR_044356.1	1449	1	0
NR_044269.1	1441	1	0
NR_044251.1	1441	8	0
NR_044185.1	1470	2	0
NR_044095.1	1444	1	0
NR_044081.1	1441	1	0
NR_044027.1	1457	16	0
NR_044011.1	1383	1	0
NR_043985.1	1474	1	0
NR_043958.1	1484	13	0
NR_043918.1	1420	1	0
NR_043810.1	1428	1	0
NR_043717.1	1475	1	0
NR_043633.1	1404	3	0
NR_043529.1	1528	1	0
NR_043483.1	1414	1	0
NR_043480.1	1492	1	0
NR_043452.1	1512	1	0
NR_043322.1	1494	2	0
NR_043280.1	1473	1	0
NR_043259.1	1431	1	0
NR_043247.1	1446	1	0
NR_043181.1	1500	1	0
NR_043094.1	1526	1	0
NR_043075.1	1490	1	0
NR_043037.1	1483	1	0
NR_043036.1	1484	1	0
NR_043033.1	1487	1	0
NR_043019.1	1458	1	0
NR_042931.1	1488	1	0
NR_042855.1	1323	4	0
NR_042836.1	1426	1	0
NR_042752.1	1340	1	0
NR_042751.1	1331	3	0
NR_042722.1	1366	4	0
NR_042634.1	1502	1	0
NR_042573.1	1463	1	0
NR_042397.1	1476	1	0
NR_042384.1	1389	2	0
NR_042277.1	1465	2	0
NR_042077.1	1438	2	0
NR_041981.1	1498	4	0
NR_041963.1	1437	1	0
NR_041925.1	1344	2	0
NR_041819.1	1725	2	0
NR_041718.1	1513	1	0
NR_041709.1	1347	1	0
NR_041673.1	1462	1	0
NR_041663.1	1470	2	0
NR_041622.1	1453	1	0
NR_041621.1	1458	1	0
NR_041608.1	1472	1	0
NR_041581.1	1471	1	0
NR_041563.1	1463	1	0
NR_041556.1	1499	1	0
NR_041544.1	1331	1	0
NR_041530.1	1513	1	0
NR_041502.1	1482	1	0
NR_041499.1	1540	2	0
NR_041486.1	1521	1	0
NR_041384.1	1483	1	0
NR_041383.1	1472	1	0
NR_041365.1	1495	5	0
NR_041334.1	1409	1	0
NR_041306.1	1482	1	0
NR_041002.1	1435	1	0
NR_040967.1	1444	1	0
NR_044617.1	1662	1	0
NR_044580.1	1483	1	0
NR_044522.1	1385	2	0
NR_044429.1	1555	1	0
NR_044383.1	1473	1	0
NR_044309.1	1407	2	0
NR_044283.1	1464	1	0
NR_044161.1	1504	1	0
NR_043904.1	1522	1	0
NR_043881.1	1407	1	0
NR_043806.1	1491	1	0
NR_043790.1	1499	1	0
NR_043775.1	1374	1	0
NR_043754.1	1450	2	0
NR_043710.1	1419	2	0
NR_043684.1	1416	1	0
NR_043460.1	1418	2	0
NR_043260.1	1469	1	0
NR_043212.1	1483	5	0
NR_043197.1	1491	5	0
NR_043071.1	1520	1	0
NR_042942.1	1426	1	0
NR_042863.1	1449	1	0
NR_036932.1	1458	1	0
NR_036865.1	1481	1	0
NR_036763.1	1482	1	0
NR_027569.1	1488	1	0
NR_027195.1	1382	1	0
NR_025345.1	1535	1	0
NR_025129.1	1394	1	0
NR_024975.1	1470	1	0
NR_024920.1	1379	5	0
NR_024681.1	1457	1	0
NR_026357.1	1541	2	0
NR_159196.1	1524	1	0
NR_159195.1	1501	3	0
NR_159180.1	1456	1	0
NR_159076.1	1515	2	0
NR_158113.1	1471	1	0
NR_157003.1	1468	2	0
NR_156984.1	1408	4	0
NR_156138.1	1475	1	0
NR_153679.1	1475	2	0
NR_152025.1	1493	5	0
NR_152001.1	1404	6	0
NR_151923.1	1315	1	0
NR_044656.2	1498	1	0
NR_102512.2	1535	1	0
NR_126245.2	1512	1	0
NR_121711.2	1468	1	0
NR_025865.2	1526	2	0
NR_025869.2	1527	1	0
NR_044826.2	1532	1	0
NR_074642.2	1519	6	0
NR_102810.2	1532	2	0
NR_102959.2	1522	1	0
NR_116328.2	1537	2	0
NR_118724.2	1433	1	0
NR_121689.2	1531	1	0
NR_121712.2	1531	1	0
NR_121713.2	1484	1	0
NR_121722.2	1566	3	0
NR_135859.2	1517	1	0
NR_145662.2	1515	1	0
NR_149761.1	1524	1	0
NR_149197.1	1541	1	0
NR_117157.2	1550	1	0
NR_148747.1	1521	7	0
NR_148607.2	1518	3	0
NR_148575.1	1390	10	0
NR_148572.1	1503	9	0
NR_148319.1	1424	5	0
NR_146349.1	1558	4	0
NR_145908.1	1510	1	0
NR_145902.1	1469	1	0
NR_145893.1	1262	1	0
NR_145890.1	1439	6	0
NR_145884.1	1415	1	0
NR_145861.1	1450	1	0
NR_145859.1	1384	1	0
NR_145604.1	1484	2	0
NR_145584.1	1457	1	0
NR_144586.1	1556	1	0
NR_137259.1	1489	2	0
NR_136788.1	1491	2	0
NR_135878.1	1328	2	0
NR_135877.1	1335	1	0
NR_135866.1	1451	4	0
NR_134161.1	1490	1	0
NR_134158.1	1399	92	0
NR_134120.1	1413	52	0
NR_133865.1	1402	3	0
NR_133858.1	1432	11	0
NR_133710.1	1484	1	0
NR_126263.1	1452	1	0
NR_126241.1	1497	1	0
NR_029336.2	1460	1	0
NR_025774.2	1408	2	0
NR_125611.1	1462	2	0
NR_125559.1	1501	1	0
NR_125558.1	1511	1	0
NR_125525.1	1515	2	0
NR_125447.1	1467	3	0
NR_122062.1	1524	6	0
NR_122052.1	1516	2	0
NR_121736.1	1491	1	0
NR_121730.1	1532	1	0
NR_121724.1	1545	6	0
NR_121718.1	1529	1	0
NR_121704.1	1524	9	0
NR_121695.1	1545	1	0
NR_121691.1	1541	2	0
NR_119356.1	1318	1	0
NR_119355.1	1468	1	0
NR_119352.1	1468	1	0
NR_119323.1	1566	1	0
NR_119193.1	1415	1	0
NR_119192.1	1453	1	0
NR_119191.1	1482	2	0
NR_119160.1	1453	2	0
NR_119156.1	1428	2	0
NR_119099.1	1433	1	0
NR_119097.1	1486	3	0
NR_118988.1	1437	1	0
NR_118982.1	1443	1	0
NR_118981.1	1441	2	0
NR_118917.1	1468	1	0
NR_118916.1	1447	2	0
NR_118894.1	1452	9	0
NR_118893.1	1450	16	0
NR_118878.1	1390	2	0
NR_118830.1	1415	1	0
NR_118826.1	1413	13	0
NR_118825.1	1412	1	0
NR_118824.1	1410	1	0
NR_118823.1	1418	1	0
NR_118817.1	1416	2	0
NR_118770.1	1443	2	0
NR_118746.1	1482	1	0
NR_118706.1	1457	1	0
NR_118704.1	1474	1	0
NR_118662.1	1515	1	0
NR_118648.1	1372	3	0
NR_118631.1	1536	1	0
NR_118623.1	1368	1	0
NR_118610.1	1360	1	0
NR_118594.1	1502	1	0
NR_118564.1	1512	1	0
NR_118551.1	1465	2	0
NR_118484.1	1448	1	0
NR_118428.1	1466	1	0
NR_118384.1	1484	1	0
NR_118328.1	1422	9	0
NR_118235.1	1477	1	0
NR_118221.1	1491	1	0
NR_118190.1	1353	1	0
NR_118187.1	1355	1	0
NR_118185.1	1352	1	0
NR_118183.1	1354	2	0
NR_118056.1	1124	1	0
NR_118054.1	1124	1	0
NR_118052.1	1124	1	0
NR_118017.1	1497	1	0
NR_117956.1	1372	1	0
NR_117937.1	1417	1	0
NR_117911.1	1479	1	0
NR_117877.1	1479	1	0
NR_117870.1	1479	1	0
NR_117849.1	1420	2	0
NR_117788.1	1511	2	0
NR_117715.1	1411	1	0
NR_117676.1	1461	3	0
NR_117648.1	1501	2	0
NR_117633.1	1526	1	0
NR_117606.1	1440	1	0
NR_117570.1	1402	1	0
NR_117569.1	1401	1	0
NR_117540.1	1351	1	0
NR_117513.1	1356	3	0
NR_117477.1	1428	5	0
NR_117462.1	1484	1	0
NR_117459.1	1482	1	0
NR_117347.1	1441	1	0
NR_117341.1	1443	1	0
NR_117311.1	1439	1	0
NR_117274.1	1525	1	0
NR_117225.1	1495	1	0
NR_117222.1	1495	1	0
NR_117221.1	1495	1	0
NR_117218.1	1492	1	0
NR_117182.1	1411	7	0
NR_117154.1	1546	1	0
NR_117153.1	1581	1	0
NR_117117.1	1455	2	0
NR_117105.1	1402	1	0
NR_117077.1	1408	4	0
NR_117052.1	1416	9	0
NR_117019.1	1510	1	0
NR_116980.1	1518	1	0
NR_116967.1	1613	1	0
NR_116959.1	1483	2	0
NR_116875.1	1432	1	0
NR_116729.1	1454	1	0
NR_116678.1	1553	1	0
NR_116379.1	1393	1	0
NR_116324.1	1441	1	0
NR_116148.1	1313	1	0
NR_116128.1	1440	1	0
NR_116077.1	1516	1	0
NR_116061.1	1387	4	0
NR_116051.1	1541	1	0
NR_116040.1	1442	1	0
NR_116025.1	1415	1	0
NR_116001.1	1547	2	0
NR_115863.1	1493	1	0
NR_115826.1	1434	1	0
NR_115635.1	1467	2	0
NR_115631.1	1465	1	0
NR_115623.1	1436	1	0
NR_115615.1	1388	1	0
NR_115550.1	1405	1	0
NR_115515.1	1379	3	0
NR_115330.1	1489	1	0
NR_115228.1	1396	3	0
NR_115078.1	1330	1	0
NR_114995.1	1459	1	0
NR_114963.1	1363	1	0
NR_114894.1	1426	1	0
NR_114891.1	1467	1	0
NR_114890.1	1410	1	0
NR_114850.1	1447	2	0
NR_114839.1	1405	1	0
NR_114758.1	1617	1	0
NR_114755.1	1479	1	0
NR_114744.1	1444	1	0
NR_114712.1	1446	8	0
NR_114711.1	1477	1	0
NR_114661.1	1471	14	0
NR_114655.1	1468	1	0
NR_114641.1	1547	1	0
NR_114616.1	1499	1	0
NR_114610.1	1042	2	0
NR_114533.1	1451	8	0
NR_114532.1	1452	1	0
NR_114515.1	1454	1	0
NR_114514.1	1451	1	0
NR_114498.1	1438	1	0
NR_114459.1	1511	2	0
NR_114458.1	1504	2	0
NR_114408.1	1479	1	0
NR_114332.1	1470	7	0
NR_114331.1	1451	1	0
NR_114319.1	1459	1	0
NR_114297.1	1412	1	0
NR_114273.1	1456	1	0
NR_114261.1	1464	1	0
NR_114256.1	1454	1	0
NR_114199.1	1414	3	0
NR_114198.1	1414	1	0
NR_114144.1	1414	2	0
NR_114138.1	1414	1	0
NR_114127.1	1456	1	0
NR_114118.1	1456	2	0
NR_114057.1	1265	3	0
NR_114056.1	1409	1	0
NR_114036.1	1427	1	0
NR_114000.1	1412	1	0
NR_113974.1	1472	1	0
NR_113962.1	1410	1	0
NR_113947.1	1470	1	0
NR_113888.1	1414	3	0
NR_113878.1	1414	1	0
NR_113860.1	1437	1	0
NR_113858.1	1418	1	0
NR_113743.1	1409	1	0
NR_113719.1	1487	1	0
NR_113675.1	1408	1	0
NR_113629.1	1458	1	0
NR_113408.1	1495	1	0
NR_113406.1	1413	1	0
NR_113390.1	1507	1	0
NR_113375.1	1476	1	0
NR_113373.1	1479	2	0
NR_113372.1	1478	1	0
NR_113322.1	1462	1	0
NR_113196.1	1529	1	0
NR_113186.1	1481	1	0
NR_113155.1	1486	10	0
NR_113147.1	1448	1	0
NR_113082.1	1451	1	0
NR_113023.1	1468	1	0
NR_113019.1	1447	7	0
NR_112993.1	1472	1	0
NR_112967.1	1487	1	0
NR_112963.1	1485	1	0
NR_112956.1	1478	5	0
NR_112953.1	1414	2	0
NR_112930.1	1414	2	0
NR_112929.1	1414	1	0
NR_112928.1	1414	2	0
NR_112927.1	1414	1	0
NR_112925.1	1464	1	0
NR_112912.1	1484	3	0
NR_112748.1	1460	4	0
NR_112737.1	1471	1	0
NR_112736.1	1473	2	0
NR_112733.1	1463	1	0
NR_112732.1	1464	1	0
NR_112730.1	1449	6	0
NR_112666.1	1470	1	0
NR_112657.1	1390	1	0
NR_112613.1	1433	1	0
NR_112586.1	1482	1	0
NR_112519.1	1463	1	0
NR_112368.1	1469	1	0
NR_112295.1	1457	1	0
NR_112250.1	1468	1	0
NR_112219.1	1425	2	0
NR_112190.1	1480	7	0
NR_112140.1	1439	1	0
NR_112137.1	1440	1	0
NR_112135.1	1438	1	0
NR_112131.1	1470	2	0
NR_112130.1	1470	3	0
NR_112118.1	1472	1	0
NR_112105.1	1471	1	0
NR_112104.1	1471	1	0
NR_112100.1	1472	1	0
NR_112099.1	1472	1	0
NR_112072.1	1505	1	0
NR_112068.1	1514	2	0
NR_112033.1	1385	1	0
NR_112032.1	1283	1	0
NR_111997.1	1432	2	0
NR_104756.1	1477	3	0
NR_029099.2	1514	1	0
NR_044641.2	1513	1	0
NR_044658.2	1473	1	0
NR_044712.2	1475	3	0
NR_044676.2	1485	2	0
NR_044685.2	1450	2	0
NR_044869.2	1482	2	0
NR_109746.1	1473	1	0
NR_109741.1	1308	1	0
NR_109691.1	1454	3	0
NR_109690.1	1495	2	0
NR_109681.1	1464	8	0
NR_109679.1	1442	1	0
NR_109675.1	1410	1	0
NR_109674.1	1429	1	0
NR_109610.1	1467	9	0
NR_109605.1	1478	1	0
NR_109539.1	1307	1	0
NR_109490.1	1407	2	0
NR_109442.1	1439	1	0
NR_109430.1	1448	1	0
NR_109427.1	1490	1	0
NR_109380.1	1531	1	0
NR_109324.1	1382	1	0
NR_109314.1	1431	1	0
NR_109297.1	1473	1	0
NR_109056.1	1469	1	0
NR_109021.1	1445	2	0
NR_108883.1	1510	3	0
NR_108855.1	1435	1	0
NR_108787.1	1511	1	0
NR_108682.1	1452	1	0
NR_108633.1	1448	1	0
NR_108568.1	1436	1	0
NR_108542.1	1400	1	0
NR_108530.1	1455	1	0
NR_108528.1	1362	1	0
NR_108519.1	1509	1	0
NR_108517.1	1443	1	0
NR_108489.1	1492	2	0
NR_108486.1	1365	1	0
NR_108482.1	1393	2	0
NR_108474.1	1427	2	0
NR_108469.1	1430	4	0
NR_108466.1	1424	13	0
NR_108388.1	1401	1	0
NR_108387.1	1407	2	0
NR_108221.1	1455	1	0
NR_108192.1	1489	19	0
NR_108141.1	1449	9	0
NR_108139.1	1480	1	0
NR_108119.1	1415	2	0
NR_108115.1	1423	14	0
NR_104981.1	1413	3	0
NR_104961.1	1437	1	0
NR_104917.1	1468	1	0
NR_104916.1	1465	2	0
NR_104888.1	1526	2	0
NR_104885.1	1443	2	0
NR_104876.1	1512	1	0
NR_104861.1	1562	1	0
NR_104850.1	1471	1	0
NR_104840.1	1398	1	0
NR_104826.1	1530	1	0
NR_104825.1	1500	1	0
NR_104799.1	1515	1	0
NR_104766.1	1476	2	0
NR_104763.1	1480	4	0
NR_104754.1	1476	1	0
NR_104752.1	1516	1	0
NR_104747.1	1474	3	0
NR_104699.1	1483	2	0
NR_104570.1	1465	1	0
NR_104563.1	1469	2	0
NR_104561.1	1527	1	0
NR_104555.1	1431	1	0
NR_104554.1	1424	1	0
NR_104544.1	1441	1	0
NR_104526.1	1474	1	0
NR_104509.1	1533	1	0
NR_044736.2	1476	1	0
NR_044645.2	1479	2	0
NR_044644.2	1469	1	0
NR_102873.1	1505	1	0
NR_102439.1	1507	6	0
NR_074118.1	1437	4	0
NR_074106.1	1493	22	0
NR_074299.2	1528	1	0
NR_075022.1	1563	1	0
NR_075009.1	1556	1	0
NR_074955.1	1549	2	0
NR_074927.1	1545	7	0
NR_074917.1	1544	3	0
NR_074876.1	1540	1	0
NR_074851.1	1538	1	0
NR_074845.1	1537	1	0
NR_074830.1	1536	15	0
NR_074757.1	1531	1	0
NR_074670.1	1524	1	0
NR_074614.1	1519	2	0
NR_074534.1	1512	3	0
NR_074509.1	1510	1	0
NR_074501.1	1509	2	0
NR_074490.1	1508	1	0
NR_074466.1	1508	2	0
NR_074442.1	1505	2	0
NR_074436.1	1505	2	0
NR_074426.1	1504	1	0
NR_074420.1	1504	1	0
NR_074390.1	1498	6	0
NR_074379.1	1497	1	0
NR_074345.1	1493	3	0
NR_074338.1	1493	7	0
NR_074327.1	1491	5	0
NR_074314.1	1489	2	0
NR_074295.1	1488	4	0
NR_074292.1	1486	1	0
NR_074286.1	1485	1	0
NR_074261.1	1479	9	0
NR_074240.1	1476	1	0
NR_044947.1	1410	4	0
NR_044946.1	1408	2	0
NR_044936.1	1460	1	0
NR_044906.1	1461	1	0
NR_044887.1	1474	2	0
NR_044883.1	1465	1	0
NR_044882.1	1477	1	0
NR_044881.1	1458	1	0
NR_044860.1	1400	1	0
NR_044838.1	1454	1	0
NR_044833.1	1469	1	0
NR_044821.1	1464	1	0
NR_044817.1	1459	3	0
NR_044813.1	1466	1	0
NR_044812.1	1461	1	0
NR_044782.1	1505	1	0
NR_044770.1	1318	1	0
NR_044744.1	1425	6	0
NR_044742.1	1425	7	0
NR_044610.1	1439	1	0
NR_044595.1	1407	1	0
NR_044592.1	1427	1	0
NR_044591.1	1547	1	0
NR_044547.1	1451	2	0
NR_044443.1	1520	1	0
NR_044347.1	1354	1	0
NR_044344.1	1358	1	0
NR_044273.1	1502	1	0
NR_044263.1	1428	1	0
NR_044143.1	1514	1	0
NR_044135.1	1462	1	0
NR_044055.1	1493	1	0
NR_043983.1	1501	2	0
NR_043929.1	1355	1	0
NR_043898.1	1425	9	0
NR_043694.1	1419	1	0
NR_043663.1	1500	13	0
NR_043662.1	1500	7	0
NR_043657.1	1553	1	0
NR_043656.1	1540	4	0
NR_043632.1	1406	4	0
NR_043515.1	1386	6	0
NR_043422.1	1526	1	0
NR_043399.1	1480	1	0
NR_043388.1	1438	1	0
NR_043386.1	1424	11	0
NR_043218.1	1483	1	0
NR_043135.1	1402	1	0
NR_043056.1	1488	3	0
NR_042936.1	1422	1	0
NR_042934.1	1374	1	0
NR_042805.1	1507	1	0
NR_042792.1	1512	3	0
NR_042731.1	1493	1	0
NR_042706.1	1430	2	0
NR_042705.1	1400	1	0
NR_042703.1	1490	1	0
NR_042665.1	1471	1	0
NR_042662.1	1425	3	0
NR_042593.1	1484	2	0
NR_042592.1	1406	1	0
NR_042570.1	1468	1	0
NR_042559.1	1412	1	0
NR_042531.1	1425	2	0
NR_042529.1	1447	1	0
NR_042528.1	1509	1	0
NR_042501.1	1387	1	0
NR_042486.1	1464	5	0
NR_042466.1	1446	7	0
NR_042465.1	1426	4	0
NR_042449.1	1441	7	0
NR_042434.1	1497	1	0
NR_042432.1	1345	1	0
NR_042408.1	1418	3	0
NR_042369.1	1459	1	0
NR_042364.1	1444	6	0
NR_042363.1	1446	2	0
NR_042341.1	1529	3	0
NR_042330.1	1517	1	0
NR_042314.1	1451	1	0
NR_042313.1	1457	1	0
NR_042280.1	1397	1	0
NR_042252.1	1475	1	0
NR_042249.1	1509	1	0
NR_042245.1	1504	1	0
NR_042236.1	1511	4	0
NR_042223.1	1506	2	0
NR_042183.1	1481	2	0
NR_042182.1	1429	1	0
NR_042179.1	1432	1	0
NR_042177.1	1481	3	0
NR_042169.1	1435	1	0
NR_042164.1	1470	1	0
NR_042127.1	1510	2	0
NR_042033.1	1510	2	0
NR_042028.1	1482	1	0
NR_042027.1	1478	5	0
NR_042017.1	1508	1	0
NR_042016.1	1508	1	0
NR_042014.1	1509	1	0
NR_042013.1	1509	2	0
NR_042005.1	1515	1	0
NR_041999.1	1515	1	0
NR_041964.1	1435	3	0
NR_041953.1	1492	1	0
NR_041766.1	1445	1	0
NR_041764.1	1508	1	0
NR_041739.1	1510	1	0
NR_041736.1	1512	1	0
NR_041676.1	1479	1	0
NR_041651.1	1454	29	0
NR_041650.1	1447	6	0
NR_041649.1	1455	3	0
NR_041648.1	1469	2	0
NR_041647.1	1471	3	0
NR_041646.1	1471	3	0
NR_041645.1	1438	5	0
NR_041634.1	1474	2	0
NR_041599.1	1453	1	0
NR_041568.1	1426	1	0
NR_041517.1	1454	1	0
NR_041420.1	1444	1	0
NR_041396.1	1457	2	0
NR_041346.1	1424	1	0
NR_041339.1	1506	1	0
NR_041338.1	1500	1	0
NR_041317.1	1490	5	0
NR_041245.1	1479	2	0
NR_041191.1	1477	1	0
NR_041166.1	1455	1	0
NR_041165.1	1468	1	0
NR_041155.1	1471	1	0
NR_040997.1	1417	1	0
NR_040937.1	1463	1	0
NR_040936.1	1482	6	0
NR_040862.1	1444	1	0
NR_040837.1	1497	1	0
NR_040805.1	1452	1	0
NR_040791.1	1433	1	0
NR_040782.1	1465	2	0
NR_044369.1	1383	1	0
NR_044259.1	1413	1	0
NR_043952.1	1502	1	0
NR_043950.1	1493	1	0
NR_043942.1	1491	1	0
NR_043906.1	1480	1	0
NR_043886.1	1396	1	0
NR_043691.1	1400	1	0
NR_043510.1	1362	1	0
NR_042845.1	1442	2	0
NR_042779.1	1433	1	0
NR_041901.1	1466	1	0
NR_041827.1	1477	1	0
NR_041791.1	1457	2	0
NR_041790.1	1474	1	0
NR_037128.1	1480	1	0
NR_037121.1	1408	1	0
NR_037120.1	1465	10	0
NR_037119.1	1451	6	0
NR_037104.1	1416	1	0
NR_037010.1	1491	5	0
NR_036970.1	1503	4	0
NR_036966.1	1478	1	0
NR_036953.1	1480	1	0
NR_036877.1	1443	1	0
NR_036859.1	1478	1	0
NR_036843.1	1487	1	0
NR_036840.1	1495	1	0
NR_036837.1	1419	1	0
NR_036836.1	1439	1	0
NR_036831.1	1475	1	0
NR_036779.1	1448	7	0
NR_036771.1	1464	1	0
NR_029298.1	1396	2	0
NR_029291.1	1452	1	0
NR_029288.1	1394	3	0
NR_029287.1	1519	1	0
NR_029277.1	1477	1	0
NR_029276.1	1435	3	0
NR_029244.1	1454	1	0
NR_029212.1	1522	5	0
NR_029188.1	1488	1	0
NR_029168.1	1363	1	0
NR_029164.1	1475	1	0
NR_029155.1	1414	1	0
NR_029126.1	1413	6	0
NR_029125.1	1407	6	0
NR_029117.1	1422	2	0
NR_029087.1	1490	2	0
NR_029078.1	1503	1	0
NR_029061.1	1482	1	0
NR_029047.1	1457	1	0
NR_029043.1	1452	1	0
NR_029033.1	1521	1	0
NR_028962.1	1485	8	0
NR_028940.1	1507	1	0
NR_028932.1	1479	1	0
NR_028879.1	1517	2	0
NR_028878.1	1511	1	0
NR_028857.1	1482	1	0
NR_028808.1	1517	1	0
NR_028807.1	1474	1	0
NR_028768.1	1426	2	0
NR_028767.1	1447	1	0
NR_028765.1	1419	2	0
NR_028759.1	1527	3	0
NR_028727.1	1463	2	0
NR_028713.1	1495	1	0
NR_028678.1	1468	1	0
NR_028668.1	1447	1	0
NR_028662.1	1504	1	0
NR_028660.1	1478	1	0
NR_028635.1	1402	1	0
NR_028015.1	1382	2	0
NR_027201.1	1414	1	0
NR_025629.1	1458	2	0
NR_025583.1	1447	1	0
NR_025582.1	1447	4	0
NR_025581.1	1442	1	0
NR_025570.1	1489	2	0
NR_025544.1	1407	2	0
NR_025499.1	1472	1	0
NR_025486.1	1493	1	0
NR_025482.1	1483	2	0
NR_025439.1	1472	1	0
NR_025429.1	1508	1	0
NR_025402.1	1306	1	0
NR_025367.1	1512	2	0
NR_025346.1	1538	1	0
NR_025327.1	1504	5	0
NR_025320.1	1439	2	0
NR_025296.1	1517	1	0
NR_025238.1	1433	1	0
NR_025234.1	1484	1	0
NR_025221.1	1429	2	0
NR_025219.1	1487	2	0
NR_025213.1	1444	2	0
NR_025175.1	1470	1	0
NR_025173.1	1384	4	0
NR_025152.1	1454	1	0
NR_025088.1	1472	1	0
NR_025086.1	1442	24	0
NR_025055.1	1435	1	0
NR_025042.1	1529	3	0
NR_025037.1	1529	1	0
NR_025022.1	1458	1	0
NR_025014.1	1458	1	0
NR_025013.1	1408	1	0
NR_025006.1	1501	10	0
NR_024971.1	1444	1	0
NR_024963.1	1510	1	0
NR_024958.1	1474	1	0
NR_024930.1	1510	2	0
NR_024903.1	1409	1	0
NR_024807.1	1480	2	0
NR_024800.1	1476	1	0
NR_024781.1	1508	5	0
NR_024776.1	1511	1	0
NR_024773.1	1415	1	0
NR_024743.1	1471	2	0
NR_024740.1	1471	3	0
NR_024739.1	1472	1	0
NR_024703.1	1450	3	0
NR_024676.1	1438	1	0
NR_024650.1	1468	1	0
NR_024646.1	1466	1	0
NR_026539.1	1423	1	0
NR_026512.1	1408	1	0
NR_026506.1	1526	1	0
NR_026466.1	1393	4	0
NR_026429.1	1438	1	0
NR_026308.1	1412	1	0
NR_026265.1	1420	1	0
NR_026264.1	1450	1	0
NR_026262.1	1450	1	0
NR_026199.1	1475	1	0
NR_026154.1	1494	1	0
NR_026092.1	1396	1	0
NR_026087.1	1456	2	0
NR_026086.1	1462	1	0
NR_026082.1	1463	1	0
NR_026080.1	1462	1	0
NR_026054.1	1516	1	0
NR_026019.1	1411	1	0
NR_026011.1	1491	2	0
NR_026008.1	1406	1	0
NR_026006.1	1409	1	0
NR_026001.1	1409	3	0
NR_026000.1	1413	1	0
NR_025990.1	1478	1	0
NR_025982.1	1472	1	0
NR_025906.1	1461	1	0
NR_025891.1	1487	1	0
NR_025885.1	1394	1	0
NR_025872.1	1470	1	0
NR_025854.1	1413	1	0
NR_025808.1	1476	1	0
NR_025800.1	1496	2	0
NR_025784.1	1446	1	0
NR_025778.1	1458	1	0
NR_025777.1	1380	2	0
NR_025764.1	1482	1	0
NR_025737.1	1433	1	0
NR_025730.1	1403	1	0
NR_025706.1	1515	1	0
NR_025652.1	1469	1	0
NR_036864.2	1552	1	0
NR_029213.2	1483	1	0
NR_042178.1	1411	2	0
NR_042108.1	1438	2	0
NR_041990.1	1464	3	0
NR_041848.1	1525	1	0
NR_041726.1	1491	1	0
NR_041640.1	1540	11	0
NR_041633.1	1439	1	0
NR_041620.1	1480	1	0
NR_041602.1	1487	6	0
NR_041565.1	1482	1	0
NR_041484.1	1492	4	0
NR_041254.1	1528	3	0
NR_037076.1	1452	2	0
NR_036891.1	1501	6	0
NR_036762.1	1439	3	0
NR_029269.1	1521	1	0
NR_029225.1	1528	1	0
NR_029200.1	1401	2	0
NR_028979.1	1470	19	0
NR_028923.1	1415	5	0
NR_028892.1	1470	1	0
NR_028890.1	1480	2	0
NR_028743.1	1561	1	0
NR_028682.1	1538	1	0
NR_028600.1	1474	1	0
NR_027613.1	1485	1	0
NR_027583.1	1469	6	0
NR_027553.1	1294	1	0
NR_027547.1	1549	7	0
NR_027529.1	1446	3	0
NR_027522.1	1507	1	0
NR_025438.1	1495	1	0
NR_025348.1	1527	1	0
NR_025117.1	1426	4	0
NR_024795.1	1484	2	0
NR_024777.1	1506	1	0
NR_024727.1	1472	4	0
NR_026517.1	1460	2	0
NR_026411.1	1511	1	0
NR_026266.1	1492	4	0
NR_026176.1	1486	10	0
NR_026107.1	1479	1	0
NR_026066.1	1421	1	0
NR_025855.1	1390	1	0
NR_025835.1	1318	1	0
NR_025670.1	1483	3	0
NR_025646.1	1375	7	0
NR_118590.1	1402	1	0
