NG_088360.1	859	5	0
NG_088356.1	958	1	0
NG_088355.1	941	1	0
NG_088326.1	849	1	0
NG_088315.1	1344	1	0
NG_088311.1	1350	3	0
NG_088310.1	1360	1	0
NG_088309.1	1348	3	0
NG_088282.1	868	1	0
NG_088281.1	912	3	0
NG_088257.1	1355	1	0
NG_088229.1	1390	1	0
NG_088215.1	1384	1	0
NG_088211.1	867	1	0
NG_088194.1	888	1	0
NG_088179.1	1344	1	0
NG_088159.1	1393	1	0
NG_088124.1	847	1	0
NG_088122.1	1310	23	0
NG_088110.1	868	4	0
NG_088109.1	1340	1	0
NG_088079.1	888	1	0
NG_088069.1	867	4	0
NG_088066.1	1395	5	0
NG_088061.1	1344	1	0
NG_088060.1	1334	1	0
NG_088045.1	824	1	0
NG_088029.1	1269	1	0
NG_067788.1	1303	2	0
NG_058141.1	1380	1	0
NG_058015.1	1303	2	0
NG_081479.1	1303	2	0
NG_081453.1	882	2	0
NG_081447.1	871	1	0
NG_081283.1	950	2	0
NG_081277.1	836	1	0
NG_060270.1	889	1	0
NG_079674.1	1383	1	0
NG_079668.1	909	1	0
NG_079631.1	1137	1	0
NG_079565.1	835	1	0
NG_078678.1	946	3	0
NG_078656.1	898	1	0
NG_078651.1	877	1	0
NG_078634.1	880	1	0
NG_058814.1	676	2	0
NG_077393.1	906	3	0
NG_077391.1	903	9	0
NG_077390.1	906	2	0
NG_066352.1	3183	1	0
NG_055354.1	3283	2	0
NG_055182.1	542	1	0
NG_067902.1	814	1	0
NG_058631.1	1350	1	0
NG_058139.1	1375	1	0
NG_075373.1	873	1	0
NG_075353.1	828	1	0
NG_075329.1	1396	1	0
NG_075320.1	1389	2	0
NG_075300.1	3106	2	0
NG_075283.1	1395	1	0
NG_075256.1	542	3	0
NG_075253.1	542	3	0
NG_075241.1	937	8	0
NG_075238.1	979	1	0
NG_075222.1	892	1	0
NG_075214.1	1340	1	0
NG_075192.1	1029	1	0
NG_075185.1	1350	2	0
NG_075161.1	3224	3	0
NG_027566.1	3087	9	0
NG_074507.1	896	1	0
NG_074504.1	1280	1	0
NG_074474.1	910	1	0
NG_074469.1	915	2	0
NG_074467.1	979	1	0
NG_074422.1	852	2	0
NG_063997.1	946	1	0
NG_057852.1	3295	8	0
NG_073818.1	1292	1	0
NG_073761.1	1291	1	0
NG_073760.1	676	1	0
NG_073651.1	845	1	0
NG_073630.1	894	1	0
NG_073613.1	879	1	0
NG_073610.1	905	1	0
NG_073575.1	607	1	0
NG_059993.1	1354	1	0
NG_073626.1	888	1	0
NG_064432.1	1259	1	0
NG_060125.1	1375	1	0
NG_071251.1	915	1	0
NG_071233.1	672	1	0
NG_070522.1	1435	2	0
NG_059812.1	1305	1	0
NG_042560.1	1428	1	0
NG_042556.1	1430	2	0
NG_042555.1	1382	1	0
NG_042554.1	1401	1	0
NG_070845.1	1319	1	0
NG_070836.1	988	2	0
NG_070832.1	1298	1	0
NG_070809.1	1046	1	0
NG_070815.1	872	16	0
NG_070502.1	1319	6	0
NG_070485.1	755	1	0
NG_070484.1	757	1	0
NG_060647.1	1379	1	0
NG_070448.1	880	2	0
NG_070391.1	1436	1	0
NG_070386.1	1323	1	0
NG_070373.1	907	1	0
NG_070392.1	1436	1	0
NG_070029.1	843	3	0
NG_070015.1	904	1	0
NG_069985.1	907	1	0
NG_069869.1	837	2	0
NG_069841.1	910	1	0
NG_069828.1	897	1	0
NG_069814.1	931	1	0
NG_069783.1	1327	1	0
NG_069757.1	897	1	0
NG_069706.1	907	1	0
NG_069428.1	917	1	0
NG_069419.1	942	1	0
NG_069189.1	863	1	0
NG_069151.1	2040	3	0
NG_069150.1	2035	6	0
NG_069149.1	2029	9	0
NG_069076.1	1248	1	0
NG_069070.1	1281	1	0
NG_069005.1	1409	1	0
NG_069004.1	3250	1	0
NG_069003.1	3257	1	0
NG_069001.1	1348	4	0
NG_068979.1	1406	1	0
NG_069568.1	1300	2	0
NG_068904.1	1366	1	0
NG_068902.1	1027	1	0
NG_068881.1	1378	1	0
NG_068856.1	901	4	0
NG_068854.1	616	1	0
NG_068850.1	1312	15	0
NG_068821.1	1312	1	0
NG_068812.1	1401	5	0
NG_068806.1	1381	1	0
NG_068783.1	939	2	0
NG_068764.1	1343	1	0
NG_068763.1	1362	4	0
NG_068747.1	2044	2	0
NG_068737.1	1397	1	0
NG_068729.1	539	1	0
NG_068655.1	1392	1	0
NG_068631.1	1193	1	0
NG_068607.1	870	2	0
NG_068597.1	542	1	0
NG_068595.1	543	1	0
NG_068589.1	544	1	0
NG_068513.1	1328	1	0
NG_059044.1	897	2	0
NG_055136.1	3235	1	0
NG_059967.1	2045	1	0
NG_057016.1	2028	6	0
NG_068309.1	848	8	0
NG_068292.1	880	1	0
NG_068289.1	1417	1	0
NG_068252.1	2422	2	0
NG_067905.1	926	1	0
NG_067873.1	1139	4	0
NG_067847.1	542	1	0
NG_067816.1	1369	2	0
NG_067832.1	607	1	0
NG_067772.1	3257	2	0
NG_067561.1	1401	1	0
NG_058739.1	5088	1	0
NG_067371.1	1017	1	0
NG_067299.1	838	1	0
NG_067269.1	1088	1	0
NG_067264.1	1318	1	0
NG_066463.1	1995	8	0
NG_066418.1	1389	3	0
NG_066417.1	876	1	0
NG_066402.1	965	6	0
NG_066383.1	638	1	0
NG_066378.1	1315	1	0
NG_066355.1	3249	1	0
NG_066353.1	3102	1	0
NG_066351.1	3592	1	0
NG_066349.1	3228	1	0
NG_066348.1	5042	1	0
NG_066253.1	906	1	0
NG_066247.1	943	3	0
NG_066170.1	842	2	0
NG_066154.1	3243	7	0
NG_064587.1	863	1	0
NG_064544.1	885	1	0
NG_064505.1	916	21	0
NG_064421.1	1239	31	0
NG_064412.1	1344	1	0
NG_064398.1	881	4	0
NG_064389.1	950	5	0
NG_064317.1	1515	1	0
NG_064265.1	914	1	0
NG_064244.1	873	8	0
NG_064116.1	907	1	0
NG_063955.1	1265	1	0
NG_063948.1	1545	3	0
NG_055406.1	515	2	0
NG_055394.1	3280	4	0
NG_055393.1	3076	2	0
NG_055391.1	3243	3	0
NG_055365.1	3272	1	0
NG_055363.1	3282	1	0
NG_055362.1	3284	3	0
NG_055361.1	3290	4	0
NG_055360.1	3275	5	0
NG_055358.1	3270	1	0
NG_055357.1	3238	1	0
NG_055353.1	4349	1	0
NG_055352.1	3285	3	0
NG_055349.1	4788	2	0
NG_055347.1	3269	2	0
NG_055346.1	3282	1	0
NG_055345.1	3282	2	0
NG_055343.1	4469	1	0
NG_055342.1	3584	4	0
NG_055340.1	3718	2	0
NG_055339.1	3244	3	0
NG_055338.1	3260	1	0
NG_055337.1	3664	2	0
NG_055336.1	3678	2	0
NG_055335.1	3265	1	0
NG_055334.1	3253	2	0
NG_055333.1	3659	3	0
NG_055332.1	4949	1	0
NG_055331.1	3244	2	0
NG_055329.1	3257	2	0
NG_055328.1	3242	5	0
NG_055324.1	3258	1	0
NG_055322.1	3207	2	0
NG_055321.1	3258	2	0
NG_055320.1	3198	1	0
NG_055319.1	3205	1	0
NG_055214.1	3242	2	0
NG_055213.1	3241	1	0
NG_055200.1	3260	3	0
NG_055199.1	3257	4	0
NG_055196.1	3231	1	0
NG_055194.1	3225	3	0
NG_055193.1	3277	1	0
NG_055192.1	3278	1	0
NG_055190.1	3270	1	0
NG_055189.1	4208	2	0
NG_055188.1	3269	3	0
NG_055187.1	3262	2	0
NG_055185.1	3292	2	0
NG_055184.1	4689	1	0
NG_055181.1	3663	2	0
NG_055168.1	2138	1	0
NG_055160.1	3278	1	0
NG_055159.1	3273	1	0
NG_055158.1	3282	1	0
NG_055153.1	3180	3	0
NG_055152.1	3235	2	0
NG_055150.1	3233	1	0
NG_055148.1	3210	1	0
NG_055147.1	3187	1	0
NG_055141.1	3211	2	0
NG_055140.1	3227	2	0
NG_055138.1	3237	1	0
NG_055137.1	3230	1	0
NG_055134.1	3232	2	0
NG_055130.1	3258	2	0
NG_055129.1	3263	1	0
NG_055128.1	3209	2	0
NG_055127.1	3214	1	0
NG_055121.1	3218	1	0
NG_055120.1	3219	1	0
NG_055119.1	3220	1	0
NG_055117.1	3208	1	0
NG_055115.1	3233	1	0
NG_055111.1	3199	1	0
NG_055108.1	3166	3	0
NG_055105.1	3199	2	0
NG_055103.1	3169	1	0
NG_055101.1	3159	1	0
NG_055100.1	3162	1	0
NG_055099.1	3160	1	0
NG_055098.1	3098	2	0
NG_055097.1	3158	12	0
NG_055036.1	3309	5	0
NG_055029.1	3277	1	0
NG_054831.1	3230	1	0
NG_054830.1	3198	3	0
NG_054819.1	3183	1	0
NG_054805.1	3284	1	0
NG_054804.1	3284	1	0
NG_042747.1	1737	1	0
NG_042695.1	1789	12	0
NG_042694.1	1788	27	0
NG_042693.1	1795	16	0
NG_042692.1	1781	16	0
NG_042679.1	900	1	0
NG_042660.1	965	1	0
NG_042649.1	3385	8	0
NG_042648.1	3094	6	0
NG_042642.1	3219	1	0
NG_042640.1	3261	2	0
NG_042639.1	3266	2	0
NG_042638.1	3255	1	0
NG_042637.1	3256	1	0
NG_042635.1	3259	1	0
NG_042631.1	3199	1	0
NG_042630.1	3271	4	0
NG_042629.1	3279	1	0
NG_042626.1	3266	3	0
NG_042623.1	3284	1	0
NG_042622.1	3312	2	0
NG_042621.1	3298	1	0
NG_042545.1	916	1	0
NG_042543.1	1398	1	0
NG_042528.1	3268	1	0
NG_042527.1	2990	1	0
NG_042524.1	3678	1	0
NG_042523.1	1395	12	0
NG_042521.1	1769	2	0
NG_042464.1	1371	6	0
NG_042448.1	872	1	0
NG_042446.1	3238	2	0
NG_042445.1	3211	1	0
NG_042442.1	1400	1	0
NG_042439.1	3260	3	0
NG_042437.1	3261	2	0
NG_042436.1	3619	3	0
NG_042435.1	3255	2	0
NG_042433.1	3807	2	0
NG_042432.1	3271	2	0
NG_042429.1	3701	1	0
NG_042428.1	3250	1	0
NG_042424.1	3235	1	0
NG_042415.1	3162	17	0
NG_042414.1	3334	8	0
NG_042360.1	627	1	0
NG_027648.1	3459	11	0
NG_027646.1	2771	3	0
NG_027645.1	3237	5	0
NG_027618.1	3799	18	0
NG_027616.1	3270	7	0
NG_027613.1	3188	6	0
NG_027567.1	3255	21	0
NG_027564.1	3237	5	0
NG_027561.1	3189	32	0
NG_027560.1	4318	15	0
NG_060249.1	3172	8	0
NG_060069.1	3174	2	0
NG_060067.1	984	2	0
NG_059912.1	958	3	0
NG_059518.1	3062	18	0
NG_059517.1	3072	11	0
NG_060630.1	1399	2	0
NG_027623.1	3134	4	0
NG_060251.1	2970	3	0
NG_060250.1	3180	4	0
NG_060795.1	1381	1	0
NG_060793.1	1187	1	0
NG_060787.1	1957	1	0
NG_060708.1	985	1	0
NG_060687.1	1353	1	0
NG_060684.1	1459	1	0
NG_060656.1	959	2	0
NG_060655.1	961	8	0
NG_060652.1	1114	2	0
NG_060642.1	1319	1	0
NG_060635.1	1354	2	0
NG_060186.1	587	4	0
NG_060333.1	1813	2	0
NG_059226.1	665	1	0
NG_060420.1	2073	1	0
NG_060407.1	1143	1	0
NG_060405.1	1451	3	0
NG_060402.1	1045	1	0
NG_060400.1	2969	9	0
NG_060380.1	3253	5	0
NG_060379.1	3075	1	0
NG_060362.1	704	1	0
NG_060354.1	682	1	0
NG_060332.1	927	1	0
NG_060327.1	935	1	0
NG_060187.1	885	1	0
NG_060182.1	991	14	0
NG_060181.1	990	6	0
NG_060180.1	990	8	0
NG_060170.1	1030	1	0
NG_060147.1	875	2	0
NG_060124.1	850	1	0
NG_060101.1	1387	1	0
NG_060085.1	903	1	0
NG_060076.1	762	2	0
NG_060075.1	3083	1	0
NG_060074.1	3061	2	0
NG_060072.1	886	7	0
NG_060014.1	1318	1	0
NG_060013.1	1204	2	0
NG_060010.1	1322	1	0
NG_060009.1	1322	1	0
NG_059971.1	870	1	0
NG_059915.1	3254	1	0
NG_055326.1	3221	3	0
NG_059866.1	991	1	0
NG_059854.1	842	1	0
NG_059712.1	825	1	0
NG_059700.1	849	2	0
NG_059633.1	810	1	0
NG_059571.1	1322	1	0
NG_059515.1	1070	1	0
NG_059499.1	1405	1	0
NG_059434.1	1398	2	0
NG_055327.1	3211	2	0
NG_059207.1	1373	1	0
NG_059200.1	1320	1	0
NG_059194.1	1306	1	0
NG_059106.1	1150	1	0
NG_059093.1	917	1	0
NG_059076.1	3295	12	0
NG_059026.1	985	1	0
NG_058959.1	568	1	0
NG_058951.1	1314	2	0
NG_058908.1	2165	1	0
NG_058857.1	1057	1	0
NG_058855.1	516	1	0
NG_058813.1	715	1	0
NG_058782.1	3290	10	0
NG_058748.1	3257	1	0
NG_058747.1	3273	3	0
NG_058746.1	1459	1	0
NG_058743.1	993	11	0
NG_058677.1	1329	1	0
NG_058675.1	1306	1	0
NG_058672.1	1693	1	0
NG_058660.1	633	1	0
NG_058656.1	1182	1	0
NG_058643.1	1086	2	0
NG_058628.1	3336	9	0
NG_058623.1	1412	1	0
NG_058597.1	1342	20	0
NG_058585.1	882	1	0
NG_058582.1	731	6	0
NG_058581.1	1338	1	0
NG_058579.1	1341	1	0
NG_058561.1	698	1	0
NG_058466.1	1842	2	0
NG_058409.1	849	1	0
NG_058324.1	923	2	0
NG_058287.1	930	1	0
NG_058262.1	1940	7	0
NG_058198.1	1205	2	0
NG_058126.1	851	1	0
NG_058038.1	1830	1	0
NG_058037.1	1067	1	0
NG_057971.1	1434	1	0
NG_057912.1	691	1	0
NG_057911.1	819	1	0
NG_057910.1	954	6	0
NG_057892.1	883	5	0
NG_057855.1	3279	15	0
NG_057854.1	4009	10	0
NG_057848.1	3299	6	0
NG_057807.1	1389	1	0
NG_057800.1	1330	1	0
NG_057796.1	1367	2	0
NG_057783.1	935	5	0
NG_057777.1	3283	11	0
NG_057774.1	3286	8	0
NG_057772.1	3296	9	0
NG_057771.1	1720	1	0
NG_057758.1	1426	1	0
NG_057756.1	1259	1	0
NG_057732.1	1432	2	0
NG_057723.1	593	2	0
NG_057720.1	801	1	0
NG_057716.1	615	1	0
NG_057273.1	1429	1	0
NG_057270.1	1434	2	0
NG_057234.1	1389	1	0
NG_057210.1	1421	5	0
NG_057199.1	1425	1	0
NG_057178.1	3253	2	0
NG_057175.1	3254	1	0
NG_057169.1	3256	1	0
NG_057166.1	3259	1	0
NG_057165.1	3261	1	0
NG_057160.1	3267	1	0
NG_057159.1	3267	1	0
NG_057067.1	1349	1	0
NG_057062.1	1454	1	0
NG_057061.1	1442	5	0
NG_056988.1	622	1	0
NG_056976.1	906	1	0
NG_056969.1	1348	1	0
NG_056968.1	3289	16	0
NG_056963.1	1350	1	0
NG_056281.1	1071	3	0
NG_056278.1	3263	4	0
NG_042761.1	1797	1	0
NG_042733.1	936	1	0
