NG_087913.1	955	1	0
NG_087911.1	1007	1	0
NG_087910.1	1026	1	0
NG_087907.1	1001	15	0
NG_087906.1	1013	1	0
NG_087903.1	1031	1	0
NG_087900.1	1679	3	0
NG_087899.1	1670	1	0
NG_087898.1	1686	2	0
NG_087896.1	1687	1	0
NG_087895.1	1693	2	0
NG_087894.1	2070	1	0
NG_087893.1	1030	1	0
NG_087886.1	1071	1	0
NG_087883.1	1255	1	0
NG_087878.1	1032	1	0
NG_087873.1	998	8	0
NG_087872.1	1620	1	0
NG_087871.1	1009	1	0
NG_087863.1	1097	1	0
NG_087862.1	1066	1	0
NG_087861.1	1077	2	0
NG_087858.1	1627	4	0
NG_087857.1	1728	1	0
NG_064877.1	1700	7	0
NG_063682.1	1033	1	0
NG_062606.1	1685	3	0
NG_065128.1	1454	1	0
NG_063068.1	1662	2	0
NG_063049.1	1651	1	0
NG_062998.1	1712	2	0
NG_062997.1	1699	1	0
NG_062994.1	1686	1	0
NG_062993.1	1686	1	0
NG_062988.1	1463	1	0
NG_062985.1	1463	3	0
NG_061019.1	1738	6	0
NG_081434.1	1696	1	0
NG_081431.1	1136	1	0
NG_081424.1	1013	29	0
NG_081423.1	749	1	0
NG_081422.1	986	2	0
NG_081421.1	1102	1	0
NG_081419.1	1029	1	0
NG_081411.1	1071	8	0
NG_081409.1	1134	1	0
NG_081408.1	1480	1	0
NG_081404.1	1048	2	0
NG_081397.1	1325	2	0
NG_081392.1	1003	1	0
NG_081389.1	783	1	0
NG_081382.1	1404	1	0
NG_081379.1	1056	1	0
NG_081378.1	1491	2	0
NG_081377.1	1653	1	0
NG_081375.1	1723	1	0
NG_081374.1	1776	3	0
NG_081372.1	1601	3	0
NG_081370.1	1010	1	0
NG_081366.1	1736	2	0
NG_081364.1	1737	4	0
NG_081359.1	1020	1	0
NG_081358.1	1021	1	0
NG_064993.1	1712	21	0
NG_070909.1	1026	1	0
NG_070904.1	1313	1	0
NG_067667.1	1106	1	0
NG_064894.1	1710	1	0
NG_078766.1	1021	1	0
NG_078764.1	1018	2	0
NG_078763.1	1006	1	0
NG_078759.1	1015	1	0
NG_078756.1	1595	3	0
NG_078755.1	1607	2	0
NG_078750.1	1648	2	0
NG_078748.1	968	1	0
NG_078741.1	1765	2	0
NG_078739.1	1078	1	0
NG_078734.1	1008	1	0
NG_078731.1	1026	2	0
NG_078728.1	1733	1	0
NG_078727.1	1690	1	0
NG_078725.1	1780	2	0
NG_078724.1	1782	1	0
NG_078723.1	1782	5	0
NG_077396.1	1775	3	0
NG_065100.1	1017	3	0
NG_064964.1	1091	1	0
NG_064823.1	1723	1	0
NG_064822.1	1723	1	0
NG_062621.1	1757	3	0
NG_077434.1	1028	1	0
NG_077433.1	1262	3	0
NG_077429.1	1013	1	0
NG_077427.1	1038	1	0
NG_077426.1	1029	1	0
NG_077423.1	1023	1	0
NG_077419.1	1049	1	0
NG_077412.1	1049	1	0
NG_077404.1	1718	2	0
NG_077400.1	1577	4	0
NG_077399.1	1072	2	0
NG_077397.1	2045	4	0
NG_063443.1	1763	2	0
NG_065501.1	1787	25	0
NG_063416.1	1782	1	0
NG_061244.1	1005	8	0
NG_076806.1	1104	1	0
NG_076794.1	1012	1	0
NG_076792.1	1013	1	0
NG_076779.1	1011	9	0
NG_076763.1	1010	1	0
NG_076755.1	1014	1	0
NG_076754.1	990	1	0
NG_076753.1	791	1	0
NG_070165.1	999	1	0
NG_070126.1	951	1	0
NG_065542.1	1724	7	0
NG_065129.1	1454	1	0
NG_064809.1	1757	1	0
NG_064798.1	1736	1	0
NG_063414.1	1781	2	0
NG_062990.1	1463	1	0
NG_062713.1	1696	1	0
NG_062663.1	2451	6	0
NG_062372.1	1729	2	0
NG_061215.1	1068	2	0
NG_061072.1	1598	1	0
NG_017171.1	1771	24	0
NG_065540.1	1037	1	0
NG_064936.1	2057	1	0
NG_062646.1	1077	1	0
NG_074970.1	1014	1	0
NG_074969.1	1052	1	0
NG_074967.1	985	1	0
NG_074963.1	1017	1	0
NG_074960.1	2390	6	0
NG_074959.1	2668	2	0
NG_074958.1	2084	7	0
NG_074956.1	970	1	0
NG_074954.1	1678	19	0
NG_074944.1	1012	1	0
NG_074941.1	1013	1	0
NG_074939.1	1699	1	0
NG_074936.1	1013	1	0
NG_074928.1	1013	1	0
NG_074926.1	1392	14	0
NG_074921.1	1359	15	0
NG_074919.1	1012	1	0
NG_074917.1	1333	1	0
NG_074914.1	1670	2	0
NG_074913.1	1669	1	0
NG_074908.1	1046	7	0
NG_074905.1	1607	1	0
NG_074903.1	885	2	0
NG_074901.1	1020	1	0
NG_074887.1	838	1	0
NG_074879.1	1683	1	0
NG_074878.1	1774	1	0
NG_070879.1	1266	2	0
NG_065105.1	1770	1	0
NG_064992.1	1183	44	0
NG_062185.1	1123	1	0
NG_073538.1	914	2	0
NG_073570.1	1088	1	0
NG_073569.1	1084	1	0
NG_073568.1	1083	2	0
NG_073566.1	1729	1	0
NG_073565.1	1673	1	0
NG_073561.1	1179	5	0
NG_073560.1	854	2	0
NG_073556.1	997	1	0
NG_073544.1	994	3	0
NG_073541.1	753	1	0
NG_073539.1	946	20	0
NG_073537.1	1024	1	0
NG_073534.1	1043	1	0
NG_073533.1	1043	2	0
NG_073532.1	1043	3	0
NG_073531.1	1043	2	0
NG_073528.1	1327	1	0
NG_073527.1	1670	1	0
NG_073522.1	1135	1	0
NG_073521.1	1654	2	0
NG_073520.1	1657	1	0
NG_073518.1	1053	1	0
NG_073516.1	923	1	0
NG_073512.1	977	1	0
NG_073511.1	987	1	0
NG_073508.1	1402	1	0
NG_073503.1	1686	1	0
NG_073502.1	1680	1	0
NG_073498.1	1737	2	0
NG_073493.1	1771	8	0
NG_062166.1	1714	5	0
NG_070917.1	923	1	0
NG_070915.1	923	2	0
NG_070910.1	1672	1	0
NG_070903.1	1281	1	0
NG_070902.1	1642	2	0
NG_070901.1	1730	21	0
NG_070689.1	1012	2	0
NG_070276.1	996	3	0
NG_070273.1	995	3	0
NG_070271.1	998	1	0
NG_070270.1	996	8	0
NG_070269.1	996	5	0
NG_070268.1	998	6	0
NG_070267.1	998	3	0
NG_070265.1	996	2	0
NG_070263.1	997	2	0
NG_070262.1	997	1	0
NG_070261.1	997	1	0
NG_070259.1	995	2	0
NG_070257.1	996	4	0
NG_070255.1	996	10	0
NG_070254.1	996	5	0
NG_070250.1	995	2	0
NG_070247.1	996	6	0
NG_070246.1	996	1	0
NG_070880.1	1399	1	0
NG_070878.1	1761	16	0
NG_070877.1	1964	7	0
NG_070875.1	1792	4	0
NG_070874.1	1766	1	0
NG_070870.1	1371	1	0
NG_070868.1	1801	11	0
NG_070867.1	1810	6	0
NG_070866.1	2272	4	0
NG_070865.1	1810	4	0
NG_070857.1	1119	3	0
NG_070856.1	1708	3	0
NG_070855.1	1782	1	0
NG_070854.1	1786	4	0
NG_070853.1	2071	11	0
NG_070850.1	1849	11	0
NG_070849.1	1741	2	0
NG_070847.1	1780	3	0
NG_070863.1	1771	28	0
NG_070808.1	1738	4	0
NG_070807.1	1686	2	0
NG_070806.1	1771	1	0
NG_070805.1	1771	1	0
NG_070804.1	1788	1	0
NG_070803.1	1787	1	0
NG_070802.1	1783	1	0
NG_070801.1	1776	9	0
NG_070800.1	1756	8	0
NG_070798.1	1357	3	0
NG_070797.1	1774	1	0
NG_070795.1	1696	9	0
NG_070794.1	1241	6	0
NG_070793.1	1696	1	0
NG_070792.1	1718	2	0
NG_070791.1	1787	1	0
NG_070790.1	1802	32	0
NG_070787.1	1788	4	0
NG_070697.1	1839	61	0
NG_070696.1	1034	2	0
NG_070695.1	1592	21	0
NG_070694.1	1667	18	0
NG_070693.1	1698	16	0
NG_070692.1	1170	6	0
NG_070691.1	1731	44	0
NG_070690.1	1757	18	0
NG_070687.1	1770	9	0
NG_070685.1	1760	9	0
NG_070673.1	847	2	0
NG_070667.1	870	1	0
NG_070665.1	881	3	0
NG_070662.1	945	1	0
NG_070657.1	910	1	0
NG_070647.1	808	1	0
NG_070642.1	997	1	0
NG_070640.1	1052	3	0
NG_070638.1	1772	1	0
NG_070635.1	1741	1	0
NG_070634.1	1701	1	0
NG_062677.1	1683	19	0
NG_070349.1	964	1	0
NG_070348.1	1342	1	0
NG_070343.1	1076	2	0
NG_070341.1	998	3	0
NG_070340.1	1024	1	0
NG_070338.1	1040	1	0
NG_070333.1	1005	1	0
NG_070332.1	1040	2	0
NG_070325.1	1029	1	0
NG_070322.1	1647	1	0
NG_070318.1	1835	1	0
NG_070315.1	1032	5	0
NG_070313.1	1060	3	0
NG_070312.1	1042	2	0
NG_070310.1	1640	8	0
NG_070309.1	1791	3	0
NG_070308.1	1640	7	0
NG_070307.1	1637	11	0
NG_070306.1	1641	1	0
NG_070305.1	1640	33	0
NG_070304.1	1640	6	0
NG_070303.1	1641	4	0
NG_070302.1	1640	5	0
NG_070300.1	1005	1	0
NG_070298.1	1024	1	0
NG_070294.1	1721	7	0
NG_070293.1	995	1	0
NG_070291.1	1670	2	0
NG_070289.1	1106	1	0
NG_070287.1	1713	14	0
NG_070285.1	1673	1	0
NG_070283.1	1664	7	0
NG_070282.1	1719	9	0
NG_070281.1	1809	9	0
NG_070280.1	1573	2	0
NG_070278.1	996	2	0
NG_070277.1	996	2	0
NG_070275.1	995	1	0
NG_070272.1	996	2	0
NG_070266.1	995	3	0
NG_070258.1	996	2	0
NG_070256.1	996	4	0
NG_070253.1	997	7	0
NG_070252.1	996	5	0
NG_070251.1	996	2	0
NG_070249.1	996	3	0
NG_070248.1	996	2	0
NG_070245.1	996	2	0
NG_070244.1	997	4	0
NG_070243.1	996	6	0
NG_070241.1	993	3	0
NG_070240.1	996	6	0
NG_070238.1	1058	9	0
NG_070233.1	1782	2	0
NG_070231.1	1762	1	0
NG_064913.1	1922	3	0
NG_062819.1	1731	8	0
NG_070172.1	996	2	0
NG_070170.1	1009	1	0
NG_070163.1	992	3	0
NG_070162.1	1015	2	0
NG_070160.1	1055	7	0
NG_070159.1	1015	5	0
NG_070157.1	1054	1	0
NG_070153.1	1029	1	0
NG_070150.1	1000	2	0
NG_070146.1	982	2	0
NG_070144.1	982	1	0
NG_070139.1	1087	1	0
NG_070138.1	1013	2	0
NG_070135.1	933	1	0
NG_070134.1	1034	1	0
NG_070133.1	1031	2	0
NG_070132.1	741	1	0
NG_070130.1	1126	1	0
NG_070129.1	1133	1	0
NG_070127.1	992	1	0
NG_070121.1	1025	2	0
NG_070120.1	1014	1	0
NG_070117.1	1663	103	0
NG_070110.1	1650	1	0
NG_070101.1	1615	18	0
NG_063648.1	971	2	0
NG_063549.1	1008	1	0
NG_062040.1	1670	1	0
NG_068419.1	1046	11	0
NG_068417.1	1040	2	0
NG_068402.1	1137	1	0
NG_068400.1	967	3	0
NG_068399.1	1050	1	0
NG_068382.1	1011	1	0
NG_068381.1	1014	2	0
NG_068380.1	1013	1	0
NG_068379.1	1008	1	0
NG_068378.1	1009	1	0
NG_068373.1	1023	1	0
NG_068370.1	1028	4	0
NG_068368.1	1358	1	0
NG_068367.1	1028	1	0
NG_068360.1	1739	9	0
NG_068421.1	1106	1	0
NG_068415.1	1016	5	0
NG_068414.1	1690	14	0
NG_068411.1	1044	1	0
NG_068410.1	1062	1	0
NG_068390.1	1010	2	0
NG_068388.1	1010	1	0
NG_068386.1	992	1	0
NG_068385.1	950	1	0
NG_068366.1	1072	2	0
NG_065591.1	1728	2	0
NG_063248.1	1737	1	0
NG_062857.1	1663	8	0
NG_062642.1	1710	1	0
NG_067722.1	1044	1	0
NG_067720.1	1042	1	0
NG_067717.1	1548	1	0
NG_067714.1	950	1	0
NG_067712.1	1026	1	0
NG_067710.1	646	1	0
NG_067705.1	1774	3	0
NG_067704.1	1773	6	0
NG_067691.1	1014	1	0
NG_067690.1	1616	1	0
NG_067688.1	1643	1	0
NG_067686.1	1031	2	0
NG_067684.1	1229	1	0
NG_067681.1	1027	1	0
NG_067679.1	1034	1	0
NG_067673.1	1744	4	0
NG_067669.1	1107	1	0
NG_067663.1	1667	4	0
NG_067662.1	1076	1	0
NG_067660.1	1061	1	0
NG_067648.1	1691	1	0
NG_067647.1	1691	1	0
NG_067643.1	1020	1	0
NG_067632.1	1020	1	0
NG_067631.1	1597	2	0
NG_067627.1	1710	5	0
NG_067626.1	1148	8	0
NG_067624.1	1722	1	0
NG_067623.1	1771	3	0
NG_063649.1	953	3	0
NG_062614.1	1659	1	0
NG_065481.1	1679	2	0
NG_065480.1	1657	1	0
NG_065477.1	1698	3	0
NG_064883.1	1762	2	0
NG_063445.1	1739	7	0
NG_063429.1	1721	2	0
NG_063428.1	1721	1	0
NG_063427.1	1708	2	0
NG_063415.1	1745	1	0
NG_065804.1	1748	2	0
NG_065803.1	1776	1	0
NG_065798.1	1333	1	0
NG_065792.1	866	1	0
NG_065790.1	1144	1	0
NG_065788.1	1137	1	0
NG_065787.1	1163	1	0
NG_065784.1	1017	1	0
NG_065783.1	1011	2	0
NG_065781.1	1008	1	0
NG_065775.1	1143	1	0
NG_065774.1	1031	1	0
NG_065772.1	1108	10	0
NG_065765.1	1025	1	0
NG_065763.1	1724	1	0
NG_065762.1	2028	2	0
NG_065752.1	851	1	0
NG_065746.1	1074	2	0
NG_065745.1	1073	6	0
NG_065744.1	1073	3	0
NG_065743.1	1023	1	0
NG_065742.1	780	2	0
NG_065737.1	1035	3	0
NG_065730.1	1105	1	0
NG_065722.1	1897	4	0
NG_065721.1	1002	1	0
NG_065720.1	984	1	0
NG_065717.1	744	5	0
NG_065716.1	1100	1	0
NG_065713.1	963	1	0
NG_065708.1	723	1	0
NG_065707.1	1715	3	0
NG_065706.1	1565	2	0
NG_065705.1	1043	5	0
NG_065703.1	1043	1	0
NG_065699.1	1025	1	0
NG_065696.1	1598	1	0
NG_065695.1	1007	2	0
NG_065694.1	1011	1	0
NG_065692.1	2071	2	0
NG_065691.1	1608	2	0
NG_065689.1	989	1	0
NG_065686.1	1739	1	0
NG_065685.1	1930	6	0
NG_065684.1	1891	2	0
NG_065681.1	1559	5	0
NG_065680.1	1001	2	0
NG_065678.1	1008	1	0
NG_065676.1	999	6	0
NG_065673.1	1629	2	0
NG_065670.1	1629	2	0
NG_065667.1	1031	1	0
NG_065666.1	1639	5	0
NG_065661.1	2203	4	0
NG_065659.1	1675	2	0
NG_065657.1	930	1	0
NG_065655.1	1049	1	0
NG_065653.1	1106	1	0
NG_065652.1	1106	4	0
NG_065649.1	1045	1	0
NG_065643.1	2170	1	0
NG_065639.1	1050	1	0
NG_065636.1	1044	4	0
NG_065627.1	742	1	0
NG_065626.1	1575	1	0
NG_065625.1	1589	1	0
NG_065623.1	1118	55	0
NG_065617.1	1584	1	0
NG_065616.1	1615	1	0
NG_065613.1	1578	1	0
NG_065611.1	1574	1	0
NG_065610.1	1574	7	0
NG_065606.1	1491	1	0
NG_065604.1	1774	8	0
NG_065603.1	1551	5	0
NG_065602.1	1700	4	0
NG_065601.1	1755	12	0
NG_065598.1	1356	2	0
NG_065593.1	1032	1	0
NG_065587.1	1752	1	0
NG_065583.1	1772	3	0
NG_065579.1	1325	1	0
NG_065577.1	1728	1	0
NG_065575.1	1589	5	0
NG_065574.1	1602	11	0
NG_065573.1	2009	1	0
NG_065570.1	1021	2	0
NG_065569.1	1021	1	0
NG_065568.1	1021	1	0
NG_065566.1	2245	2	0
NG_065563.1	1734	4	0
NG_065561.1	1022	2	0
NG_065556.1	1031	1	0
NG_065553.1	1028	1	0
NG_065550.1	1654	1	0
NG_065549.1	1711	1	0
NG_065548.1	1538	1	0
NG_065547.1	1538	1	0
NG_065546.1	1719	1	0
NG_065545.1	1709	1	0
NG_065544.1	1709	1	0
NG_065541.1	1090	1	0
NG_065539.1	1030	1	0
NG_065538.1	1770	6	0
NG_065536.1	2306	3	0
NG_065535.1	1757	2	0
NG_065532.1	1722	4	0
NG_065530.1	1705	2	0
NG_065528.1	1699	1	0
NG_065520.1	1656	1	0
NG_065519.1	1656	1	0
NG_065518.1	1661	3	0
NG_065515.1	1661	1	0
NG_065505.1	1498	2	0
NG_065503.1	1756	1	0
NG_065500.1	1766	3	0
NG_065499.1	942	3	0
NG_065496.1	1784	1	0
NG_065495.1	1732	3	0
NG_065493.1	1731	1	0
NG_065490.1	1712	1	0
NG_065486.1	1781	5	0
NG_065485.1	1758	1	0
NG_065484.1	1706	2	0
NG_065483.1	1754	1	0
NG_065482.1	1683	3	0
NG_065479.1	1710	4	0
NG_065478.1	1708	4	0
NG_065476.1	1687	3	0
NG_065475.1	1724	4	0
NG_065472.1	1746	1	0
NG_065469.1	1639	1	0
NG_065466.1	1740	1	0
NG_065464.1	1750	2	0
NG_065463.1	1596	4	0
NG_013120.1	1647	1	0
NG_063460.1	1781	17	0
NG_065158.1	1775	1	0
NG_065157.1	1804	3	0
NG_065156.1	1806	2	0
NG_065155.1	1801	1	0
NG_065153.1	1756	4	0
NG_065151.1	1033	1	0
NG_065147.1	1032	2	0
NG_065138.1	1032	1	0
NG_065135.1	1050	1	0
NG_065133.1	920	2	0
NG_065132.1	728	1	0
NG_065121.1	1740	2	0
NG_065119.1	1357	1	0
NG_065115.1	1021	1	0
NG_065114.1	983	1	0
NG_065108.1	1871	5	0
NG_065106.1	1602	6	0
NG_065093.1	999	3	0
NG_065088.1	872	7	0
NG_065087.1	1060	1	0
NG_065082.1	907	1	0
NG_065080.1	1708	2	0
NG_065064.1	1700	1	0
NG_065063.1	1700	8	0
NG_065062.1	1544	1	0
NG_065059.1	1083	3	0
NG_065057.1	1652	11	0
NG_065055.1	1021	2	0
NG_065054.1	1116	1	0
NG_065053.1	1179	2	0
NG_065051.1	1179	1	0
NG_065049.1	1179	4	0
NG_065048.1	1179	2	0
NG_065047.1	1179	1	0
NG_065046.1	1534	1	0
NG_065042.1	1614	48	0
NG_065033.1	1028	2	0
NG_065032.1	1026	2	0
NG_065030.1	1026	2	0
NG_065028.1	1026	1	0
NG_065026.1	1026	1	0
NG_065023.1	1026	1	0
NG_065020.1	1718	1	0
NG_065019.1	1708	2	0
NG_065018.1	1029	2	0
NG_065015.1	1024	1	0
NG_065012.1	1667	1	0
NG_065011.1	1070	16	0
NG_065009.1	1017	1	0
NG_065002.1	1133	3	0
NG_065001.1	1148	6	0
NG_065000.1	1585	6	0
NG_064998.1	1052	1	0
NG_064995.1	1702	24	0
NG_064994.1	1706	23	0
NG_064986.1	1036	1	0
NG_064981.1	1025	1	0
NG_064977.1	1735	2	0
NG_064976.1	1776	1	0
NG_064975.1	1121	1	0
NG_064972.1	1628	1	0
NG_064971.1	1628	1	0
NG_064970.1	1628	3	0
NG_064969.1	1667	22	0
NG_064968.1	1663	14	0
NG_064958.1	1724	2	0
NG_064956.1	1766	1	0
NG_064955.1	1134	1	0
NG_064954.1	1717	11	0
NG_064953.1	1718	5	0
NG_064946.1	1055	8	0
NG_064945.1	1119	1	0
NG_064944.1	1076	1	0
NG_064942.1	1773	1	0
NG_064939.1	1779	1	0
NG_064926.1	1736	5	0
NG_064922.1	1134	1	0
NG_064921.1	1714	1	0
NG_064918.1	1076	1	0
NG_064917.1	2226	1	0
NG_064916.1	1682	2	0
NG_064915.1	2035	1	0
NG_064914.1	1704	3	0
NG_064912.1	1762	1	0
NG_064908.1	1724	1	0
NG_064907.1	1767	4	0
NG_064906.1	1786	3	0
NG_064905.1	1624	3	0
NG_064904.1	1700	1	0
NG_064903.1	1707	3	0
NG_064902.1	1196	9	0
NG_064896.1	1735	1	0
NG_064891.1	930	2	0
NG_064889.1	2050	11	0
NG_064887.1	1067	1	0
NG_064886.1	1743	4	0
NG_064880.1	1652	2	0
NG_064878.1	1787	7	0
NG_064871.1	1781	1	0
NG_064864.1	1745	1	0
NG_064863.1	1777	1	0
NG_064862.1	1148	10	0
NG_064859.1	2522	4	0
NG_064858.1	1750	1	0
NG_064855.1	1028	1	0
NG_064853.1	1023	1	0
NG_064841.1	1381	1	0
NG_064840.1	1027	1	0
NG_064839.1	1687	5	0
NG_064838.1	1721	2	0
NG_064835.1	991	1	0
NG_064833.1	991	1	0
NG_064830.1	1769	4	0
NG_064829.1	1771	1	0
NG_064828.1	1775	2	0
NG_064827.1	1772	4	0
NG_064826.1	1772	5	0
NG_064825.1	1798	15	0
NG_064824.1	1757	1	0
NG_064816.1	1730	5	0
NG_064815.1	1727	3	0
NG_064804.1	1733	1	0
NG_064803.1	1733	20	0
NG_064802.1	1777	1	0
NG_064801.1	1777	4	0
NG_064800.1	1447	7	0
NG_064799.1	2107	1	0
NG_064797.1	1750	2	0
NG_064796.1	1748	2	0
NG_064795.1	1752	4	0
NG_064794.1	1753	56	0
NG_063410.1	1743	4	0
NG_062811.1	1771	3	0
NG_063628.1	1397	1	0
NG_063599.1	869	1	0
NG_063698.1	1033	1	0
NG_063696.1	1024	1	0
NG_063695.1	1014	1	0
NG_063693.1	1032	3	0
NG_063690.1	1369	1	0
NG_063687.1	1032	2	0
NG_063683.1	1033	1	0
NG_063677.1	1146	2	0
NG_063672.1	1034	1	0
NG_063670.1	856	1	0
NG_063666.1	1029	2	0
NG_063664.1	530	1	0
NG_063645.1	1029	1	0
NG_063642.1	1022	1	0
NG_063638.1	1028	1	0
NG_063632.1	953	1	0
NG_063631.1	954	1	0
NG_063627.1	690	6	0
NG_063619.1	1021	3	0
NG_063615.1	991	1	0
NG_063605.1	1041	4	0
NG_063592.1	1052	1	0
NG_063588.1	1050	1	0
NG_063586.1	1069	1	0
NG_063573.1	701	1	0
NG_063570.1	980	1	0
NG_063568.1	801	3	0
NG_063565.1	1017	1	0
NG_063560.1	1036	1	0
NG_063558.1	877	5	0
NG_063556.1	1026	6	0
NG_063545.1	1094	2	0
NG_063529.1	1736	1	0
NG_063522.1	1755	1	0
NG_063520.1	1777	9	0
NG_063517.1	1782	2	0
NG_063514.1	1769	1	0
NG_063513.1	1765	1	0
NG_063505.1	1748	5	0
NG_063504.1	1757	1	0
NG_063503.1	1760	1	0
NG_063499.1	1754	1	0
NG_063497.1	1761	1	0
NG_063496.1	1759	1	0
NG_063483.1	1752	1	0
NG_063478.1	1735	1	0
NG_063477.1	1735	1	0
NG_063476.1	1734	1	0
NG_063475.1	1735	1	0
NG_063474.1	1782	1	0
NG_063466.1	1782	1	0
NG_063465.1	1782	8	0
NG_063464.1	1782	1	0
NG_063463.1	1782	4	0
NG_063462.1	1782	2	0
NG_063459.1	1782	2	0
NG_063458.1	1783	1	0
NG_063457.1	1782	2	0
NG_063453.1	1780	1	0
NG_063452.1	1781	1	0
NG_063451.1	2088	1	0
NG_063450.1	1668	1	0
NG_063449.1	1761	2	0
NG_063447.1	1780	1	0
NG_063446.1	1790	1	0
NG_063439.1	1757	1	0
NG_063437.1	1758	7	0
NG_063436.1	1756	4	0
NG_063435.1	1772	1	0
NG_063434.1	1766	2	0
NG_063431.1	1778	1	0
NG_063430.1	1701	1	0
NG_063426.1	1766	1	0
NG_063425.1	1766	1	0
NG_063421.1	1781	1	0
NG_063419.1	1768	1	0
NG_063418.1	1760	1	0
NG_063417.1	1781	1	0
NG_063413.1	1759	1	0
NG_063407.1	1767	1	0
NG_063398.1	1783	1	0
NG_063395.1	1784	1	0
NG_063390.1	1757	6	0
NG_063389.1	1748	4	0
NG_063387.1	1751	3	0
NG_063386.1	1778	11	0
NG_063384.1	1744	1	0
NG_063383.1	1737	2	0
NG_063379.1	1734	1	0
NG_063378.1	1734	1	0
NG_063376.1	1737	1	0
NG_063375.1	1708	1	0
NG_063371.1	1695	3	0
NG_063367.1	1757	10	0
NG_063362.1	1748	1	0
NG_063360.1	1751	1	0
NG_063355.1	1621	5	0
NG_063353.1	1694	4	0
NG_063352.1	1691	4	0
NG_063349.1	1767	3	0
NG_063348.1	1784	6	0
NG_063347.1	1780	10	0
NG_063345.1	1761	2	0
NG_063340.1	1712	1	0
NG_063338.1	1722	1	0
NG_063327.1	1713	1	0
NG_063325.1	1720	1	0
NG_063323.1	1701	2	0
NG_063322.1	1720	2	0
NG_063320.1	1719	3	0
NG_063312.1	1661	1	0
NG_063311.1	1629	2	0
NG_063306.1	1660	1	0
NG_063297.1	1671	2	0
NG_063293.1	1664	1	0
NG_063292.1	1699	2	0
NG_063288.1	1737	2	0
NG_063287.1	1764	1	0
NG_063285.1	1724	1	0
NG_063284.1	1724	2	0
NG_063282.1	1724	1	0
NG_063281.1	1726	4	0
NG_063280.1	1724	2	0
NG_063279.1	1700	4	0
NG_063276.1	1721	1	0
NG_063275.1	1722	2	0
NG_063267.1	1753	2	0
NG_063266.1	1752	1	0
NG_063265.1	1752	1	0
NG_063256.1	1748	1	0
NG_063251.1	1743	1	0
NG_063250.1	1737	1	0
NG_063249.1	1737	1	0
NG_063245.1	1745	2	0
NG_063234.1	1794	2	0
NG_063232.1	1777	1	0
NG_063230.1	1771	2	0
NG_063229.1	1778	2	0
NG_063095.1	1028	1	0
NG_063092.1	1698	4	0
NG_063081.1	1783	6	0
NG_063052.1	1686	2	0
NG_063047.1	2053	1	0
NG_063046.1	2055	1	0
NG_062774.1	1067	11	0
NG_062731.1	1071	2	0
NG_062729.1	1619	1	0
NG_062682.1	1753	3	0
NG_062675.1	1650	4	0
NG_062674.1	1671	4	0
NG_062672.1	1723	53	0
NG_062649.1	1318	1	0
NG_063102.1	1744	1	0
NG_063099.1	1707	10	0
NG_063097.1	1065	1	0
NG_063091.1	1709	4	0
NG_063085.1	1628	2	0
NG_063080.1	1632	1	0
NG_063079.1	1687	6	0
NG_063078.1	1687	4	0
NG_063077.1	1738	5	0
NG_063076.1	1631	1	0
NG_063073.1	1599	1	0
NG_063070.1	1598	1	0
NG_063069.1	1597	2	0
NG_063065.1	1041	1	0
NG_063061.1	1086	2	0
NG_063059.1	1564	1	0
NG_063058.1	1590	4	0
NG_063053.1	1687	1	0
NG_063045.1	1588	3	0
NG_063043.1	1582	1	0
NG_063042.1	1596	1	0
NG_063040.1	2321	1	0
NG_063039.1	1591	4	0
NG_063038.1	1955	4	0
NG_063037.1	1584	1	0
NG_063032.1	1020	1	0
NG_063029.1	1020	3	0
NG_063020.1	1116	1	0
NG_063014.1	1597	1	0
NG_063009.1	987	1	0
NG_063008.1	1026	4	0
NG_063005.1	1027	1	0
NG_063003.1	1679	4	0
NG_063002.1	1542	4	0
NG_063001.1	1533	1	0
NG_063000.1	1570	2	0
NG_062999.1	2039	2	0
NG_062995.1	1714	1	0
NG_062992.1	1463	5	0
NG_062983.1	1598	1	0
NG_062981.1	1598	1	0
NG_062978.1	1646	2	0
NG_062977.1	1656	2	0
NG_062976.1	1659	1	0
NG_062974.1	1656	3	0
NG_062969.1	1656	1	0
NG_062968.1	1657	2	0
NG_062966.1	1656	2	0
NG_062965.1	1655	1	0
NG_062963.1	1656	3	0
NG_062962.1	1656	1	0
NG_062955.1	1653	1	0
NG_062949.1	1655	2	0
NG_062948.1	1654	1	0
NG_062947.1	1655	1	0
NG_062946.1	1653	1	0
NG_062943.1	1655	5	0
NG_062942.1	1656	4	0
NG_062941.1	1656	1	0
NG_062939.1	1656	2	0
NG_062937.1	1657	6	0
NG_062936.1	1656	1	0
NG_062930.1	1538	2	0
NG_062929.1	1021	3	0
NG_062925.1	2725	1	0
NG_062920.1	1020	1	0
NG_062903.1	1020	1	0
NG_062899.1	1020	2	0
NG_062897.1	1020	1	0
NG_062887.1	1020	1	0
NG_062880.1	1020	1	0
NG_062877.1	1020	1	0
NG_062876.1	1020	1	0
NG_062872.1	1020	1	0
NG_062870.1	1020	1	0
NG_062866.1	1640	2	0
NG_062862.1	1637	2	0
NG_062859.1	1019	11	0
NG_062858.1	1141	1	0
NG_062856.1	1681	7	0
NG_062855.1	1643	1	0
NG_062850.1	1068	10	0
NG_062849.1	1068	11	0
NG_062848.1	1020	1	0
NG_062841.1	1019	1	0
NG_062836.1	1040	1	0
NG_062834.1	1006	2	0
NG_062832.1	1012	1	0
NG_062829.1	1062	1	0
NG_062827.1	1097	1	0
NG_062824.1	1256	1	0
NG_062823.1	2063	1	0
NG_062822.1	1636	2	0
NG_062821.1	2124	8	0
NG_062818.1	1766	1	0
NG_062816.1	2007	7	0
NG_062815.1	1770	6	0
NG_062814.1	1767	1	0
NG_062813.1	1747	1	0
NG_062807.1	1768	1	0
NG_062802.1	1622	1	0
NG_062800.1	1771	1	0
NG_062798.1	1698	2	0
NG_062794.1	950	2	0
NG_062788.1	1753	2	0
NG_062787.1	2105	2	0
NG_062785.1	1787	3	0
NG_062783.1	1727	1	0
NG_062780.1	1592	2	0
NG_062777.1	1682	5	0
NG_062776.1	1682	3	0
NG_062771.1	1600	1	0
NG_062770.1	1598	2	0
NG_062769.1	1599	1	0
NG_062767.1	1590	7	0
NG_062766.1	1590	3	0
NG_062755.1	1021	1	0
NG_062754.1	1022	2	0
NG_062747.1	1134	1	0
NG_062743.1	1134	1	0
NG_062740.1	1134	2	0
NG_062736.1	1134	3	0
NG_062735.1	1697	2	0
NG_062733.1	968	2	0
NG_062732.1	1549	1	0
NG_062728.1	1730	8	0
NG_062727.1	1750	14	0
NG_062722.1	1069	1	0
NG_062718.1	1580	2	0
NG_062714.1	1682	1	0
NG_062710.1	1704	1	0
NG_062708.1	2861	3	0
NG_062707.1	1702	3	0
NG_062706.1	2583	1	0
NG_062705.1	1706	1	0
NG_062703.1	1549	1	0
NG_062701.1	1690	1	0
NG_062696.1	1754	1	0
NG_062695.1	1682	1	0
NG_062694.1	1141	1	0
NG_062693.1	1662	3	0
NG_062692.1	1181	2	0
NG_062691.1	1799	1	0
NG_062689.1	2089	6	0
NG_062685.1	1765	5	0
NG_062680.1	1051	2	0
NG_062676.1	1671	3	0
NG_062667.1	1759	3	0
NG_062666.1	1754	1	0
NG_062661.1	1724	10	0
NG_062660.1	1350	1	0
NG_062658.1	1710	11	0
NG_062648.1	1743	1	0
NG_062647.1	1714	1	0
NG_062645.1	1753	1	0
NG_062644.1	733	12	0
NG_062640.1	1761	1	0
NG_062639.1	1731	5	0
NG_062638.1	1753	1	0
NG_062636.1	1758	1	0
NG_062635.1	1750	2	0
NG_062627.1	1030	2	0
NG_062623.1	1761	1	0
NG_062619.1	1757	1	0
NG_062618.1	1757	1	0
NG_062616.1	1782	1	0
NG_062613.1	1659	1	0
NG_062612.1	1751	1	0
NG_062611.1	1792	1	0
NG_062610.1	1732	1	0
NG_062609.1	1734	1	0
NG_062608.1	1727	1	0
NG_062607.1	1686	2	0
NG_062604.1	1685	2	0
NG_062601.1	1687	5	0
NG_062600.1	1769	4	0
NG_062599.1	1740	1	0
NG_062598.1	1741	2	0
NG_062597.1	1740	3	0
NG_062595.1	1739	3	0
NG_062594.1	1739	1	0
NG_062443.1	1769	1	0
NG_062441.1	1001	1	0
NG_062439.1	1014	1	0
NG_062434.1	1036	1	0
NG_062431.1	1112	1	0
NG_062430.1	1112	1	0
NG_062427.1	1021	1	0
NG_062425.1	994	1	0
NG_062423.1	1007	2	0
NG_062422.1	943	1	0
NG_062417.1	942	5	0
NG_062416.1	942	3	0
NG_062412.1	1599	1	0
NG_062410.1	1579	1	0
NG_062409.1	980	13	0
NG_062408.1	985	11	0
NG_062407.1	1613	1	0
NG_062404.1	1577	3	0
NG_062403.1	1574	3	0
NG_062402.1	1642	3	0
NG_062401.1	1637	3	0
NG_062393.1	1696	4	0
NG_062391.1	1663	10	0
NG_062389.1	1697	2	0
NG_062388.1	1703	2	0
NG_062387.1	1703	3	0
NG_062384.1	1734	2	0
NG_062383.1	1022	2	0
NG_062381.1	1770	8	0
NG_062378.1	1619	11	0
NG_062376.1	1653	2	0
NG_062375.1	1691	8	0
NG_062374.1	1753	1	0
NG_062373.1	1749	1	0
NG_062371.1	1770	2	0
NG_062366.1	1767	31	0
NG_062365.1	1760	2	0
NG_062363.1	1753	1	0
NG_062362.1	1769	2	0
NG_062361.1	1766	1	0
NG_062197.1	1783	2	0
NG_062196.1	1783	5	0
NG_062195.1	1783	4	0
NG_062193.1	1698	2	0
NG_062184.1	2035	4	0
NG_062182.1	1607	5	0
NG_062177.1	1001	1	0
NG_062174.1	1582	5	0
NG_062171.1	1663	2	0
NG_062170.1	1574	1	0
NG_062168.1	1719	3	0
NG_062167.1	1719	2	0
NG_062165.1	1719	8	0
NG_062164.1	1660	1	0
NG_062163.1	1650	1	0
NG_062161.1	1656	2	0
NG_062146.1	1708	2	0
NG_062145.1	1799	10	0
NG_062143.1	1748	3	0
NG_062142.1	1749	1	0
NG_062141.1	1758	2	0
NG_062135.1	1782	2	0
NG_062131.1	1733	1	0
NG_062130.1	1731	1	0
NG_062127.1	1768	1	0
NG_062120.1	1779	1	0
NG_062119.1	1762	2	0
NG_062110.1	1654	2	0
NG_062108.1	1654	1	0
NG_062107.1	1656	4	0
NG_062102.1	1652	3	0
NG_062100.1	1656	2	0
NG_062094.1	1655	1	0
NG_062091.1	1758	2	0
NG_062085.1	1708	1	0
NG_062083.1	1775	2	0
NG_062080.1	1752	1	0
NG_062078.1	1749	1	0
NG_062075.1	1751	1	0
NG_062070.1	1753	1	0
NG_062066.1	1681	4	0
NG_062065.1	1681	4	0
NG_062064.1	1681	1	0
NG_062060.1	1661	1	0
NG_062046.1	1686	1	0
NG_062045.1	1696	1	0
NG_062043.1	1648	2	0
NG_062042.1	1781	2	0
NG_062036.1	1730	1	0
NG_062033.1	1781	1	0
NG_062030.1	1775	2	0
NG_062029.1	1782	2	0
NG_062028.1	1782	1	0
NG_062026.1	1782	1	0
NG_062025.1	1789	3	0
NG_062024.1	1792	3	0
NG_062019.1	1780	1	0
NG_062014.1	1776	1	0
NG_062013.1	1776	1	0
NG_062009.1	1755	1	0
NG_062008.1	1749	2	0
NG_061301.1	1762	6	0
NG_061299.1	1719	14	0
NG_061296.1	1076	1	0
NG_061284.1	857	12	0
NG_061280.1	1063	1	0
NG_061278.1	1002	2	0
NG_061277.1	1009	1	0
NG_061275.1	1507	8	0
NG_061274.1	996	4	0
NG_061265.1	964	1	0
NG_061262.1	1783	3	0
NG_061258.1	2090	9	0
NG_061256.1	1809	1	0
NG_061253.1	1065	2	0
NG_061252.1	1065	1	0
NG_061246.1	2310	4	0
NG_061245.1	860	1	0
NG_061243.1	1005	7	0
NG_061242.1	822	4	0
NG_061241.1	1024	5	0
NG_061239.1	1448	1	0
NG_061232.1	941	4	0
NG_061230.1	943	5	0
NG_061223.1	1722	1	0
NG_061222.1	1718	1	0
NG_061221.1	2699	2	0
NG_061219.1	1029	1	0
NG_061212.1	1659	3	0
NG_061208.1	1684	1	0
NG_061204.1	1051	2	0
NG_061200.1	1700	3	0
NG_061199.1	1670	2	0
NG_061198.1	1306	2	0
NG_061195.1	1144	1	0
NG_061194.1	1599	1	0
NG_061193.1	989	26	0
NG_061191.1	1393	2	0
NG_061189.1	1364	2	0
NG_061188.1	1084	2	0
NG_061184.1	1081	1	0
NG_061179.1	1606	3	0
NG_061177.1	1712	4	0
NG_061174.1	1591	1	0
NG_061172.1	1708	4	0
NG_061171.1	1547	1	0
NG_061170.1	1000	1	0
NG_061168.1	1554	1	0
NG_061167.1	1999	18	0
NG_061166.1	1719	1	0
NG_061165.1	1057	1	0
NG_061163.1	1459	1	0
NG_061160.1	1656	3	0
NG_061155.1	1656	1	0
NG_061153.1	1656	1	0
NG_061150.1	1655	1	0
NG_061149.1	1656	17	0
NG_061147.1	1574	3	0
NG_061144.1	1764	1	0
NG_061140.1	1649	1	0
NG_061139.1	1663	1	0
NG_061138.1	1010	8	0
NG_061136.1	2153	1	0
NG_061135.1	1643	2	0
NG_061134.1	1640	1	0
NG_061133.1	1749	2	0
NG_061132.1	1749	2	0
NG_061130.1	1752	4	0
NG_061126.1	1646	2	0
NG_061125.1	1763	7	0
NG_061123.1	1698	24	0
NG_061118.1	1031	1	0
NG_061116.1	1778	3	0
NG_061115.1	1775	1	0
NG_061114.1	1664	18	0
NG_061113.1	1664	17	0
NG_061112.1	1608	5	0
NG_061111.1	1703	2	0
NG_061110.1	1773	2	0
NG_061104.1	1735	12	0
NG_061100.1	1016	1	0
NG_061099.1	1106	2	0
NG_061097.1	1112	1	0
NG_061094.1	1762	3	0
NG_061093.1	948	1	0
NG_061092.1	950	2	0
NG_061090.1	1743	2	0
NG_061089.1	1787	2	0
NG_061087.1	1727	3	0
NG_061086.1	1738	1	0
NG_061085.1	1786	3	0
NG_061084.1	1737	2	0
NG_061083.1	1749	4	0
NG_061078.1	1718	2	0
NG_061077.1	2459	4	0
NG_061076.1	1684	3	0
NG_061075.1	967	4	0
NG_061074.1	1598	1	0
NG_061073.1	1596	1	0
NG_061068.1	1020	1	0
NG_061066.1	1022	2	0
NG_061065.1	1022	1	0
NG_061062.1	1095	1	0
NG_061059.1	1575	9	0
NG_061058.1	1048	1	0
NG_061056.1	1715	4	0
NG_061055.1	1785	1	0
NG_061054.1	1754	11	0
NG_061053.1	1769	42	0
NG_061050.1	1720	14	0
NG_061048.1	1057	1	0
NG_061045.1	1792	4	0
NG_061043.1	1648	1	0
NG_061042.1	1777	5	0
NG_061041.1	1730	1	0
NG_061038.1	1756	537	0
NG_061037.1	1739	2	0
NG_061033.1	1757	1	0
NG_061032.1	2157	1	0
NG_061031.1	1783	5	0
NG_061028.1	1672	5	0
NG_061026.1	1849	11	0
NG_061024.1	1082	2	0
NG_061023.1	1753	1	0
NG_061022.1	1758	3	0
NG_061020.1	2161	5	0
NG_061018.1	1749	1	0
NG_061017.1	1753	8	0
NG_061015.1	1375	1	0
NG_061014.1	2063	2	0
NG_061011.1	1776	25	0
NG_061008.1	1762	1	0
NG_061005.1	1758	2	0
NG_061004.1	1742	3	0
NG_061003.1	1024	1	0
NG_060996.1	1676	20	0
NG_060984.1	1781	1	0
NG_060982.1	1782	1	0
NG_060978.1	1760	3	0
NG_060975.1	2072	1	0
NG_060974.1	1781	1	0
NG_060972.1	1740	12	0
NG_060971.1	1683	1	0
NG_060968.1	1756	1	0
NG_013144.1	2080	6	0
NG_060587.1	1738	3	0
NG_016525.1	1703	3	0
NG_016506.1	1026	1	0
NG_013175.1	1776	4	0
NG_017192.1	1736	15	0
NG_017187.1	1751	6	0
NG_017185.1	1816	21	0
NG_017179.1	1787	57	0
NG_017174.1	1770	29	0
NG_017173.1	2620	42	0
NG_017172.1	1796	83	0
NG_017168.1	1784	34	0
NG_017166.1	1860	25	0
NG_016541.1	991	1	0
NG_016527.1	1779	1	0
NG_016507.1	949	1	0
NG_016502.1	1752	11	0
NG_016501.1	1199	1	0
NG_016494.1	1686	14	0
NG_013154.1	1715	28	0
NG_017176.1	1463	8	0
