NG_088171.1	904	1	0
NG_088149.1	1402	1	0
NG_088148.1	1379	1	0
NG_088146.1	1391	1	0
NG_088360.1	859	2	0
NG_088358.1	881	4	0
NG_088353.1	781	1	0
NG_088351.1	1279	1	0
NG_088311.1	1350	11	0
NG_088310.1	1360	17	0
NG_088309.1	1348	24	0
NG_088304.1	1384	2	0
NG_088293.1	901	1	0
NG_088282.1	868	3	0
NG_088260.1	1400	1	0
NG_088256.1	1353	1	0
NG_088255.1	1352	1	0
NG_088227.1	1354	1	0
NG_088217.1	1339	1	0
NG_088207.1	670	1	0
NG_088185.1	970	6	0
NG_088184.1	968	1	0
NG_088160.1	752	1	0
NG_088153.1	778	2	0
NG_088144.1	1338	1	0
NG_088140.1	1355	15	0
NG_088125.1	837	1	0
NG_088124.1	847	1	0
NG_088120.1	1065	3	0
NG_088105.1	704	1	0
NG_088095.1	1265	157	0
NG_088082.1	1359	1	0
NG_088074.1	846	1	0
NG_088069.1	867	19	0
NG_088066.1	1395	23	0
NG_088056.1	878	1	0
NG_088049.1	1146	1	0
NG_088042.1	1299	1	0
NG_088041.1	1291	1	0
NG_088029.1	1269	1	0
NG_088028.1	1263	1	0
NG_088027.1	1315	10	0
NG_088019.1	614	2	0
NG_088017.1	1364	1	0
NG_088016.1	1431	2	0
NG_088002.1	560	1	0
NG_075264.1	864	2	0
NG_070816.1	916	2	0
NG_063964.1	913	3	0
NG_058263.1	1415	2	0
NG_058141.1	1380	1	0
NG_058140.1	1381	2	0
NG_058018.1	1313	1	0
NG_058015.1	1303	1	0
NG_058014.1	1330	1	0
NG_058013.1	1350	1	0
NG_057992.1	809	1	0
NG_057991.1	793	3	0
NG_057986.1	799	1	0
NG_081544.1	704	1	0
NG_081541.1	831	1	0
NG_081527.1	909	1	0
NG_081516.1	1286	2	0
NG_081481.1	840	1	0
NG_081480.1	1149	3	0
NG_081477.1	809	2	0
NG_081462.1	820	3	0
NG_081449.1	844	4	0
NG_081447.1	871	19	0
NG_081445.1	1102	3	0
NG_081443.1	570	1	0
NG_081319.1	816	85	0
NG_081312.1	1315	2	0
NG_081311.1	1323	2	0
NG_081309.1	811	2	0
NG_081295.1	917	1	0
NG_081290.1	851	1	0
NG_070094.1	842	2	0
NG_067525.1	1376	9	0
NG_067381.1	812	3	0
NG_067367.1	836	2	0
NG_058905.1	834	1	0
NG_058838.1	1377	5	0
NG_069014.1	1327	1	0
NG_068872.1	1283	1	0
NG_079700.1	787	1	0
NG_079693.1	881	1	0
NG_079674.1	1383	1	0
NG_079671.1	1349	2	0
NG_079668.1	909	1	0
NG_079646.1	1380	2	0
NG_079640.1	1316	2	0
NG_079572.1	1327	1	0
NG_079571.1	1316	1	0
NG_079567.1	840	1	0
NG_079563.1	882	2	0
NG_079553.1	867	6	0
NG_079516.1	531	2	0
NG_079515.1	500	24	0
NG_079513.1	581	1	0
NG_079507.1	483	1	0
NG_079506.1	480	1	0
NG_079502.1	552	5	0
NG_079498.1	554	1	0
NG_079495.1	953	2	0
NG_059645.1	947	1	0
NG_078695.1	891	1	0
NG_078688.1	1353	7	0
NG_078676.1	942	1	0
NG_078669.1	896	3	0
NG_078660.1	876	1	0
NG_078657.1	900	1	0
NG_078654.1	924	2	0
NG_078644.1	1142	1	0
NG_078639.1	594	1	0
NG_078637.1	1391	2	0
NG_078633.1	862	1	0
NG_078629.1	1369	1	0
NG_064007.1	890	1	0
NG_059053.1	837	1	0
NG_058902.1	840	1	0
NG_042779.1	927	1	0
NG_042778.1	1269	1	0
NG_056954.1	838	11	0
NG_056282.1	895	3	0
NG_077393.1	906	1	0
NG_077391.1	903	18	0
NG_077390.1	906	21	0
NG_077380.1	1295	5	0
NG_077377.1	1194	1	0
NG_064046.1	949	8	0
NG_060810.1	700	5	0
NG_060382.1	3250	2	0
NG_058848.1	956	3	0
NG_069377.1	795	12	0
NG_066352.1	3183	4	0
NG_055354.1	3283	2	0
NG_055344.1	552	1	0
NG_076741.1	876	1	0
NG_076738.1	869	1	0
NG_076735.1	813	6	0
NG_076732.1	835	20	0
NG_076726.1	877	2	0
NG_076689.1	844	1	0
NG_058139.1	1375	2	0
NG_055355.1	3269	3	0
NG_075436.1	482	3	0
NG_075435.1	482	2	0
NG_075387.1	1022	1	0
NG_075386.1	953	2	0
NG_075382.1	1348	10	0
NG_075381.1	922	1	0
NG_075377.1	878	1	0
NG_075367.1	908	1	0
NG_075348.1	1730	1	0
NG_075347.1	1313	1	0
NG_075342.1	1431	1	0
NG_075339.1	899	1	0
NG_075336.1	1361	1	0
NG_075332.1	1291	1	0
NG_075329.1	1396	12	0
NG_075322.1	1356	1	0
NG_075317.1	1350	1	0
NG_075309.1	1303	4	0
NG_075308.1	1277	1	0
NG_075302.1	898	1	0
NG_075300.1	3106	34	0
NG_075293.1	850	1	0
NG_075290.1	878	1	0
NG_075277.1	855	1	0
NG_075253.1	542	1	0
NG_075246.1	1307	1	0
NG_075244.1	541	1	0
NG_075240.1	480	2	0
NG_075239.1	823	1	0
NG_075234.1	794	5	0
NG_075218.1	886	1	0
NG_075206.1	1343	1	0
NG_075204.1	479	1	0
NG_075203.1	427	1	0
NG_075202.1	605	1	0
NG_075186.1	480	25	0
NG_075181.1	1352	1	0
NG_075178.1	1374	1	0
NG_075176.1	494	40	0
NG_075174.1	607	1	0
NG_075173.1	720	2	0
NG_075170.1	1279	25	0
NG_075169.1	560	1	0
NG_075168.1	1305	26	0
NG_075165.1	1353	5	0
NG_075164.1	1325	2	0
NG_075161.1	3224	1	0
NG_075158.1	1362	3	0
NG_075152.1	1143	5	0
NG_027566.1	3087	72	0
NG_074492.1	848	1	0
NG_074468.1	849	4	0
NG_074467.1	979	1	0
NG_074457.1	1038	3	0
NG_074455.1	1055	2	0
NG_074438.1	887	2	0
NG_074435.1	1298	4	0
NG_074431.1	1040	2	0
NG_063997.1	946	2	0
NG_060094.1	780	3	0
NG_057852.1	3295	99	0
NG_073849.1	856	7	0
NG_073846.1	863	1	0
NG_073827.1	884	3	0
NG_073825.1	878	1	0
NG_073819.1	1291	1	0
NG_073816.1	821	2	0
NG_073812.1	933	2	0
NG_073811.1	960	1	0
NG_073794.1	843	1	0
NG_073789.1	1319	3	0
NG_073755.1	845	1	0
NG_073753.1	891	2	0
NG_073684.1	785	2	0
NG_073642.1	851	1	0
NG_073599.1	903	3	0
NG_073580.1	954	1	0
NG_059993.1	1354	1	0
NG_071238.1	994	2	0
NG_071237.1	909	3	0
NG_071235.1	888	1	0
NG_071234.1	683	1	0
NG_059017.1	888	1	0
NG_070932.1	831	1	0
NG_070922.1	820	1	0
NG_070919.1	705	2	0
NG_070522.1	1435	1	0
NG_059812.1	1305	1	0
NG_057973.1	993	2	0
NG_057945.1	1459	3	0
NG_057944.1	1118	2	0
NG_057899.1	1405	1	0
NG_057896.1	1028	1	0
NG_042550.1	1429	4	0
NG_042539.1	1429	1	0
NG_070843.1	1233	1	0
NG_070836.1	988	1	0
NG_070829.1	1383	4	0
NG_070827.1	1222	1	0
NG_070824.1	966	1	0
NG_070815.1	872	855	0
NG_069183.1	921	3	0
NG_069015.1	1327	1	0
NG_070611.1	907	1	0
NG_070599.1	905	1	0
NG_070598.1	1327	2	0
NG_070589.1	899	2	0
NG_070582.1	895	5	0
NG_070580.1	1007	1	0
NG_070579.1	898	1	0
NG_070578.1	909	1	0
NG_070572.1	893	2	0
NG_070556.1	937	1	0
NG_070549.1	691	2	0
NG_070541.1	960	1	0
NG_070519.1	1071	1	0
NG_070518.1	1327	1	0
NG_070514.1	1322	1	0
NG_070512.1	3248	3	0
NG_070510.1	589	1	0
NG_070509.1	575	1	0
NG_070504.1	973	1	0
NG_070502.1	1319	6	0
NG_070501.1	885	3	0
NG_070499.1	625	1	0
NG_070496.1	939	1	0
NG_070495.1	939	2	0
NG_070494.1	939	1	0
NG_070491.1	939	3	0
NG_070488.1	939	2	0
NG_070486.1	939	1	0
NG_070485.1	755	2	0
NG_070483.1	755	3	0
NG_067435.1	906	1	0
NG_070472.1	843	1	0
NG_070467.1	786	1	0
NG_070448.1	880	1	0
NG_070446.1	1326	2	0
NG_070442.1	893	2	0
NG_070436.1	897	2	0
NG_070429.1	991	1	0
NG_070373.1	907	1	0
NG_070368.1	1339	1	0
NG_070363.1	1207	1	0
NG_070361.1	1327	1	0
NG_070356.1	1315	3	0
NG_070352.1	1056	2	0
NG_070350.1	1288	4	0
NG_069498.1	813	1	0
NG_070046.1	847	3	0
NG_070017.1	910	1	0
NG_069977.1	879	1	0
NG_069971.1	895	1	0
NG_069931.1	902	1	0
NG_069890.1	909	1	0
NG_069842.1	909	2	0
NG_069838.1	1327	1	0
NG_069837.1	877	1	0
NG_069833.1	890	3	0
NG_069822.1	924	1	0
NG_069809.1	909	1	0
NG_069808.1	886	1	0
NG_069798.1	860	1	0
NG_069795.1	1327	3	0
NG_069793.1	893	1	0
NG_069792.1	1327	1	0
NG_069787.1	1327	1	0
NG_069785.1	1327	1	0
NG_069784.1	1327	1	0
NG_069783.1	1327	2	0
NG_069782.1	1327	1	0
NG_069781.1	869	1	0
NG_069776.1	1327	2	0
NG_069767.1	883	2	0
NG_069765.1	892	1	0
NG_069761.1	900	1	0
NG_069743.1	824	1	0
NG_069742.1	911	1	0
NG_069738.1	945	4	0
NG_069734.1	889	1	0
NG_069733.1	1327	1	0
NG_069727.1	869	2	0
NG_069724.1	894	1	0
NG_069720.1	914	1	0
NG_069707.1	892	2	0
NG_069702.1	828	1	0
NG_069700.1	826	1	0
NG_069694.1	836	1	0
NG_069673.1	897	1	0
NG_069665.1	1563	1	0
NG_069638.1	874	1	0
NG_069637.1	849	1	0
NG_069633.1	896	2	0
NG_069587.1	828	1	0
NG_069544.1	805	1	0
NG_069541.1	878	1	0
NG_069540.1	838	1	0
NG_069520.1	849	1	0
NG_069516.1	850	1	0
NG_069482.1	891	9	0
NG_069472.1	1315	1	0
NG_069470.1	1315	1	0
NG_069456.1	848	1	0
NG_069447.1	960	1	0
NG_069444.1	960	1	0
NG_069435.1	799	1	0
NG_069413.1	931	2	0
NG_069409.1	937	1	0
NG_069406.1	954	1	0
NG_069380.1	881	2	0
NG_069379.1	882	1	0
NG_069376.1	812	6	0
NG_069369.1	1305	6	0
NG_069368.1	1302	6	0
NG_069331.1	911	1	0
NG_069330.1	1695	4	0
NG_069317.1	960	1	0
NG_069315.1	960	1	0
NG_069311.1	915	1	0
NG_069282.1	914	1	0
NG_069274.1	796	1	0
NG_069272.1	796	2	0
NG_069258.1	849	1	0
NG_069254.1	849	1	0
NG_069233.1	847	1	0
NG_069151.1	2040	29	0
NG_069150.1	2035	32	0
NG_069149.1	2029	21	0
NG_069146.1	849	2	0
NG_069141.1	849	1	0
NG_069133.1	849	1	0
NG_069127.1	849	1	0
NG_069125.1	849	1	0
NG_069122.1	597	1	0
NG_069120.1	1327	2	0
NG_069116.1	810	3	0
NG_069115.1	809	1	0
NG_069114.1	1293	1	0
NG_069096.1	1375	4	0
NG_069071.1	1281	1	0
NG_069060.1	1327	1	0
NG_069057.1	1327	1	0
NG_069053.1	1327	1	0
NG_069052.1	1327	1	0
NG_069051.1	1327	2	0
NG_069049.1	1327	2	0
NG_069048.1	1327	1	0
NG_069046.1	1327	1	0
NG_069045.1	1327	4	0
NG_069043.1	1327	2	0
NG_069040.1	1327	11	0
NG_069039.1	1327	2	0
NG_069016.1	1327	1	0
NG_069012.1	1327	1	0
NG_069004.1	3250	3	0
NG_069003.1	3257	3	0
NG_069001.1	1348	3	0
NG_068996.1	1346	5	0
NG_068987.1	1353	3	0
NG_068984.1	831	1	0
NG_068982.1	1298	2	0
NG_068978.1	1327	1	0
NG_068960.1	1312	1	0
NG_069827.1	911	2	0
NG_069826.1	1327	1	0
NG_069821.1	908	3	0
NG_069754.1	839	3	0
NG_069312.1	960	1	0
NG_069235.1	890	1	0
NG_069059.1	1327	1	0
NG_069041.1	1327	3	0
NG_069010.1	1326	1	0
NG_068923.1	893	1	0
NG_068921.1	887	1	0
NG_068895.1	914	3	0
NG_068890.1	853	1	0
NG_068885.1	908	2	0
NG_068873.1	1287	1	0
NG_068856.1	901	84	0
NG_068853.1	937	1	0
NG_068850.1	1312	66	0
NG_068828.1	852	1	0
NG_068821.1	1312	3	0
NG_068819.1	1279	1	0
NG_068813.1	1401	1	0
NG_068812.1	1401	18	0
NG_068810.1	1409	2	0
NG_068783.1	939	2	0
NG_068760.1	1303	1	0
NG_068758.1	969	1	0
NG_068756.1	876	1	0
NG_068753.1	1305	1	0
NG_068736.1	1017	2	0
NG_068726.1	1377	10	0
NG_068712.1	843	5	0
NG_068700.1	848	1	0
NG_068642.1	1209	1	0
NG_068632.1	1191	3	0
NG_068631.1	1193	1	0
NG_068629.1	1284	3	0
NG_068620.1	1239	1	0
NG_068619.1	859	2	0
NG_068613.1	818	1	0
NG_068595.1	543	1	0
NG_068583.1	1408	11	0
NG_068577.1	906	2	0
NG_068575.1	897	1	0
NG_068572.1	1318	5	0
NG_068554.1	846	12	0
NG_068534.1	1384	1	0
NG_068530.1	737	1	0
NG_068526.1	644	1	0
NG_068525.1	834	2	0
NG_068516.1	1334	8	0
NG_068513.1	1328	2	0
NG_068511.1	1071	2	0
NG_068605.1	1292	3	0
NG_059775.1	1029	1	0
NG_058539.1	613	1	0
NG_056930.1	604	1	0
NG_055136.1	3235	4	0
NG_059967.1	2045	10	0
NG_057016.1	2028	13	0
NG_068351.1	1194	1	0
NG_068344.1	852	1	0
NG_068318.1	824	1	0
NG_068310.1	875	1	0
NG_068302.1	846	1	0
NG_068291.1	1288	1	0
NG_068288.1	607	1	0
NG_068251.1	827	2	0
NG_068289.1	1417	1	0
NG_068253.1	1342	3	0
NG_068252.1	2422	27	0
NG_068237.1	936	1	0
NG_068236.1	922	1	0
NG_068235.1	922	1	0
NG_068230.1	867	2	0
NG_057274.1	870	5	0
NG_057260.1	1392	1	0
NG_042597.1	1429	6	0
NG_067898.1	845	1	0
NG_067861.1	845	1	0
NG_067845.1	544	1	0
NG_067838.1	971	2	0
NG_067834.1	931	1	0
NG_067833.1	1337	1	0
NG_067810.1	951	4	0
NG_067784.1	1359	2	0
NG_067782.1	835	1	0
NG_067897.1	913	1	0
NG_067869.1	882	2	0
NG_067772.1	3257	4	0
NG_067561.1	1401	1	0
NG_067556.1	884	1	0
NG_067537.1	682	1	0
NG_067530.1	909	1	0
NG_067515.1	500	26	0
NG_058739.1	5088	23	0
NG_067492.1	893	2	0
NG_067472.1	909	1	0
NG_067461.1	894	2	0
NG_067444.1	894	3	0
NG_067436.1	894	1	0
NG_067425.1	896	3	0
NG_067406.1	895	3	0
NG_067403.1	905	4	0
NG_067400.1	925	5	0
NG_067396.1	905	1	0
NG_067393.1	910	1	0
NG_067392.1	900	1	0
NG_067386.1	863	2	0
NG_067383.1	897	3	0
NG_067380.1	768	3	0
NG_067374.1	1327	1	0
NG_067373.1	1328	1	0
NG_067368.1	1326	3	0
NG_067366.1	893	2	0
NG_067362.1	890	2	0
NG_067357.1	1329	1	0
NG_067353.1	907	1	0
NG_067351.1	896	1	0
NG_067300.1	828	1	0
NG_067289.1	839	1	0
NG_067275.1	960	4	0
NG_067267.1	1326	1	0
NG_067263.1	1300	1	0
NG_067260.1	1253	2	0
NG_067258.1	830	1	0
NG_067254.1	628	7	0
NG_067253.1	882	7	0
NG_064136.1	912	6	0
NG_058843.1	809	3	0
NG_060308.1	1477	1	0
NG_058521.1	833	3	0
NG_057136.1	796	7	0
NG_066463.1	1995	32	0
NG_066458.1	832	1	0
NG_066449.1	839	1	0
NG_066447.1	928	2	0
NG_066436.1	862	1	0
NG_066430.1	1318	1	0
NG_066409.1	629	2	0
NG_066402.1	965	1	0
NG_066390.1	1291	1	0
NG_066389.1	1291	2	0
NG_066386.1	1316	1	0
NG_066378.1	1315	1	0
NG_066361.1	501	25	0
NG_066354.1	3259	3	0
NG_066353.1	3102	13	0
NG_066351.1	3592	3	0
NG_066350.1	3251	6	0
NG_066349.1	3228	10	0
NG_066348.1	5042	68	0
NG_066345.1	1250	10	0
NG_066340.1	864	1	0
NG_066323.1	1202	1	0
NG_066316.1	899	1	0
NG_066307.1	932	1	0
NG_066301.1	825	1	0
NG_066296.1	883	1	0
NG_066288.1	1244	1	0
NG_066276.1	1003	1	0
NG_066259.1	908	1	0
NG_066247.1	943	2	0
NG_066243.1	983	1	0
NG_066236.1	1277	1	0
NG_066204.1	873	1	0
NG_066191.1	934	1	0
NG_066188.1	1284	1	0
NG_066186.1	967	1	0
NG_066154.1	3243	14	0
NG_066145.1	619	1	0
NG_060806.1	779	2	0
NG_060801.1	559	1	0
NG_060800.1	736	1	0
NG_060373.1	500	1	0
NG_042484.1	629	1	0
NG_064598.1	877	2	0
NG_064597.1	869	1	0
NG_064595.1	864	4	0
NG_064590.1	872	3	0
NG_064587.1	863	15	0
NG_064574.1	873	1	0
NG_064573.1	908	1	0
NG_064572.1	856	9	0
NG_064554.1	1296	1	0
NG_064541.1	879	2	0
NG_064540.1	892	2	0
NG_064533.1	956	1	0
NG_064516.1	605	1	0
NG_064500.1	846	2	0
NG_064460.1	547	1	0
NG_064453.1	891	1	0
NG_064438.1	952	1	0
NG_064436.1	948	4	0
NG_064504.1	1021	1	0
NG_064491.1	661	1	0
NG_064477.1	939	1	0
NG_064465.1	1253	1	0
NG_064457.1	866	8	0
NG_064430.1	535	1	0
NG_064427.1	863	2	0
NG_058984.1	651	28	0
NG_058982.1	821	33	0
NG_056979.1	887	1	0
NG_064421.1	1239	510	0
NG_064408.1	1312	1	0
NG_064407.1	567	1	0
NG_064389.1	950	1	0
NG_064365.1	936	1	0
NG_064348.1	1323	1	0
NG_064345.1	1401	8	0
NG_064338.1	880	7	0
NG_064318.1	784	3	0
NG_064317.1	1515	4	0
NG_064315.1	2846	11	0
NG_064314.1	538	30	0
NG_064312.1	3260	9	0
NG_064294.1	859	1	0
NG_064243.1	899	1	0
NG_064234.1	942	1	0
NG_064233.1	951	1	0
NG_064230.1	881	2	0
NG_064227.1	916	1	0
NG_064221.1	908	27	0
NG_064186.1	795	3	0
NG_064161.1	906	1	0
NG_064160.1	892	1	0
NG_064157.1	900	1	0
NG_064135.1	1015	1	0
NG_064102.1	1061	2	0
NG_064083.1	900	5	0
NG_064073.1	906	1	0
NG_064069.1	914	1	0
NG_064063.1	908	1	0
NG_064057.1	946	1	0
NG_064049.1	896	1	0
NG_064045.1	911	2	0
NG_064044.1	913	2	0
NG_064015.1	1019	1	0
NG_064010.1	918	2	0
NG_063984.1	904	1	0
NG_063974.1	908	1	0
NG_063948.1	1545	8	0
NG_063946.1	837	1	0
NG_063941.1	822	1	0
NG_063937.1	818	1	0
NG_063930.1	1312	2	0
NG_042334.1	1134	2	0
NG_042328.1	1291	2	0
NG_059217.1	810	4	0
NG_055743.1	593	1	0
NG_055741.1	696	1	0
NG_055739.1	595	1	0
NG_055732.1	640	1	0
NG_055728.1	1350	1	0
NG_055690.1	3298	2	0
NG_055395.1	3301	5	0
NG_055394.1	3280	78	0
NG_055393.1	3076	59	0
NG_055392.1	3308	10	0
NG_055391.1	3243	10	0
NG_055388.1	822	2	0
NG_055386.1	599	1	0
NG_055374.1	542	1	0
NG_055365.1	3272	2	0
NG_055364.1	3249	1	0
NG_055363.1	3282	21	0
NG_055362.1	3284	18	0
NG_055361.1	3290	14	0
NG_055360.1	3275	26	0
NG_055359.1	3238	2	0
NG_055358.1	3270	1	0
NG_055353.1	4349	7	0
NG_055352.1	3285	3	0
NG_055351.1	4174	37	0
NG_055350.1	4553	36	0
NG_055349.1	4788	3	0
NG_055348.1	3265	1	0
NG_055347.1	3269	5	0
NG_055346.1	3282	7	0
NG_055345.1	3282	3	0
NG_055343.1	4469	15	0
NG_055342.1	3584	8	0
NG_055341.1	4578	30	0
NG_055340.1	3718	16	0
NG_055339.1	3244	18	0
NG_055338.1	3260	9	0
NG_055337.1	3664	13	0
NG_055336.1	3678	19	0
NG_055335.1	3265	2	0
NG_055334.1	3253	7	0
NG_055333.1	3659	6	0
NG_055332.1	4949	9	0
NG_055331.1	3244	2	0
NG_055330.1	3264	2	0
NG_055329.1	3257	6	0
NG_055328.1	3242	69	0
NG_055324.1	3258	7	0
NG_055323.1	3246	13	0
NG_055322.1	3207	20	0
NG_055321.1	3258	12	0
NG_055320.1	3198	2	0
NG_055319.1	3205	8	0
NG_055214.1	3242	4	0
NG_055213.1	3241	9	0
NG_055211.1	3223	4	0
NG_055210.1	3242	8	0
NG_055202.1	3279	3	0
NG_055200.1	3260	2	0
NG_055199.1	3257	7	0
NG_055198.1	3257	4	0
NG_055197.1	3257	4	0
NG_055196.1	3231	3	0
NG_055195.1	3227	1	0
NG_055194.1	3225	3	0
NG_055193.1	3277	5	0
NG_055191.1	3259	6	0
NG_055190.1	3270	4	0
NG_055189.1	4208	11	0
NG_055187.1	3262	3	0
NG_055186.1	4439	7	0
NG_055185.1	3292	3	0
NG_055184.1	4689	9	0
NG_055183.1	3249	2	0
NG_055181.1	3663	4	0
NG_055180.1	3038	12	0
NG_055179.1	3231	12	0
NG_055168.1	2138	8	0
NG_055167.1	545	1	0
NG_055160.1	3278	5	0
NG_055159.1	3273	4	0
NG_055158.1	3282	4	0
NG_055157.1	3242	8	0
NG_055156.1	3243	17	0
NG_055154.1	3178	5	0
NG_055153.1	3180	26	0
NG_055152.1	3235	1	0
NG_055151.1	3237	2	0
NG_055150.1	3233	2	0
NG_055148.1	3210	3	0
NG_055147.1	3187	1	0
NG_055146.1	3191	2	0
NG_055145.1	3229	2	0
NG_055144.1	3234	2	0
NG_055143.1	3234	3	0
NG_055142.1	3232	4	0
NG_055141.1	3211	3	0
NG_055140.1	3227	5	0
NG_055138.1	3237	1	0
NG_055137.1	3230	1	0
NG_055134.1	3232	36	0
NG_055133.1	3242	2	0
NG_055132.1	3238	1	0
NG_055131.1	3229	1	0
NG_055130.1	3258	4	0
NG_055129.1	3263	7	0
NG_055128.1	3209	6	0
NG_055127.1	3214	1	0
NG_055126.1	3270	5	0
NG_055125.1	3197	16	0
NG_055124.1	3321	3	0
NG_055122.1	3218	3	0
NG_055121.1	3218	3	0
NG_055120.1	3219	1	0
NG_055117.1	3208	1	0
NG_055115.1	3233	1	0
NG_055114.1	3234	3	0
NG_055112.1	3197	6	0
NG_055111.1	3199	3	0
NG_055110.1	3197	1	0
NG_055108.1	3166	2	0
NG_055107.1	3195	1	0
NG_055105.1	3199	2	0
NG_055104.1	3231	2	0
NG_055101.1	3159	1	0
NG_055099.1	3160	9	0
NG_055098.1	3098	8	0
NG_055097.1	3158	7	0
NG_055096.1	3157	2	0
NG_055094.1	531	1	0
NG_055077.1	545	1	0
NG_055063.1	3297	2	0
NG_055048.1	3213	3	0
NG_055036.1	3309	19	0
NG_055033.1	3315	2	0
NG_055031.1	3301	7	0
NG_055030.1	3272	1	0
NG_055029.1	3277	1	0
NG_055027.1	572	1	0
NG_054868.1	570	2	0
NG_054858.1	531	2	0
NG_054844.1	530	3	0
NG_054831.1	3230	1	0
NG_054830.1	3198	12	0
NG_054819.1	3183	1	0
NG_054805.1	3284	1	0
NG_054804.1	3284	2	0
NG_042776.1	1198	1	0
NG_042775.1	1318	1	0
NG_042774.1	1034	1	0
NG_042763.1	594	1	0
NG_042747.1	1737	8	0
NG_042696.1	682	2	0
NG_042695.1	1789	15	0
NG_042694.1	1788	20	0
NG_042693.1	1795	15	0
NG_042692.1	1781	10	0
NG_042674.1	935	1	0
NG_042671.1	1538	1	0
NG_042663.1	885	1	0
NG_042662.1	909	1	0
NG_042660.1	965	9	0
NG_042649.1	3385	52	0
NG_042648.1	3094	18	0
NG_042647.1	3263	14	0
NG_042646.1	3262	6	0
NG_042645.1	3222	5	0
NG_042644.1	3246	21	0
NG_042643.1	3234	8	0
NG_042642.1	3219	2	0
NG_042641.1	3217	7	0
NG_042640.1	3261	3	0
NG_042639.1	3266	5	0
NG_042638.1	3255	8	0
NG_042637.1	3256	12	0
NG_042636.1	3260	5	0
NG_042635.1	3259	1	0
NG_042634.1	3260	6	0
NG_042633.1	3251	2	0
NG_042632.1	3253	1	0
NG_042631.1	3199	20	0
NG_042630.1	3271	4	0
NG_042629.1	3279	10	0
NG_042628.1	3278	5	0
NG_042627.1	3243	6	0
NG_042626.1	3266	2	0
NG_042625.1	3278	5	0
NG_042624.1	3282	1	0
NG_042623.1	3284	3	0
NG_042622.1	3312	3	0
NG_042621.1	3298	3	0
NG_042611.1	889	1	0
NG_042596.1	1423	5	0
NG_042595.1	889	2	0
NG_042589.1	1287	1	0
NG_042588.1	1291	1	0
NG_042586.1	1033	1	0
NG_042566.1	1428	2	0
NG_042565.1	1356	2	0
NG_042551.1	1047	5	0
NG_042548.1	1428	1	0
NG_042546.1	1030	9	0
NG_042545.1	916	9	0
NG_042538.1	1429	4	0
NG_042528.1	3268	2	0
NG_042527.1	2990	28	0
NG_042524.1	3678	60	0
NG_042523.1	1395	721	0
NG_042521.1	1769	6	0
NG_042513.1	591	1	0
NG_042495.1	570	1	0
NG_042480.1	600	1	0
NG_042464.1	1371	12	0
NG_042456.1	885	3	0
NG_042455.1	895	7	0
NG_042454.1	884	9	0
NG_042452.1	947	3	0
NG_042451.1	865	1	0
NG_042449.1	858	2	0
NG_042448.1	872	2	0
NG_042446.1	3238	3	0
NG_042445.1	3211	4	0
NG_042444.1	3212	1	0
NG_042440.1	753	2	0
NG_042439.1	3260	10	0
NG_042438.1	3251	2	0
NG_042437.1	3261	6	0
NG_042436.1	3619	45	0
NG_042435.1	3255	4	0
NG_042434.1	3255	3	0
NG_042432.1	3271	5	0
NG_042431.1	3710	3	0
NG_042430.1	3687	4	0
NG_042429.1	3701	3	0
NG_042428.1	3250	1	0
NG_042427.1	3256	2	0
NG_042426.1	3256	4	0
NG_042425.1	4685	20	0
NG_042424.1	3235	6	0
NG_042415.1	3162	56	0
NG_042414.1	3334	46	0
NG_042408.1	1370	1	0
NG_042403.1	627	4	0
NG_042400.1	1380	1	0
NG_042399.1	573	1	0
NG_042396.1	944	4	0
NG_042393.1	624	1	0
NG_042388.1	702	1	0
NG_042360.1	627	1	0
NG_042358.1	632	1	0
NG_042357.1	629	1	0
NG_042355.1	630	1	0
NG_042354.1	632	1	0
NG_042338.1	1292	1	0
NG_042329.1	1281	1	0
NG_042318.1	1315	1	0
NG_027648.1	3459	109	0
NG_027646.1	2771	82	0
NG_027645.1	3237	71	0
NG_027621.1	1394	4	0
NG_027618.1	3799	83	0
NG_027616.1	3270	50	0
NG_027613.1	3188	120	0
NG_027595.1	1409	1	0
NG_027567.1	3255	33	0
NG_027564.1	3237	94	0
NG_027561.1	3189	452	0
NG_027560.1	4318	56	0
NG_058727.1	1057	3	0
NG_057858.1	1327	1	0
NG_054818.1	508	1	0
NG_060249.1	3172	51	0
NG_060069.1	3174	76	0
NG_060067.1	984	2	0
NG_059518.1	3062	79	0
NG_059517.1	3072	65	0
NG_057757.1	1427	2	0
NG_057303.1	576	1	0
NG_060630.1	1399	1	0
NG_027623.1	3134	53	0
NG_060251.1	2970	44	0
NG_060250.1	3180	39	0
NG_060836.1	707	1	0
NG_060819.1	871	1	0
NG_060811.1	651	1	0
NG_060805.1	705	4	0
NG_060804.1	817	2	0
NG_060797.1	906	2	0
NG_060794.1	1044	3	0
NG_060791.1	1284	1	0
NG_060787.1	1957	5	0
NG_060709.1	984	1	0
NG_060708.1	985	1	0
NG_060705.1	918	1	0
NG_060690.1	762	2	0
NG_060677.1	932	2	0
NG_060676.1	860	7	0
NG_060672.1	865	1	0
NG_060669.1	896	1	0
NG_060656.1	959	2	0
NG_060652.1	1114	1	0
NG_060639.1	1148	1	0
NG_060635.1	1354	1	0
NG_060633.1	1039	5	0
NG_060632.1	1044	4	0
NG_060619.1	597	1	0
NG_060186.1	587	1	0
NG_060333.1	1813	1	0
NG_060275.1	890	1	0
NG_059244.1	783	1	0
NG_059226.1	665	1	0
NG_060441.1	1333	1	0
NG_060434.1	1252	16	0
NG_060429.1	1402	1	0
NG_060424.1	1305	1	0
NG_060420.1	2073	5	0
NG_060417.1	1356	1	0
NG_060415.1	870	1	0
NG_060414.1	910	2	0
NG_060403.1	1308	1	0
NG_060400.1	2969	52	0
NG_060391.1	1043	6	0
NG_060390.1	1043	4	0
NG_060387.1	977	1	0
NG_060383.1	865	1	0
NG_060381.1	3260	3	0
NG_060380.1	3253	3	0
NG_060379.1	3075	6	0
NG_060364.1	991	1	0
NG_060354.1	682	10	0
NG_060347.1	989	1	0
NG_060339.1	910	1	0
NG_060330.1	920	1	0
NG_060305.1	946	3	0
NG_060291.1	1012	1	0
NG_060281.1	591	2	0
NG_060265.1	1039	1	0
NG_060255.1	1322	1	0
NG_060252.1	949	2	0
NG_060241.1	675	5	0
NG_060240.1	734	1	0
NG_060187.1	885	1	0
NG_060170.1	1030	16	0
NG_060161.1	1355	2	0
NG_060159.1	1795	1	0
NG_060152.1	756	4	0
NG_060147.1	875	5	0
NG_060128.1	1345	2	0
NG_060127.1	1762	3	0
NG_060124.1	850	20	0
NG_060110.1	874	11	0
NG_060108.1	868	1	0
NG_060097.1	1441	1	0
NG_060093.1	862	1	0
NG_060084.1	1115	2	0
NG_060077.1	760	1	0
NG_060076.1	762	1	0
NG_060075.1	3083	12	0
NG_060074.1	3061	5	0
NG_060068.1	819	1	0
NG_060060.1	904	6	0
NG_060021.1	918	1	0
NG_060018.1	1122	1	0
NG_060016.1	1315	5	0
NG_060013.1	1204	10	0
NG_060003.1	1361	3	0
NG_059994.1	1253	1	0
NG_059989.1	910	1	0
NG_059979.1	1037	1	0
NG_059959.1	1313	3	0
NG_059953.1	628	1	0
NG_059943.1	500	30	0
NG_059935.1	736	1	0
NG_059923.1	1131	3	0
NG_059916.1	3265	3	0
NG_059915.1	3254	4	0
NG_055687.1	552	6	0
NG_055326.1	3221	13	0
NG_059873.1	876	1	0
NG_059861.1	981	2	0
NG_059858.1	883	1	0
NG_059853.1	897	5	0
NG_059839.1	859	1	0
NG_059810.1	1315	1	0
NG_059808.1	1315	1	0
NG_059807.1	1253	1	0
NG_059805.1	1271	1	0
NG_059801.1	1117	2	0
NG_059799.1	1975	2	0
NG_059798.1	1857	1	0
NG_059792.1	875	1	0
NG_059774.1	1028	1	0
NG_059743.1	1135	2	0
NG_059711.1	813	2	0
NG_059694.1	810	2	0
NG_059679.1	1311	1	0
NG_059672.1	869	4	0
NG_059656.1	1322	1	0
NG_059596.1	1306	1	0
NG_059559.1	891	2	0
NG_059549.1	815	1	0
NG_059548.1	1328	1	0
NG_059522.1	1328	3	0
NG_059521.1	1064	1	0
NG_059491.1	1324	4	0
NG_059467.1	1376	4	0
NG_059454.1	853	1	0
NG_059450.1	913	2	0
NG_059444.1	1340	1	0
NG_059438.1	1278	1	0
NG_059435.1	1030	1	0
NG_059432.1	921	5	0
NG_059428.1	1312	1	0
NG_059409.1	1297	1	0
NG_059406.1	1304	2	0
NG_059405.1	1366	2	0
NG_059399.1	1308	2	0
NG_059398.1	1311	1	0
NG_059389.1	1302	1	0
NG_059388.1	605	1	0
NG_056285.1	1400	1	0
NG_055327.1	3211	20	0
NG_055325.1	3224	26	0
NG_059266.1	889	2	0
NG_059263.1	836	3	0
NG_059218.1	859	3	0
NG_059207.1	1373	1	0
NG_059205.1	1282	1	0
NG_059204.1	1650	1	0
NG_059203.1	870	1	0
NG_059200.1	1320	1	0
NG_059193.1	1127	5	0
NG_059192.1	1356	1	0
NG_059184.1	882	1	0
NG_059183.1	882	1	0
NG_059182.1	882	1	0
NG_059170.1	829	1	0
NG_059169.1	825	1	0
NG_059167.1	836	1	0
NG_059153.1	935	1	0
NG_059134.1	949	1	0
NG_059114.1	801	1	0
NG_059108.1	930	1	0
NG_059094.1	918	1	0
NG_059093.1	917	2	0
NG_059092.1	695	4	0
NG_059090.1	561	1	0
NG_059082.1	685	5	0
NG_059081.1	674	2	0
NG_059076.1	3295	90	0
NG_059075.1	777	5	0
NG_059069.1	611	1	0
NG_059036.1	1315	1	0
NG_059035.1	1315	1	0
NG_059031.1	1317	1	0
NG_059027.1	1030	1	0
NG_059026.1	985	34	0
NG_059007.1	940	2	0
NG_059001.1	924	1	0
NG_058997.1	933	1	0
NG_058995.1	893	1	0
NG_058990.1	938	1	0
NG_058981.1	837	3	0
NG_058978.1	511	1	0
NG_058973.1	1178	5	0
NG_058969.1	1137	1	0
NG_058951.1	1314	15	0
NG_058950.1	1305	18	0
NG_058945.1	855	1	0
NG_058937.1	1255	1	0
NG_058931.1	1305	1	0
NG_058913.1	768	1	0
NG_058908.1	2165	1	0
NG_058878.1	900	4	0
NG_058862.1	1320	1	0
NG_058853.1	515	1	0
NG_058844.1	628	2	0
NG_058837.1	943	7	0
NG_058829.1	932	1	0
NG_058823.1	936	1	0
NG_058820.1	931	2	0
NG_058816.1	1274	1	0
NG_058813.1	715	1	0
NG_058811.1	712	1	0
NG_058806.1	1202	9	0
NG_058782.1	3290	51	0
NG_058776.1	1407	2	0
NG_058773.1	538	3	0
NG_058766.1	629	1	0
NG_058757.1	886	1	0
NG_058755.1	3255	2	0
NG_058754.1	3255	1	0
NG_058753.1	3262	3	0
NG_058752.1	3250	4	0
NG_058751.1	3250	2	0
NG_058750.1	3254	2	0
NG_058749.1	3258	4	0
NG_058748.1	3257	5	0
NG_058747.1	3273	8	0
NG_058744.1	839	1	0
NG_058743.1	993	14	0
NG_058742.1	1427	1	0
NG_058734.1	1366	1	0
NG_058725.1	862	1	0
NG_058710.1	879	1	0
NG_058707.1	926	1	0
NG_058701.1	684	1	0
NG_058690.1	833	1	0
NG_058688.1	895	2	0
NG_058679.1	759	5	0
NG_058677.1	1329	5	0
NG_058676.1	1321	1	0
NG_058674.1	1824	22	0
NG_058673.1	1776	8	0
NG_058672.1	1693	1	0
NG_058670.1	941	1	0
NG_058656.1	1182	12	0
NG_058654.1	1029	1	0
NG_058645.1	934	2	0
NG_058643.1	1086	2	0
NG_058642.1	1326	1	0
NG_058630.1	3329	3	0
NG_058629.1	3261	11	0
NG_058628.1	3336	3	0
NG_058627.1	1012	20	0
NG_058623.1	1412	6	0
NG_058609.1	648	1	0
NG_058604.1	799	2	0
NG_058601.1	561	1	0
NG_058582.1	731	22	0
NG_058578.1	1015	2	0
NG_058569.1	802	1	0
NG_058568.1	908	1	0
NG_058561.1	698	2	0
NG_058560.1	702	29	0
NG_058556.1	810	12	0
NG_058545.1	644	1	0
NG_058465.1	1827	1	0
NG_058447.1	916	1	0
NG_058444.1	543	19	0
NG_058430.1	934	2	0
NG_058408.1	818	1	0
NG_058351.1	918	2	0
NG_058347.1	870	1	0
NG_058307.1	937	1	0
NG_058304.1	933	1	0
NG_058287.1	930	3	0
NG_058282.1	546	3	0
NG_058277.1	656	1	0
NG_058268.1	866	2	0
NG_058262.1	1940	9	0
NG_058203.1	1826	28	0
NG_058200.1	1287	1	0
NG_058198.1	1205	14	0
NG_058154.1	894	1	0
NG_058153.1	882	1	0
NG_058097.1	831	1	0
NG_058088.1	863	1	0
NG_058087.1	901	1	0
NG_058038.1	1830	11	0
NG_058037.1	1067	5	0
NG_058036.1	1069	2	0
NG_058035.1	1067	2	0
NG_058034.1	1067	3	0
NG_058033.1	1067	6	0
NG_058032.1	1066	3	0
NG_058031.1	1067	4	0
NG_058030.1	1368	1	0
NG_058029.1	1329	2	0
NG_058028.1	1843	44	0
NG_058016.1	1324	7	0
NG_058012.1	1343	1	0
NG_057984.1	790	1	0
NG_057979.1	1009	2	0
NG_057978.1	1022	1	0
NG_057977.1	967	1	0
NG_057975.1	625	1	0
NG_057974.1	988	1	0
NG_057971.1	1434	5	0
NG_057965.1	634	1	0
NG_057961.1	811	2	0
NG_057960.1	809	2	0
NG_057949.1	935	4	0
NG_057942.1	793	1	0
NG_057941.1	873	1	0
NG_057940.1	941	1	0
NG_057936.1	649	1	0
NG_057935.1	712	2	0
NG_057930.1	677	1	0
NG_057905.1	926	1	0
NG_057902.1	1430	1	0
NG_057892.1	883	3	0
NG_057890.1	932	4	0
NG_057884.1	913	2	0
NG_057880.1	588	2	0
NG_057879.1	586	16	0
NG_057873.1	712	1	0
NG_057871.1	675	1	0
NG_057862.1	1304	1	0
NG_057855.1	3279	44	0
NG_057854.1	4009	43	0
NG_057851.1	863	1	0
NG_057848.1	3299	38	0
NG_057843.1	923	1	0
NG_057840.1	1357	1	0
NG_057838.1	1327	5	0
NG_057836.1	1327	1	0
NG_057833.1	629	1	0
NG_057820.1	916	4	0
NG_057819.1	1011	3	0
NG_057814.1	868	3	0
NG_057813.1	1356	3	0
NG_057811.1	1353	2	0
NG_057809.1	805	2	0
NG_057801.1	1327	1	0
NG_057798.1	1329	2	0
NG_057788.1	923	1	0
NG_057785.1	921	1	0
NG_057783.1	935	5	0
NG_057777.1	3283	40	0
NG_057774.1	3286	56	0
NG_057772.1	3296	82	0
NG_057764.1	533	1	0
NG_057761.1	535	2	0
NG_057760.1	669	2	0
NG_057754.1	1244	2	0
NG_057750.1	1315	1	0
NG_057749.1	1093	1	0
NG_057747.1	883	6	0
NG_057745.1	892	3	0
NG_057741.1	832	2	0
NG_057736.1	1348	2	0
NG_057735.1	1338	1	0
NG_057733.1	1441	1	0
NG_057732.1	1432	2	0
NG_057731.1	1385	2	0
NG_057725.1	1305	1	0
NG_057723.1	593	26	0
NG_057720.1	801	14	0
NG_057716.1	615	1	0
NG_057709.1	1414	5	0
NG_057677.1	626	2	0
NG_057673.1	1020	1	0
NG_057643.1	618	1	0
NG_057627.1	604	1	0
NG_057622.1	562	1	0
NG_057333.1	575	1	0
NG_057311.1	1096	1	0
NG_057307.1	575	1	0
NG_057296.1	576	2	0
NG_057273.1	1429	1	0
NG_057268.1	1424	2	0
NG_057256.1	1387	1	0
NG_057246.1	1427	1	0
NG_057245.1	1436	7	0
NG_057238.1	1442	6	0
NG_057234.1	1389	12	0
NG_057233.1	690	6	0
NG_057232.1	938	1	0
NG_057230.1	937	4	0
NG_057214.1	1385	4	0
NG_057203.1	1425	1	0
NG_057198.1	1421	1	0
NG_057193.1	1442	1	0
NG_057177.1	3253	3	0
NG_057176.1	3254	1	0
NG_057175.1	3254	1	0
NG_057174.1	3258	2	0
NG_057172.1	3250	5	0
NG_057171.1	3249	10	0
NG_057170.1	3251	1	0
NG_057169.1	3256	4	0
NG_057168.1	3253	1	0
NG_057166.1	3259	1	0
NG_057165.1	3261	3	0
NG_057164.1	3255	3	0
NG_057163.1	3282	5	0
NG_057162.1	3299	1	0
NG_057161.1	3264	5	0
NG_057160.1	3267	1	0
NG_057159.1	3267	1	0
NG_057141.1	1309	2	0
NG_057140.1	1314	5	0
NG_057139.1	1283	1	0
NG_057125.1	926	1	0
NG_057100.1	843	2	0
NG_057095.1	1829	3	0
NG_057091.1	1345	2	0
NG_057072.1	839	3	0
NG_057062.1	1454	2	0
NG_057060.1	1452	1	0
NG_057058.1	1382	1	0
NG_057052.1	879	1	0
NG_057043.1	1392	1	0
NG_057042.1	968	2	0
NG_057041.1	1388	1	0
NG_057038.1	864	1	0
NG_057033.1	794	2	0
NG_057032.1	858	5	0
NG_057029.1	915	1	0
NG_057027.1	1055	1	0
NG_057025.1	1058	1	0
NG_057011.1	906	2	0
NG_056996.1	924	1	0
NG_056975.1	1487	1	0
NG_056969.1	1348	2	0
NG_056968.1	3289	85	0
NG_056965.1	934	1	0
NG_056949.1	947	1	0
NG_056278.1	3263	8	0
NG_056273.1	619	3	0
NG_056272.1	626	30	0
NG_056268.1	604	1	0
NG_056267.1	1283	1	0
NG_054788.1	565	2	0
NG_054787.1	569	1	0
NG_042485.1	583	1	0
NG_055740.1	849	1	0
NG_042761.1	1797	9	0
NG_042443.1	949	6	0
