NR_177467.1	642	1	0
NR_177181.1	963	6	0
NR_177180.1	896	8	0
NR_177168.1	489	10	0
NR_177166.1	528	2	0
NR_177134.1	654	3	0
NR_172824.1	581	3	0
NR_155566.1	599	2	0
NR_132051.1	566	1	0
NR_111093.1	598	3	0
NR_176739.1	567	2	0
NR_176709.1	581	1	0
NR_176706.1	579	1	0
NR_176704.1	706	2	0
NR_149342.1	666	1	0
NR_171230.1	623	1	0
NR_159783.1	624	10	0
NR_157441.1	569	1	0
NR_156254.1	487	1	0
NR_154781.1	692	4	0
NR_175098.1	674	5	0
NR_163756.1	575	1	0
NR_176184.1	790	1	0
NR_176182.1	591	3	0
NR_176181.1	592	1	0
NR_176131.1	628	1	0
NR_170838.1	630	1	0
NR_175758.1	608	1	0
NR_175660.1	652	1	0
NR_157879.1	583	1	0
NR_175208.1	542	2	0
NR_175199.1	714	1	0
NR_175159.1	521	1	0
NR_175128.1	532	1	0
NR_175108.1	570	2	0
NR_175105.1	750	3	0
NR_175039.1	730	2	0
NR_174926.1	715	1	0
NR_174910.1	580	1	0
NR_174897.1	636	5	0
NR_174851.1	565	2	0
NR_174846.1	535	1	0
NR_174826.1	589	3	0
NR_174824.1	651	2	0
NR_174812.1	662	2	0
NR_174768.1	752	1	0
NR_174766.1	763	1	0
NR_174764.1	759	1	0
NR_174762.1	748	2	0
NR_174761.1	732	2	0
NR_174757.1	632	1	0
NR_174756.1	610	1	0
NR_174755.1	611	1	0
NR_174749.1	671	1	0
NR_174729.1	649	3	0
NR_174728.1	655	6	0
NR_171710.1	722	10	0
NR_168798.1	512	1	0
NR_160183.1	449	1	0
NR_144811.1	605	3	0
NR_174077.1	554	2	0
NR_164277.1	756	5	0
NR_173972.1	721	4	0
NR_173970.1	700	1	0
NR_173967.1	732	1	0
NR_173939.1	689	1	0
NR_173911.1	629	1	0
NR_173892.1	804	1	0
NR_173834.1	723	1	0
NR_173820.1	727	2	0
NR_173747.1	705	1	0
NR_173737.1	780	20	0
NR_173736.1	604	1	0
NR_173706.1	741	2	0
NR_173430.1	740	1	0
NR_120116.2	673	1	0
NR_119473.1	642	1	0
NR_173386.1	582	1	0
NR_173379.1	552	6	0
NR_173361.1	698	2	0
NR_173316.1	479	20	0
NR_173250.1	533	2	0
NR_153464.1	567	2	0
NR_173189.1	791	1	0
NR_173155.1	669	1	0
NR_173054.1	555	1	0
NR_173042.1	535	43	0
NR_173034.1	540	1	0
NR_173022.1	549	1	0
NR_172996.1	667	1	0
NR_172967.1	589	1	0
NR_172961.1	582	1	0
NR_172955.1	775	41	0
NR_161000.1	512	1	0
NR_155116.1	632	1	0
NR_145399.1	714	1	0
NR_145366.1	672	1	0
NR_172806.1	679	2	0
NR_172792.1	707	2	0
NR_172779.1	594	2	0
NR_172770.1	632	1	0
NR_172742.1	519	8	0
NR_172447.1	605	1	0
NR_172379.1	615	1	0
NR_153597.1	609	323	0
NR_137144.1	584	1	0
NR_119591.1	573	1	0
NR_172309.1	564	1	0
NR_172273.1	482	1	0
NR_172214.1	539	1	0
NR_172195.1	660	2	0
NR_172163.1	609	3	0
NR_168170.1	558	1	0
NR_171913.1	753	1	0
NR_145361.1	715	1	0
NR_171811.1	1329	4	0
NR_171762.1	578	1	0
NR_171723.1	562	1	0
NR_171722.1	608	3	0
NR_171714.1	679	2	0
NR_171619.1	719	1	0
NR_171611.1	726	3	0
NR_171605.1	656	3	0
NR_171604.1	595	1	0
NR_171603.1	682	2	0
NR_171579.1	548	1	0
NR_145148.1	581	6	0
NR_171267.1	976	9	0
NR_121556.1	616	1	0
NR_145301.1	603	3	0
NR_170804.1	526	1	0
NR_170792.1	443	1	0
NR_170791.1	448	1	0
NR_170738.1	815	5	0
NR_156500.1	728	1	0
NR_165939.1	491	2	0
NR_170036.1	517	3	0
NR_170020.1	536	1	0
NR_169921.1	704	1	0
NR_169891.1	675	3	0
NR_169702.1	682	1	0
NR_169697.1	729	1	0
NR_169674.1	544	1	0
NR_169668.1	795	16	0
NR_169670.1	519	2	0
NR_131993.1	570	1	0
NR_168826.1	543	1	0
NR_168808.1	476	1	0
NR_168775.1	485	2	0
NR_168749.1	586	2	0
NR_168748.1	709	3	0
NR_168427.1	563	3	0
NR_168425.1	687	2	0
NR_168423.1	604	1	0
NR_168422.1	605	1	0
NR_168421.1	604	2	0
NR_168410.1	606	1	0
NR_168407.1	601	1	0
NR_168210.1	559	1	0
NR_168143.1	675	1	0
NR_155093.1	573	1	0
NR_145402.1	605	1	0
NR_166556.1	575	1	0
NR_166360.1	616	1	0
NR_166359.1	733	9	0
NR_166357.1	735	7	0
NR_166281.1	607	2	0
NR_166237.1	641	2	0
NR_166219.1	654	1	0
NR_165983.1	901	4	0
NR_165968.1	531	1	0
NR_165959.1	550	1	0
NR_160609.1	733	1	0
NR_166002.1	791	1	0
NR_165884.1	741	1	0
NR_165924.1	512	1	0
NR_165841.1	506	2	0
NR_165595.1	630	1	0
NR_165589.1	583	1	0
NR_165585.1	576	1	0
NR_165562.1	554	1	0
NR_165560.1	543	1	0
NR_165555.1	610	1	0
NR_165503.1	532	1	0
NR_165213.1	711	4	0
NR_165200.1	829	15	0
NR_153598.1	666	11	0
NR_119557.1	580	1	0
NR_145163.1	502	2	0
NR_164613.1	833	3	0
NR_164612.1	639	2	0
NR_164601.1	507	1	0
NR_164582.1	622	1	0
NR_164495.1	733	2	0
NR_164458.1	688	13	0
NR_164457.1	692	1	0
NR_164451.1	575	1	0
NR_164383.1	702	1	0
NR_164382.1	430	2	0
NR_164292.1	705	3	0
NR_164291.1	544	1	0
NR_164289.1	645	2	0
NR_164288.1	709	1	0
NR_164278.1	690	1	0
NR_164224.1	649	1	0
NR_164219.1	633	4	0
NR_164092.1	436	2	0
NR_163677.1	579	1	0
NR_163669.1	704	2	0
NR_154803.1	784	3	0
NR_154704.1	668	10	0
NR_154391.1	832	13	0
NR_153599.1	702	1	0
NR_145348.1	565	1	0
NR_145169.1	514	1	0
NR_136018.1	563	1	0
NR_135961.1	582	7	0
NR_132054.1	1092	7	0
NR_131998.1	517	1	0
NR_126145.2	692	2	0
NR_121448.1	646	1	0
NR_121445.1	645	1	0
NR_121434.1	680	1	0
NR_121431.1	684	1	0
NR_121407.1	661	1	0
NR_121406.1	664	2	0
NR_121405.1	663	1	0
NR_121404.1	662	2	0
NR_121400.1	692	196	0
NR_121398.1	691	197	0
NR_121395.1	691	176	0
NR_121394.1	689	201	0
NR_121393.1	689	174	0
NR_121391.1	690	182	0
NR_121390.1	694	195	0
NR_121389.1	692	1	0
NR_121388.1	694	180	0
NR_121387.1	691	182	0
NR_121376.1	672	1	0
NR_121369.1	623	1	0
NR_121362.1	653	1	0
NR_121339.1	804	18	0
NR_120089.1	694	1	0
NR_119652.1	668	4	0
NR_119650.1	681	7	0
NR_119648.1	853	1	0
NR_119644.1	713	7	0
NR_119625.1	648	1	0
NR_119590.1	749	13	0
NR_119555.1	747	1	0
NR_119554.1	824	18	0
NR_119543.1	814	2	0
NR_119535.1	476	1	0
NR_119533.1	601	2	0
NR_111867.1	788	5	0
NR_111586.1	601	1	0
NR_111562.1	621	2	0
NR_111314.1	708	5	0
NR_111313.1	636	2	0
NR_111261.1	697	1	0
NR_111240.1	636	2	0
NR_111189.1	686	1	0
NR_111108.1	444	1	0
NR_163517.1	809	3	0
NR_163355.1	671	1	0
NR_163315.1	693	14	0
NR_151796.1	484	1	0
NR_161133.1	551	1	0
NR_160989.1	697	1	0
NR_160628.1	797	1	0
NR_160570.1	635	1	0
NR_160245.1	569	1	0
NR_155215.1	574	1	0
NR_160479.1	765	18	0
NR_160357.1	550	1	0
NR_160342.1	575	1	0
NR_160330.1	684	10	0
NR_160328.1	505	3	0
NR_160313.1	473	1	0
NR_160243.1	523	1	0
NR_160213.1	532	1	0
NR_160204.1	659	1	0
NR_160180.1	719	1	0
NR_160160.1	562	3	0
NR_160159.1	739	3	0
NR_160151.1	656	1	0
NR_160139.1	692	1	0
NR_160118.1	592	8	0
NR_160114.1	476	1	0
NR_160077.1	708	6	0
NR_138396.1	475	1	0
NR_159858.1	695	1	0
NR_159852.1	577	16	0
NR_159761.1	548	1	0
NR_119415.2	697	4	0
NR_121553.1	580	2	0
NR_121548.1	606	1	0
NR_121541.1	587	2	0
NR_121532.1	682	1	0
NR_121522.1	619	1	0
NR_121521.1	654	1	0
NR_121514.1	692	1	0
NR_121513.1	691	1	0
NR_121508.1	693	1	0
NR_121473.1	613	1	0
NR_121464.1	517	2	0
NR_121288.1	670	1	0
NR_121270.1	773	4	0
NR_121246.1	606	1	0
NR_120292.1	630	1	0
NR_120267.1	667	9	0
NR_120176.1	616	2	0
NR_120025.1	850	27	0
NR_119997.1	678	2	0
NR_119975.1	746	17	0
NR_119968.1	687	1	0
NR_119935.1	624	1	0
NR_119934.1	617	2	0
NR_119933.1	678	1	0
NR_119646.1	746	1	0
NR_119633.1	573	2	0
NR_119631.1	559	1	0
NR_119562.1	545	1	0
NR_119468.1	663	9	0
NR_119444.1	697	1	0
NR_119439.1	697	1	0
NR_119417.1	649	1	0
NR_111819.1	583	1	0
NR_111817.1	586	1	0
NR_111779.1	744	10	0
NR_111761.1	507	2	0
NR_111655.1	579	1	0
NR_111547.1	523	1	0
NR_111324.1	558	1	0
NR_111194.1	482	1	0
NR_111161.1	585	4	0
NR_111118.1	635	1	0
NR_111045.1	621	1	0
NR_103623.1	621	1	0
NR_103622.1	661	2	0
NR_103598.1	478	2	0
NR_077168.1	529	1	0
NR_077142.1	712	1	0
NR_077131.1	553	1	0
NR_077130.1	559	1	0
NR_077113.1	604	1	0
NR_077106.1	640	1	0
NR_073329.1	612	1	0
NR_073225.1	647	1	0
NR_073219.1	621	4	0
NR_073208.1	531	1	0
NR_138438.1	577	1	0
NR_159641.1	710	1	0
NR_159639.1	765	1	0
NR_159581.1	553	1	0
NR_159551.1	515	1	0
NR_159064.1	660	1	0
NR_153618.1	568	3	0
NR_153560.1	420	1	0
NR_137959.1	556	1	0
NR_137578.1	587	1	0
NR_158910.1	593	1	0
NR_158794.1	578	4	0
NR_158507.1	739	1	0
NR_158461.1	862	14	0
NR_158460.1	695	1	0
NR_158442.1	715	21	0
NR_158346.1	584	1	0
NR_158345.1	580	10	0
NR_158299.1	762	1	0
NR_158283.1	433	6	0
NR_158273.1	557	1	0
NR_158272.1	497	3	0
NR_157547.1	498	1	0
NR_157488.1	573	6	0
NR_157458.1	542	9	0
NR_157442.1	543	1	0
NR_156634.1	655	1	0
NR_156587.1	615	5	0
NR_156363.1	658	5	0
NR_156359.1	653	3	0
NR_156330.1	693	2	0
NR_156328.1	720	1	0
NR_156280.1	631	5	0
NR_148181.1	699	2	0
NR_156538.1	676	1	0
NR_156512.1	585	1	0
NR_156504.1	494	1	0
NR_156347.1	625	2	0
NR_156327.1	522	1	0
NR_156319.1	1030	2	0
NR_156314.1	631	1	0
NR_155993.1	572	1	0
NR_155928.1	526	2	0
NR_155916.1	560	1	0
NR_155848.1	508	1	0
NR_155816.1	567	1	0
NR_155808.1	565	3	0
NR_155593.1	762	1	0
NR_144833.1	615	1	0
NR_155239.1	484	1	0
NR_155199.1	724	1	0
NR_155195.1	685	3	0
NR_155049.1	602	1	0
NR_155004.1	507	1	0
NR_154978.1	685	1	0
NR_154918.1	618	1	0
NR_154896.1	630	1	0
NR_154802.1	754	1	0
NR_154774.1	574	1	0
NR_154758.1	566	1	0
NR_154750.1	625	2	0
NR_154682.1	565	1	0
NR_154638.1	635	1	0
NR_154600.1	574	1	0
NR_154538.1	576	1	0
NR_154491.1	662	2	0
NR_154489.1	650	1	0
NR_154485.1	618	1	0
NR_154421.1	675	1	0
NR_154393.1	544	2	0
NR_154354.1	600	1	0
NR_154326.1	539	2	0
NR_154313.1	648	6	0
NR_154312.1	632	1	0
NR_154300.1	561	1	0
NR_154288.1	712	3	0
NR_154287.1	734	2	0
NR_154251.1	605	1	0
NR_154249.1	619	1	0
NR_154119.1	675	19	0
NR_154082.1	660	1	0
NR_154073.1	729	1	0
NR_154007.1	614	1	0
NR_153975.1	548	1	0
NR_153942.1	503	1	0
NR_153938.1	528	1	0
NR_153930.1	702	2	0
NR_153927.1	556	1	0
NR_153875.1	764	1	0
NR_153869.1	515	1	0
NR_153646.1	660	2	0
NR_153644.1	504	1	0
NR_153643.1	540	6	0
NR_153606.1	834	15	0
NR_153525.1	717	353	0
NR_153487.1	575	2	0
NR_153466.1	724	1	0
NR_152544.1	865	2	0
NR_145101.1	639	2	0
NR_144767.1	682	1	0
NR_138381.1	542	1	0
NR_137774.1	689	2	0
NR_135954.1	633	13	0
NR_152962.1	574	2	0
NR_152538.1	632	1	0
NR_151851.1	721	1	0
NR_151842.1	866	1	0
NR_148190.1	483	1	0
NR_148083.1	670	2	0
NR_147681.1	562	1	0
NR_147584.1	579	1	0
NR_147528.1	744	80	0
NR_147428.1	726	4	0
NR_146253.1	701	4	0
NR_145372.1	688	1	0
NR_144901.1	637	33	0
NR_144832.1	615	1	0
NR_144818.1	587	3	0
NR_144812.1	632	1	0
NR_144766.1	630	1	0
NR_138417.1	657	2	0
NR_138368.1	684	1	0
NR_138220.1	469	1	0
NR_137977.1	652	1	0
NR_137950.1	482	1	0
NR_137926.1	571	1	0
NR_137867.1	679	2	0
NR_137772.1	645	2	0
NR_137123.1	624	1	0
NR_136125.1	634	8	0
NR_136066.1	628	1	0
NR_136002.1	487	1	0
NR_136001.1	484	1	0
NR_135992.1	486	5	0
NR_135981.1	487	3	0
NR_135944.1	513	2	0
NR_135937.1	722	5	0
NR_132934.1	598	1	0
NR_132851.1	636	1	0
NR_132825.1	792	1	0
NR_132799.1	518	2	0
NR_132069.1	652	1	0
NR_131271.1	715	1	0
NR_148066.1	640	2	0
NR_144810.1	567	2	0
NR_131996.1	689	1	0
NR_147680.1	522	2	0
NR_147668.1	527	1	0
NR_147496.1	723	1	0
NR_147495.1	731	5	0
NR_147488.1	680	1	0
NR_147305.1	616	17	0
NR_146272.1	554	1	0
NR_145368.1	452	1	0
NR_145062.1	635	1	0
NR_145056.1	724	5	0
NR_144846.1	527	1	0
NR_144834.1	615	1	0
NR_138341.1	749	1	0
NR_137813.1	597	1	0
NR_137808.1	599	1	0
NR_137778.1	579	1	0
NR_137545.1	569	1	0
NR_137537.1	750	1	0
NR_137460.1	589	1	0
NR_137152.1	529	1	0
NR_137151.1	673	5	0
NR_137010.1	669	1	0
NR_136092.1	525	1	0
NR_135999.1	484	1	0
NR_135942.1	651	2	0
NR_135365.1	584	1	0
NR_135364.1	589	1	0
NR_135362.1	587	1	0
