NG_087918.1	1699	3	0
NG_087915.1	1053	1	0
NG_087910.1	1026	3	0
NG_087909.1	1029	5	0
NG_087908.1	935	14	0
NG_087907.1	1001	26	0
NG_087906.1	1013	4	0
NG_087904.1	1117	11	0
NG_087903.1	1031	2	0
NG_087901.1	1695	8	0
NG_087900.1	1679	6	0
NG_087899.1	1670	10	0
NG_087898.1	1686	6	0
NG_087897.1	1694	10	0
NG_087896.1	1687	13	0
NG_087895.1	1693	4	0
NG_087894.1	2070	9	0
NG_087891.1	1084	1	0
NG_087890.1	1084	1	0
NG_087889.1	1084	1	0
NG_087888.1	1084	2	0
NG_087885.1	1084	3	0
NG_087884.1	1084	1	0
NG_087883.1	1255	4	0
NG_087878.1	1032	1	0
NG_087875.1	1678	3	0
NG_087874.1	1971	4	0
NG_087873.1	998	8	0
NG_087872.1	1620	1	0
NG_087870.1	1009	3	0
NG_087869.1	1009	1	0
NG_087864.1	1039	1	0
NG_087859.1	1602	9	0
NG_087858.1	1627	3	0
NG_087857.1	1728	3	0
NG_064877.1	1700	7	0
NG_063681.1	1017	1	0
NG_062606.1	1685	4	0
NG_065154.1	1699	3	0
NG_065128.1	1454	7	0
NG_065016.1	1463	4	0
NG_063068.1	1662	4	0
NG_063049.1	1651	6	0
NG_063048.1	1650	7	0
NG_062998.1	1712	7	0
NG_062997.1	1699	6	0
NG_062994.1	1686	7	0
NG_062993.1	1686	7	0
NG_062991.1	1463	3	0
NG_062989.1	1463	7	0
NG_062988.1	1463	4	0
NG_062987.1	1463	6	0
NG_062986.1	1463	7	0
NG_062985.1	1463	7	0
NG_062603.1	1686	4	0
NG_062602.1	1686	5	0
NG_061019.1	1738	38	0
NG_081436.1	996	1	0
NG_081434.1	1696	1	0
NG_081430.1	1135	2	0
NG_081429.1	1127	1	0
NG_081428.1	1130	1	0
NG_081427.1	1128	6	0
NG_081424.1	1013	58788	0
NG_081423.1	749	3	0
NG_081420.1	1028	1	0
NG_081419.1	1029	2	0
NG_081418.1	1018	6	0
NG_081417.1	1029	4	0
NG_081412.1	1098	6	0
NG_081411.1	1071	2	0
NG_081410.1	1093	11	0
NG_081409.1	1134	8	0
NG_081404.1	1048	1	0
NG_081403.1	1023	1	0
NG_081398.1	1028	13	0
NG_081397.1	1325	6	0
NG_081396.1	1664	1	0
NG_081384.1	1046	13	0
NG_081383.1	1014	1	0
NG_081380.1	1645	40	0
NG_081378.1	1491	43	0
NG_081377.1	1653	1	0
NG_081376.1	1730	2	0
NG_081375.1	1723	15	0
NG_081374.1	1776	2	0
NG_081373.1	1020	71	0
NG_081366.1	1736	25	0
NG_081364.1	1737	57	0
NG_081363.1	1382	6	0
NG_081360.1	1741	2	0
NG_065067.1	1010	5	0
NG_065066.1	1009	2	0
NG_067668.1	1106	2	0
NG_064894.1	1710	1	0
NG_078770.1	1106	7	0
NG_078764.1	1018	1	0
NG_078760.1	1042	1	0
NG_078759.1	1015	1	0
NG_078757.1	1647	19	0
NG_078756.1	1595	10	0
NG_078755.1	1607	48	0
NG_078750.1	1648	87	0
NG_078749.1	1074	5	0
NG_078748.1	968	7	0
NG_078745.1	1024	2	0
NG_078744.1	1010	3	0
NG_078743.1	1010	10	0
NG_078742.1	1006	2	0
NG_078741.1	1765	34	0
NG_078740.1	1371	1	0
NG_078738.1	1008	3	0
NG_078737.1	1007	1	0
NG_078736.1	894	2	0
NG_078734.1	1008	2	0
NG_078733.1	1008	1	0
NG_078732.1	1008	1	0
NG_078730.1	1727	1	0
NG_078728.1	1733	1	0
NG_078727.1	1690	5	0
NG_078725.1	1780	4	0
NG_078724.1	1782	45	0
NG_078723.1	1782	29	0
NG_077396.1	1775	32	0
NG_064964.1	1091	4	0
NG_064823.1	1723	1	0
NG_064822.1	1723	6	0
NG_063022.1	1015	1	0
NG_062617.1	1723	2	0
NG_064900.1	1650	3	0
NG_062621.1	1757	7	0
NG_077449.1	1006	6	0
NG_077448.1	1128	1	0
NG_077447.1	1100	3	0
NG_077446.1	1073	1	0
NG_077445.1	1001	8	0
NG_077442.1	985	24	0
NG_077440.1	996	12	0
NG_077437.1	1009	2	0
NG_077433.1	1262	8	0
NG_077431.1	1177	3	0
NG_077428.1	1030	3	0
NG_077427.1	1038	6	0
NG_077426.1	1029	3	0
NG_077425.1	1022	4	0
NG_077423.1	1023	4	0
NG_077421.1	1051	1	0
NG_077420.1	1047	1	0
NG_077417.1	1002	1	0
NG_077409.1	1051	1	0
NG_077406.1	1594	1	0
NG_077404.1	1718	5	0
NG_077403.1	1718	2	0
NG_077402.1	1732	3	0
NG_077401.1	1617	2	0
NG_077400.1	1577	6	0
NG_077399.1	1072	2	0
NG_077397.1	2045	18	0
NG_070848.1	1732	26	0
NG_063512.1	1750	5	0
NG_063511.1	1713	4	0
NG_063443.1	1763	90	0
NG_063441.1	1763	103	0
NG_062059.1	1662	1	0
NG_065501.1	1787	3469	0
NG_063416.1	1782	31	0
NG_062664.1	1726	1	0
NG_061244.1	1005	65	0
NG_076805.1	1043	1	0
NG_076804.1	1013	1	0
NG_076803.1	1013	1	0
NG_076799.1	1005	1	0
NG_076797.1	1014	2	0
NG_076796.1	1013	1	0
NG_076790.1	1012	1	0
NG_076788.1	1006	1	0
NG_076785.1	1013	1	0
NG_076783.1	1008	1	0
NG_076781.1	1011	1	0
NG_076779.1	1011	16	0
NG_076777.1	1011	1	0
NG_076774.1	1014	4	0
NG_076760.1	1011	2	0
NG_076758.1	1011	5	0
NG_076755.1	1014	2	0
NG_076754.1	990	7	0
NG_065542.1	1724	74	0
NG_065129.1	1454	5	0
NG_063582.1	705	1	0
NG_063414.1	1781	4	0
NG_063405.1	1781	143	0
NG_063238.1	1751	1	0
NG_063010.1	1463	8	0
NG_062996.1	1715	15	0
NG_062990.1	1463	7	0
NG_062713.1	1696	4	0
NG_062712.1	1701	6	0
NG_062663.1	2451	3	0
NG_062372.1	1729	3	0
NG_062117.1	1005	1	0
NG_062115.1	1006	1	0
NG_062113.1	1005	1	0
NG_061072.1	1598	2	0
NG_017171.1	1771	262	0
NG_064936.1	2057	1	0
NG_063063.1	1054	1	0
NG_062940.1	1654	4	0
NG_062646.1	1077	1	0
NG_074971.1	1020	7	0
NG_074969.1	1052	1	0
NG_074968.1	1102	4	0
NG_074967.1	985	2	0
NG_074965.1	985	1	0
NG_074961.1	1025	38	0
NG_074959.1	2668	2	0
NG_074958.1	2084	3	0
NG_074957.1	991	4	0
NG_074954.1	1678	28	0
NG_074952.1	1034	3	0
NG_074951.1	1016	5	0
NG_074947.1	1013	4	0
NG_074941.1	1013	3	0
NG_074940.1	1012	1	0
NG_074938.1	1707	2	0
NG_074936.1	1013	1	0
NG_074930.1	1015	1	0
NG_074928.1	1013	6	0
NG_074926.1	1392	15	0
NG_074924.1	1011	1	0
NG_074923.1	1012	1	0
NG_074921.1	1359	9	0
NG_074919.1	1012	1	0
NG_074917.1	1333	1	0
NG_074914.1	1670	3	0
NG_074913.1	1669	23	0
NG_074912.1	1004	2	0
NG_074911.1	997	1	0
NG_074909.1	987	1	0
NG_074908.1	1046	26	0
NG_074906.1	1625	26	0
NG_074905.1	1607	16	0
NG_074904.1	1626	19	0
NG_074903.1	885	10	0
NG_074902.1	955	1	0
NG_074900.1	985	6	0
NG_074897.1	1023	1	0
NG_074896.1	1025	1	0
NG_074894.1	1045	1	0
NG_074892.1	914	1	0
NG_074881.1	1043	1	0
NG_074880.1	1024	2	0
NG_074878.1	1774	6	0
NG_070879.1	1266	24	0
NG_065726.1	1098	2	0
NG_065724.1	1111	1	0
NG_065105.1	1770	2	0
NG_064992.1	1183	63	0
NG_062795.1	1085	5	0
NG_062360.1	1770	2	0
NG_067693.1	1332	1	0
NG_073571.1	1084	2	0
NG_073570.1	1088	5	0
NG_073569.1	1084	1	0
NG_073567.1	1714	20	0
NG_073566.1	1729	23	0
NG_073565.1	1673	45	0
NG_073564.1	1714	22	0
NG_073563.1	1700	1	0
NG_073562.1	1651	17	0
NG_073561.1	1179	6	0
NG_073560.1	854	2	0
NG_073556.1	997	65	0
NG_073554.1	989	6	0
NG_073549.1	991	2	0
NG_073544.1	994	80	0
NG_073541.1	753	16	0
NG_073539.1	946	5	0
NG_073536.1	1307	4	0
NG_073535.1	1043	1	0
NG_073533.1	1043	1	0
NG_073528.1	1327	5	0
NG_073527.1	1670	2	0
NG_073525.1	801	1	0
NG_073523.1	1211	2	0
NG_073522.1	1135	4	0
NG_073521.1	1654	8	0
NG_073520.1	1657	18	0
NG_073518.1	1053	1	0
NG_073514.1	1028	3	0
NG_073511.1	987	1	0
NG_073510.1	1001	39	0
NG_073506.1	1031	1	0
NG_073505.1	1443	1	0
NG_073503.1	1686	1	0
NG_073502.1	1680	4	0
NG_073500.1	1665	2	0
NG_073499.1	1705	1	0
NG_073498.1	1737	37	0
NG_073497.1	1589	2	0
NG_073496.1	1971	3	0
NG_073495.1	1684	2	0
NG_073494.1	1106	1	0
NG_073493.1	1771	34	0
NG_065091.1	525	2	0
NG_062166.1	1714	11	0
NG_070910.1	1672	3	0
NG_070908.1	551	2	0
NG_070907.1	551	4	0
NG_070905.1	551	3	0
NG_070903.1	1281	1	0
NG_070902.1	1642	6	0
NG_070901.1	1730	4	0
NG_070689.1	1012	4	0
NG_070276.1	996	6	0
NG_070273.1	995	4	0
NG_070271.1	998	9	0
NG_070270.1	996	4	0
NG_070269.1	996	5	0
NG_070268.1	998	7	0
NG_070267.1	998	8	0
NG_070265.1	996	5	0
NG_070263.1	997	2	0
NG_070262.1	997	6	0
NG_070261.1	997	2	0
NG_070259.1	995	11	0
NG_070257.1	996	5	0
NG_070255.1	996	8	0
NG_070254.1	996	4	0
NG_070250.1	995	27	0
NG_070247.1	996	5	0
NG_070246.1	996	5	0
NG_070242.1	996	46	0
NG_065687.1	1008	1	0
NG_016524.2	1711	2	0
NG_070882.1	1802	162	0
NG_070881.1	1781	6	0
NG_070880.1	1399	3	0
NG_070878.1	1761	1280	0
NG_070877.1	1964	49	0
NG_070876.1	1063	1	0
NG_070875.1	1792	39	0
NG_070874.1	1766	11	0
NG_070873.1	1696	3	0
NG_070869.1	1108	1	0
NG_070868.1	1801	17	0
NG_070867.1	1810	9	0
NG_070866.1	2272	34	0
NG_070865.1	1810	7	0
NG_070864.1	1085	1	0
NG_070862.1	2650	159	0
NG_070860.1	1140	3	0
NG_070858.1	1061	2	0
NG_070857.1	1119	11	0
NG_070856.1	1708	3	0
NG_070855.1	1782	18	0
NG_070854.1	1786	54	0
NG_070853.1	2071	83	0
NG_070852.1	1748	2	0
NG_070851.1	1748	1	0
NG_070850.1	1849	3360	0
NG_070849.1	1741	331	0
NG_070847.1	1780	2	0
NG_070863.1	1771	5	0
NG_070808.1	1738	80	0
NG_070807.1	1686	5	0
NG_070806.1	1771	38	0
NG_070805.1	1771	43	0
NG_070804.1	1788	24	0
NG_070803.1	1787	33	0
NG_070802.1	1783	36	0
NG_070801.1	1776	168	0
NG_070800.1	1756	8	0
NG_070799.1	1734	2	0
NG_070798.1	1357	9	0
NG_070797.1	1774	11	0
NG_070795.1	1696	65	0
NG_070794.1	1241	51	0
NG_070793.1	1696	5	0
NG_070792.1	1718	11	0
NG_070791.1	1787	29	0
NG_070790.1	1802	40	0
NG_070788.1	1748	4	0
NG_070787.1	1788	4	0
NG_065605.1	1377	7	0
NG_070697.1	1839	9366	0
NG_070695.1	1592	265	0
NG_070694.1	1667	230	0
NG_070693.1	1698	240	0
NG_070692.1	1170	77	0
NG_070691.1	1731	9788	0
NG_070690.1	1757	54	0
NG_070687.1	1770	275	0
NG_070685.1	1760	19	0
NG_070684.1	1780	3	0
NG_070682.1	1007	1	0
NG_070681.1	1010	2	0
NG_070674.1	798	2	0
NG_070673.1	847	1	0
NG_070672.1	951	7	0
NG_070665.1	881	2	0
NG_070664.1	852	1	0
NG_070641.1	1667	3	0
NG_070638.1	1772	35	0
NG_070637.1	1033	2	0
NG_070635.1	1741	21	0
NG_070634.1	1701	6	0
NG_070633.1	1076	11	0
NG_070636.1	1085	1	0
NG_062677.1	1683	4	0
NG_061000.1	1028	1	0
NG_063530.1	1738	1	0
NG_070347.1	1026	2	0
NG_070345.1	1010	2	0
NG_070340.1	1024	1	0
NG_070331.1	1005	1	0
NG_070325.1	1029	5	0
NG_070324.1	1013	4	0
NG_070323.1	1634	3	0
NG_070322.1	1647	4	0
NG_070319.1	721	1	0
NG_070315.1	1032	16	0
NG_070310.1	1640	77	0
NG_070309.1	1791	71	0
NG_070308.1	1640	43	0
NG_070307.1	1637	74	0
NG_070306.1	1641	36	0
NG_070305.1	1640	95	0
NG_070304.1	1640	37	0
NG_070303.1	1641	36	0
NG_070302.1	1640	42	0
NG_070295.1	1002	4	0
NG_070294.1	1721	548	0
NG_070291.1	1670	1	0
NG_070290.1	1674	1	0
NG_070289.1	1106	6	0
NG_070287.1	1713	1000	0
NG_070286.1	2045	5	0
NG_070285.1	1673	1	0
NG_070284.1	767	1	0
NG_070283.1	1664	113	0
NG_070282.1	1719	93	0
NG_070281.1	1809	32	0
NG_070280.1	1573	11	0
NG_070279.1	1765	5	0
NG_070278.1	996	4	0
NG_070277.1	996	18	0
NG_070275.1	995	5	0
NG_070274.1	995	8	0
NG_070272.1	996	6	0
NG_070266.1	995	7	0
NG_070260.1	996	8	0
NG_070258.1	996	5	0
NG_070256.1	996	4	0
NG_070253.1	997	1	0
NG_070252.1	996	4	0
NG_070251.1	996	3	0
NG_070249.1	996	5	0
NG_070248.1	996	12	0
NG_070245.1	996	17	0
NG_070244.1	997	5	0
NG_070243.1	996	9	0
NG_070241.1	993	5	0
NG_070240.1	996	46	0
NG_070239.1	551	1	0
NG_070238.1	1058	14	0
NG_070237.1	1022	1	0
NG_070236.1	972	1	0
NG_070235.1	1750	2	0
NG_070234.1	1628	2	0
NG_070233.1	1782	12	0
NG_070232.1	503	55	0
NG_070231.1	1762	6	0
NG_064913.1	1922	15	0
NG_062819.1	1731	4	0
NG_070169.1	985	1	0
NG_070167.1	998	1	0
NG_070163.1	992	1	0
NG_070162.1	1015	1	0
NG_070160.1	1055	6	0
NG_070157.1	1054	1	0
NG_070151.1	1000	1	0
NG_070150.1	1000	2	0
NG_070137.1	1033	1	0
NG_070135.1	933	4	0
NG_070134.1	1034	1	0
NG_070133.1	1031	1	0
NG_070131.1	1132	3	0
NG_070130.1	1126	2	0
NG_070129.1	1133	2	0
NG_070124.1	960	3	0
NG_070123.1	1327	2	0
NG_070122.1	986	6	0
NG_070117.1	1663	73	0
NG_070114.1	1011	5	0
NG_070113.1	1341	1	0
NG_070110.1	1650	8	0
NG_070108.1	1116	2	0
NG_070107.1	1116	9	0
NG_070106.1	1115	1	0
NG_070101.1	1615	27	0
NG_070105.1	1117	2	0
NG_070104.1	1116	5	0
NG_070103.1	1116	1	0
NG_064857.1	2250	112	0
NG_063521.1	1753	4	0
NG_063015.1	1587	2	0
NG_062040.1	1670	1	0
NG_068417.1	1040	1	0
NG_068400.1	967	1	0
NG_068399.1	1050	64	0
NG_068379.1	1008	3	0
NG_068375.1	1029	4	0
NG_068367.1	1028	3	0
NG_068361.1	1115	1	0
NG_068360.1	1739	3442	0
NG_068429.1	999	1	0
NG_068427.1	1023	1	0
NG_068420.1	1015	2	0
NG_068415.1	1016	5	0
NG_068414.1	1690	9	0
NG_068410.1	1062	1	0
NG_068408.1	1066	2	0
NG_068406.1	1030	6	0
NG_068398.1	1055	1	0
NG_068396.1	1007	3	0
NG_068390.1	1010	4	0
NG_068387.1	1009	1	0
NG_068386.1	992	47	0
NG_068385.1	950	1	0
NG_068383.1	1670	2	0
NG_065591.1	1728	7	0
NG_065590.1	1705	4	0
NG_065487.1	1756	17	0
NG_064893.1	1751	2	0
NG_064892.1	1754	3	0
NG_062857.1	1663	1	0
NG_067725.1	1044	1	0
NG_067723.1	1044	1	0
NG_067717.1	1548	8	0
NG_067716.1	1067	1	0
NG_067706.1	1010	1	0
NG_067705.1	1774	16	0
NG_067704.1	1773	8	0
NG_067696.1	1113	2	0
NG_067694.1	1675	1	0
NG_067690.1	1616	2	0
NG_067689.1	1564	4	0
NG_067688.1	1643	5	0
NG_067684.1	1229	7	0
NG_067679.1	1034	13	0
NG_067676.1	981	1	0
NG_067673.1	1744	8	0
NG_067672.1	958	3	0
NG_067671.1	1029	1	0
NG_067670.1	1054	3	0
NG_067666.1	1025	1	0
NG_067665.1	1025	2	0
NG_067663.1	1667	7	0
NG_067662.1	1076	3	0
NG_067661.1	1062	2	0
NG_067660.1	1061	2	0
NG_067659.1	1015	3	0
NG_067658.1	1021	3	0
NG_067657.1	1439	9	0
NG_067655.1	1458	29	0
NG_067653.1	1062	2	0
NG_067652.1	1089	3	0
NG_067651.1	1113	4	0
NG_067650.1	986	4	0
NG_067648.1	1691	4	0
NG_067646.1	1115	1	0
NG_067645.1	1115	1	0
NG_067640.1	1020	1	0
NG_067631.1	1597	5	0
NG_067630.1	1668	1	0
NG_067629.1	1294	5	0
NG_067628.1	1715	1	0
NG_067627.1	1710	4	0
NG_067626.1	1148	2	0
NG_067625.1	1753	1	0
NG_067624.1	1722	1	0
NG_067623.1	1771	3	0
NG_063433.1	1762	3	0
NG_062957.1	1655	2	0
NG_065473.1	1711	5	0
NG_065481.1	1679	5	0
NG_065480.1	1657	1	0
NG_065477.1	1698	3	0
NG_064883.1	1762	15	0
NG_063445.1	1739	3	0
NG_063429.1	1721	2	0
NG_063428.1	1721	1	0
NG_063427.1	1708	4	0
NG_063415.1	1745	75	0
NG_061036.1	1735	2	0
NG_065804.1	1748	2	0
NG_065803.1	1776	1	0
NG_065802.1	1743	2	0
NG_065801.1	1017	1	0
NG_065798.1	1333	4	0
NG_065797.1	1001	3	0
NG_065796.1	567	1	0
NG_065795.1	1670	10	0
NG_065794.1	1304	2	0
NG_065792.1	866	5	0
NG_065790.1	1144	2	0
NG_065786.1	1111	1	0
NG_065785.1	1023	2	0
NG_065777.1	1023	1	0
NG_065775.1	1143	2	0
NG_065772.1	1108	1	0
NG_065771.1	1032	1	0
NG_065768.1	1032	1	0
NG_065766.1	1046	1	0
NG_065765.1	1025	2	0
NG_065762.1	2028	25	0
NG_065755.1	998	1	0
NG_065754.1	1014	1	0
NG_065751.1	972	1	0
NG_065750.1	1472	4	0
NG_065749.1	1086	14	0
NG_065748.1	1026	1	0
NG_065747.1	1097	1	0
NG_065744.1	1073	1	0
NG_065742.1	780	2	0
NG_065741.1	1417	2	0
NG_065732.1	1025	3	0
NG_065728.1	1026	7	0
NG_065727.1	1029	3	0
NG_065722.1	1897	7	0
NG_065721.1	1002	2	0
NG_065720.1	984	2	0
NG_065717.1	744	9	0
NG_065712.1	888	1	0
NG_065711.1	888	2	0
NG_065710.1	890	2	0
NG_065709.1	890	2	0
NG_065707.1	1715	236	0
NG_065706.1	1565	5	0
NG_065705.1	1043	1	0
NG_065702.1	1043	1	0
NG_065699.1	1025	7	0
NG_065698.1	1601	4	0
NG_065697.1	1575	1	0
NG_065695.1	1007	6	0
NG_065694.1	1011	5	0
NG_065693.1	1247	12	0
NG_065692.1	2071	9	0
NG_065688.1	994	3	0
NG_065685.1	1930	2	0
NG_065684.1	1891	4	0
NG_065682.1	1021	2	0
NG_065681.1	1559	2	0
NG_065676.1	999	20	0
NG_065674.1	1629	4	0
NG_065673.1	1629	24	0
NG_065672.1	1629	4	0
NG_065670.1	1629	2	0
NG_065669.1	1629	4	0
NG_065668.1	1013	3	0
NG_065667.1	1031	1	0
NG_065666.1	1639	9	0
NG_065665.1	1056	1	0
NG_065663.1	1577	2	0
NG_065661.1	2203	548	0
NG_065659.1	1675	21	0
NG_065652.1	1106	3	0
NG_065651.1	1566	4	0
NG_065650.1	1595	4	0
NG_065648.1	1055	1	0
NG_065647.1	1057	1	0
NG_065646.1	902	1	0
NG_065644.1	1097	1	0
NG_065643.1	2170	4	0
NG_065642.1	1999	15	0
NG_065641.1	1701	44	0
NG_065640.1	1071	2	0
NG_065634.1	995	1	0
NG_065633.1	996	2	0
NG_065631.1	1596	1	0
NG_065630.1	1602	3	0
NG_065629.1	1611	1	0
NG_065625.1	1589	3	0
NG_065624.1	1744	7	0
NG_065623.1	1118	23	0
NG_065622.1	1613	2	0
NG_065621.1	1608	2	0
NG_065619.1	1600	1	0
NG_065618.1	1688	1	0
NG_065615.1	1618	1	0
NG_065614.1	1582	3	0
NG_065613.1	1578	2	0
NG_065612.1	1617	1	0
NG_065611.1	1574	2	0
NG_065610.1	1574	6	0
NG_065609.1	2130	3	0
NG_065608.1	1571	1	0
NG_065606.1	1491	37	0
NG_065604.1	1774	12	0
NG_065602.1	1700	30	0
NG_065601.1	1755	153	0
NG_065600.1	1131	1	0
NG_065595.1	1703	1	0
NG_065589.1	1753	4189	0
NG_065588.1	1747	1	0
NG_065587.1	1752	5	0
NG_065585.1	1715	3	0
NG_065584.1	1717	1	0
NG_065583.1	1772	30	0
NG_065582.1	1152	2	0
NG_065581.1	1722	1	0
NG_065579.1	1325	2	0
NG_065577.1	1728	7	0
NG_065575.1	1589	189	0
NG_065574.1	1602	2	0
NG_065573.1	2009	4	0
NG_065572.1	1752	7	0
NG_065567.1	1021	2	0
NG_065566.1	2245	5	0
NG_065559.1	1078	7	0
NG_065558.1	1157	4	0
NG_065557.1	1156	1	0
NG_065555.1	1781	1	0
NG_065554.1	1704	1	0
NG_065553.1	1028	1	0
NG_065551.1	1657	5	0
NG_065550.1	1654	8	0
NG_065549.1	1711	18	0
NG_065548.1	1538	34	0
NG_065547.1	1538	53	0
NG_065546.1	1719	7	0
NG_065545.1	1709	2	0
NG_065541.1	1090	10	0
NG_065539.1	1030	11	0
NG_065538.1	1770	9	0
NG_065536.1	2306	2	0
NG_065534.1	1698	2	0
NG_065533.1	1648	3	0
NG_065532.1	1722	2	0
NG_065531.1	1707	1	0
NG_065530.1	1705	2	0
NG_065528.1	1699	6	0
NG_065527.1	1705	3	0
NG_065526.1	1687	1	0
NG_065524.1	1704	2	0
NG_065521.1	1700	2	0
NG_065520.1	1656	62	0
NG_065518.1	1661	12	0
NG_065517.1	1658	8	0
NG_065516.1	1661	10	0
NG_065515.1	1661	6	0
NG_065514.1	1690	2	0
NG_065513.1	1694	2	0
NG_065512.1	1713	3	0
NG_065511.1	1689	1	0
NG_065510.1	1699	1	0
NG_065508.1	1683	2	0
NG_065507.1	1680	2	0
NG_065506.1	1701	1	0
NG_065505.1	1498	23	0
NG_065504.1	1103	2	0
NG_065503.1	1756	30	0
NG_065502.1	1669	4	0
NG_065500.1	1766	100	0
NG_065499.1	942	24	0
NG_065498.1	1760	241	0
NG_065497.1	1787	29	0
NG_065496.1	1784	25	0
NG_065493.1	1731	2	0
NG_065492.1	1663	10	0
NG_065490.1	1712	1	0
NG_065489.1	1715	3	0
NG_065488.1	1721	1	0
NG_065486.1	1781	10	0
NG_065485.1	1758	2	0
NG_065484.1	1706	135	0
NG_065483.1	1754	132	0
NG_065482.1	1683	15	0
NG_065479.1	1710	26	0
NG_065478.1	1708	46	0
NG_065476.1	1687	16	0
NG_065475.1	1724	28	0
NG_065474.1	1745	2	0
NG_065472.1	1746	4	0
NG_065469.1	1639	1	0
NG_065468.1	1748	23	0
NG_065467.1	1745	28	0
NG_065466.1	1740	2806	0
NG_065465.1	1594	4	0
NG_065464.1	1750	29	0
NG_065463.1	1596	4	0
NG_013153.1	2033	32	0
NG_013120.1	1647	46	0
NG_063460.1	1781	35	0
NG_062980.1	1656	1	0
NG_065159.1	1771	3	0
NG_065158.1	1775	4	0
NG_065157.1	1804	22	0
NG_065156.1	1806	27	0
NG_065155.1	1801	17	0
NG_065153.1	1756	3	0
NG_065144.1	1019	1	0
NG_065138.1	1032	1	0
NG_065136.1	1039	1	0
NG_065131.1	1665	2	0
NG_065130.1	1750	1	0
NG_065123.1	994	1	0
NG_065121.1	1740	4	0
NG_065112.1	1723	1	0
NG_065108.1	1871	9	0
NG_065107.1	1779	3	0
NG_065106.1	1602	4	0
NG_065103.1	954	4	0
NG_065098.1	1006	1	0
NG_065096.1	1069	6	0
NG_065090.1	1054	1	0
NG_065087.1	1060	1	0
NG_065080.1	1708	79	0
NG_065079.1	1022	2	0
NG_065075.1	993	7	0
NG_065074.1	931	1	0
NG_065073.1	1037	3	0
NG_065072.1	1052	5	0
NG_065070.1	1644	20	0
NG_065065.1	1025	38	0
NG_065064.1	1700	24	0
NG_065063.1	1700	29	0
NG_065062.1	1544	14	0
NG_065059.1	1083	1	0
NG_065057.1	1652	18	0
NG_065056.1	960	1	0
NG_065055.1	1021	58	0
NG_065054.1	1116	2	0
NG_065053.1	1179	11	0
NG_065052.1	963	5	0
NG_065051.1	1179	5	0
NG_065050.1	1178	8	0
NG_065049.1	1179	7	0
NG_065048.1	1179	7	0
NG_065047.1	1179	10	0
NG_065046.1	1534	1	0
NG_065045.1	1725	3	0
NG_065044.1	1582	1	0
NG_065043.1	1617	2	0
NG_065042.1	1614	81	0
NG_065041.1	1656	1	0
NG_065040.1	1722	1	0
NG_065039.1	1582	1	0
NG_065038.1	1117	7	0
NG_065037.1	1713	3	0
NG_065033.1	1028	1	0
NG_065029.1	1026	1	0
NG_065026.1	1026	1	0
NG_065022.1	1026	1	0
NG_065020.1	1718	19	0
NG_065018.1	1029	12	0
NG_065015.1	1024	3	0
NG_065012.1	1667	40	0
NG_065011.1	1070	15	0
NG_065009.1	1017	2	0
NG_065007.1	592	52	0
NG_065006.1	1671	6	0
NG_065005.1	1672	4	0
NG_065004.1	935	1	0
NG_065002.1	1133	1	0
NG_065000.1	1585	11	0
NG_064999.1	2408	30	0
NG_064998.1	1052	11	0
NG_064997.1	1066	12	0
NG_064995.1	1702	3	0
NG_064994.1	1706	4	0
NG_064991.1	1138	12	0
NG_064990.1	1748	2	0
NG_064986.1	1036	17	0
NG_064985.1	1028	1	0
NG_064984.1	1024	2	0
NG_064982.1	1096	1	0
NG_064981.1	1025	6	0
NG_064980.1	1031	1	0
NG_064977.1	1735	2	0
NG_064976.1	1776	57	0
NG_064974.1	1628	7	0
NG_064973.1	1628	8	0
NG_064972.1	1628	5	0
NG_064971.1	1628	8	0
NG_064970.1	1628	6	0
NG_064969.1	1667	70	0
NG_064968.1	1663	117	0
NG_064967.1	1712	3	0
NG_064966.1	1709	2	0
NG_064965.1	1699	48	0
NG_064963.1	1717	473	0
NG_064961.1	1718	4	0
NG_064959.1	1073	10	0
NG_064958.1	1724	7	0
NG_064957.1	1698	1	0
NG_064956.1	1766	3	0
NG_064955.1	1134	1	0
NG_064954.1	1717	8	0
NG_064953.1	1718	7	0
NG_064951.1	1644	1	0
NG_064950.1	1645	1	0
NG_064949.1	1645	3	0
NG_064947.1	1057	99	0
NG_064946.1	1055	17	0
NG_064943.1	1734	3	0
NG_064942.1	1773	10	0
NG_064941.1	1691	1	0
NG_064939.1	1779	5	0
NG_064935.1	1708	1	0
NG_064930.1	1717	453	0
NG_064927.1	1733	1	0
NG_064926.1	1736	3	0
NG_064922.1	1134	1	0
NG_064921.1	1714	6	0
NG_064920.1	1733	1	0
NG_064919.1	1076	2	0
NG_064918.1	1076	2	0
NG_064917.1	2226	16	0
NG_064916.1	1682	4	0
NG_064915.1	2035	1	0
NG_064914.1	1704	2	0
NG_064910.1	2070	8	0
NG_064909.1	1663	2	0
NG_064908.1	1724	2	0
NG_064907.1	1767	6	0
NG_064906.1	1786	35	0
NG_064905.1	1624	2	0
NG_064904.1	1700	4	0
NG_064903.1	1707	7	0
NG_064902.1	1196	31	0
NG_064901.1	1668	3	0
NG_064899.1	1788	31	0
NG_064898.1	1662	3	0
NG_064897.1	1783	20	0
NG_064896.1	1735	4	0
NG_064895.1	1704	5	0
NG_064891.1	930	1	0
NG_064890.1	1736	2	0
NG_064889.1	2050	18	0
NG_064888.1	1804	18	0
NG_064887.1	1067	1	0
NG_064886.1	1743	1	0
NG_064884.1	1690	3	0
NG_064880.1	1652	1	0
NG_064879.1	1684	2	0
NG_064878.1	1787	12	0
NG_064875.1	1770	4	0
NG_064874.1	1770	2	0
NG_064873.1	1784	2	0
NG_064872.1	942	2	0
NG_064871.1	1781	28	0
NG_064870.1	1777	115	0
NG_064869.1	1781	28	0
NG_064867.1	958	2	0
NG_064864.1	1745	4	0
NG_064863.1	1777	22	0
NG_064862.1	1148	4	0
NG_064860.1	1030	6	0
NG_064859.1	2522	164	0
NG_064858.1	1750	171	0
NG_064854.1	1029	1	0
NG_064849.1	1004	3	0
NG_064844.1	1004	5	0
NG_064839.1	1687	27	0
NG_064838.1	1721	28	0
NG_064837.1	2224	3	0
NG_064836.1	991	1	0
NG_064833.1	991	1	0
NG_064831.1	1102	5	0
NG_064830.1	1769	23	0
NG_064829.1	1771	17	0
NG_064828.1	1775	28	0
NG_064827.1	1772	22	0
NG_064826.1	1772	23	0
NG_064825.1	1798	15	0
NG_064824.1	1757	2085	0
NG_064820.1	1750	1	0
NG_064819.1	1755	1	0
NG_064818.1	1755	1	0
NG_064817.1	1763	3	0
NG_064816.1	1730	1	0
NG_064815.1	1727	15	0
NG_064813.1	1723	1	0
NG_064812.1	1735	1	0
NG_064808.1	1759	1	0
NG_064805.1	1751	1	0
NG_064804.1	1733	1	0
NG_064803.1	1733	5	0
NG_064802.1	1777	1	0
NG_064801.1	1777	9	0
NG_064800.1	1447	25	0
NG_064799.1	2107	2	0
NG_064797.1	1750	26	0
NG_064796.1	1748	7	0
NG_064795.1	1752	62	0
NG_064794.1	1753	104	0
NG_063410.1	1743	30	0
NG_062811.1	1771	10	0
NG_062808.1	1766	39	0
NG_063633.1	1029	1	0
NG_063600.1	885	3	0
NG_063599.1	869	1	0
NG_063585.1	873	1	0
NG_063685.1	1014	1	0
NG_063663.1	1037	1	0
NG_063650.1	953	1	0
NG_063646.1	1030	3	0
NG_063645.1	1029	3	0
NG_063641.1	1034	3	0
NG_063631.1	954	8	0
NG_063627.1	690	20	0
NG_063626.1	838	1	0
NG_063614.1	911	3	0
NG_063609.1	1054	1	0
NG_063607.1	1043	1	0
NG_063605.1	1041	1	0
NG_063591.1	1052	1	0
NG_063589.1	1050	1	0
NG_063578.1	1021	1	0
NG_063576.1	1022	1	0
NG_063575.1	1021	1	0
NG_063555.1	991	1	0
NG_063554.1	1026	1	0
NG_063542.1	1733	1	0
NG_063539.1	1609	6	0
NG_063538.1	1135	1	0
NG_063537.1	1125	1	0
NG_063535.1	1125	3	0
NG_063534.1	1125	2	0
NG_063532.1	1734	1	0
NG_063528.1	2044	142	0
NG_063527.1	1757	5	0
NG_063526.1	1753	11	0
NG_063525.1	1744	3	0
NG_063524.1	1754	2	0
NG_063523.1	1777	73	0
NG_063522.1	1755	4	0
NG_063520.1	1777	21	0
NG_063519.1	1784	30	0
NG_063517.1	1782	3	0
NG_063514.1	1769	1	0
NG_063513.1	1765	42	0
NG_063510.1	1789	6386	0
NG_063509.1	1767	8	0
NG_063507.1	1767	1	0
NG_063505.1	1748	27	0
NG_063504.1	1757	2	0
NG_063503.1	1760	1	0
NG_063502.1	1758	1	0
NG_063501.1	1747	1	0
NG_063499.1	1754	2	0
NG_063497.1	1761	2	0
NG_063496.1	1759	1	0
NG_063494.1	1756	1	0
NG_063493.1	1760	1	0
NG_063492.1	1757	3	0
NG_063491.1	1753	2	0
NG_063490.1	1751	1	0
NG_063489.1	1751	2	0
NG_063487.1	1751	2	0
NG_063486.1	1750	2	0
NG_063485.1	1752	3	0
NG_063484.1	1753	1	0
NG_063483.1	1752	2	0
NG_063482.1	1752	1	0
NG_063481.1	1753	2	0
NG_063480.1	1753	2	0
NG_063479.1	1752	1	0
NG_063478.1	1735	7	0
NG_063477.1	1735	1	0
NG_063475.1	1735	7	0
NG_063474.1	1782	33	0
NG_063472.1	1776	1	0
NG_063471.1	1791	41	0
NG_063470.1	1782	32	0
NG_063469.1	1782	27	0
NG_063468.1	1782	26	0
NG_063467.1	1781	24	0
NG_063466.1	1782	29	0
NG_063465.1	1782	38	0
NG_063464.1	1782	26	0
NG_063463.1	1782	30	0
NG_063462.1	1782	40	0
NG_063461.1	1782	3	0
NG_063459.1	1782	36	0
NG_063458.1	1783	3	0
NG_063457.1	1782	36	0
NG_063456.1	1756	1	0
NG_063455.1	1780	28	0
NG_063454.1	1780	39	0
NG_063453.1	1780	36	0
NG_063452.1	1781	5	0
NG_063451.1	2088	6	0
NG_063450.1	1668	22	0
NG_063449.1	1761	22	0
NG_063448.1	1785	4	0
NG_063447.1	1780	5	0
NG_063446.1	1790	6	0
NG_063444.1	1766	105	0
NG_063442.1	1788	2	0
NG_063440.1	1750	3	0
NG_063439.1	1757	121	0
NG_063437.1	1758	52	0
NG_063436.1	1756	6	0
NG_063435.1	1772	3	0
NG_063434.1	1766	1	0
NG_063432.1	1744	4	0
NG_063431.1	1778	3	0
NG_063430.1	1701	70	0
NG_063426.1	1766	1	0
NG_063425.1	1766	6	0
NG_063424.1	1772	3	0
NG_063423.1	1772	3	0
NG_063422.1	1766	1	0
NG_063421.1	1781	26	0
NG_063420.1	1784	33	0
NG_063419.1	1768	31	0
NG_063418.1	1760	26	0
NG_063417.1	1781	35	0
NG_063413.1	1759	19	0
NG_063411.1	1773	5	0
NG_063408.1	1758	2	0
NG_063407.1	1767	22	0
NG_063404.1	1781	2	0
NG_063403.1	1780	31	0
NG_063399.1	1782	2	0
NG_063398.1	1783	3	0
NG_063397.1	1782	47	0
NG_063396.1	1783	2	0
NG_063395.1	1784	39	0
NG_063394.1	1781	3	0
NG_063392.1	1749	38	0
NG_063390.1	1757	3	0
NG_063389.1	1748	5	0
NG_063388.1	1757	12	0
NG_063387.1	1751	2	0
NG_063386.1	1778	116	0
NG_063385.1	1755	3	0
NG_063384.1	1744	1	0
NG_063383.1	1737	7	0
NG_063382.1	1745	4	0
NG_063380.1	1714	58	0
NG_063379.1	1734	64	0
NG_063378.1	1734	1	0
NG_063377.1	1720	1	0
NG_063376.1	1737	4	0
NG_063375.1	1708	1	0
NG_063374.1	1696	1	0
NG_063371.1	1695	1	0
NG_063370.1	1718	1	0
NG_063369.1	1718	1	0
NG_063367.1	1757	9	0
NG_063366.1	1761	6	0
NG_063364.1	1755	2	0
NG_063363.1	1749	1	0
NG_063362.1	1748	3	0
NG_063359.1	1726	52	0
NG_063358.1	1751	7	0
NG_063357.1	1738	1	0
NG_063355.1	1621	17	0
NG_063354.1	1697	1	0
NG_063353.1	1694	73	0
NG_063352.1	1691	8	0
NG_063350.1	1734	4	0
NG_063349.1	1767	6	0
NG_063348.1	1784	33	0
NG_063347.1	1780	38	0
NG_063346.1	1784	1	0
NG_063344.1	1776	1	0
NG_063343.1	1776	1	0
NG_063342.1	1776	7	0
NG_063340.1	1712	3	0
NG_063339.1	1724	1	0
NG_063338.1	1722	14	0
NG_063336.1	1722	1	0
NG_063332.1	1721	1	0
NG_063330.1	1723	1	0
NG_063329.1	1723	2	0
NG_063328.1	1724	2	0
NG_063325.1	1720	14	0
NG_063324.1	1716	9	0
NG_063323.1	1701	5	0
NG_063322.1	1720	1	0
NG_063320.1	1719	12	0
NG_063317.1	1732	2	0
NG_063316.1	1733	2	0
NG_063312.1	1661	2	0
NG_063311.1	1629	11	0
NG_063309.1	1585	1	0
NG_063308.1	1668	3	0
NG_063305.1	1663	1	0
NG_063304.1	1566	1	0
NG_063303.1	1674	2	0
NG_063302.1	1666	1	0
NG_063301.1	1675	3	0
NG_063300.1	1661	1	0
NG_063299.1	1640	1	0
NG_063297.1	1671	2	0
NG_063296.1	1678	1	0
NG_063294.1	1646	11	0
NG_063293.1	1664	3	0
NG_063292.1	1699	1	0
NG_063291.1	1734	9	0
NG_063290.1	1734	7	0
NG_063289.1	1712	10	0
NG_063288.1	1737	6	0
NG_063287.1	1764	2	0
NG_063286.1	1752	6	0
NG_063285.1	1724	1	0
NG_063284.1	1724	4	0
NG_063283.1	1724	2	0
NG_063282.1	1724	1	0
NG_063281.1	1726	5	0
NG_063280.1	1724	1	0
NG_063279.1	1700	2	0
NG_063278.1	1729	1	0
NG_063277.1	1699	1	0
NG_063276.1	1721	6	0
NG_063275.1	1722	4	0
NG_063274.1	1696	2	0
NG_063273.1	1717	2	0
NG_063272.1	1715	2	0
NG_063271.1	1724	2	0
NG_063270.1	1718	3	0
NG_063268.1	1752	25	0
NG_063267.1	1753	22	0
NG_063266.1	1752	34	0
NG_063265.1	1752	29	0
NG_063264.1	1717	3	0
NG_063262.1	1702	2	0
NG_063261.1	1704	1	0
NG_063259.1	1746	1	0
NG_063258.1	1747	2	0
NG_063257.1	1745	1	0
NG_063256.1	1748	5	0
NG_063255.1	1748	4	0
NG_063254.1	1747	2	0
NG_063252.1	1743	2	0
NG_063249.1	1737	3	0
NG_063247.1	1737	2	0
NG_063246.1	1749	2	0
NG_063244.1	1746	11	0
NG_063242.1	1750	1	0
NG_063241.1	1753	2	0
NG_063239.1	1749	1	0
NG_063237.1	1749	1	0
NG_063235.1	1787	36	0
NG_063234.1	1794	14	0
NG_063233.1	1801	3	0
NG_063232.1	1777	28	0
NG_063231.1	1751	2	0
NG_063230.1	1771	2	0
NG_063229.1	1778	2	0
NG_063095.1	1028	1	0
NG_063094.1	1035	1	0
NG_063081.1	1783	34	0
NG_063056.1	1076	1	0
NG_063055.1	1687	4	0
NG_063052.1	1686	1	0
NG_063047.1	2053	86	0
NG_063046.1	2055	90	0
NG_062784.1	1751	1	0
NG_062781.1	1734	2	0
NG_062775.1	1122	1	0
NG_062774.1	1067	22	0
NG_062729.1	1619	2	0
NG_062720.1	1070	1	0
NG_062682.1	1753	18	0
NG_062674.1	1671	1	0
NG_062673.1	1081	1	0
NG_062672.1	1723	9	0
NG_062669.1	1716	6	0
NG_062668.1	1670	2	0
NG_062649.1	1318	1	0
NG_063109.1	1787	26	0
NG_063108.1	1762	1	0
NG_063106.1	1771	2	0
NG_063101.1	1731	3	0
NG_063099.1	1707	4	0
NG_063098.1	1614	4	0
NG_063091.1	1709	49	0
NG_063089.1	1737	1	0
NG_063086.1	1739	1	0
NG_063085.1	1628	6	0
NG_063084.1	1628	11	0
NG_063083.1	1750	5	0
NG_063080.1	1632	12	0
NG_063079.1	1687	2	0
NG_063077.1	1738	3	0
NG_063076.1	1631	5	0
NG_063075.1	1630	499	0
NG_063074.1	1510	1	0
NG_063072.1	1599	47	0
NG_063071.1	1598	28	0
NG_063070.1	1598	23	0
NG_063069.1	1597	4	0
NG_063067.1	1066	1	0
NG_063061.1	1086	1	0
NG_063060.1	1538	1	0
NG_063059.1	1564	2	0
NG_063058.1	1590	1	0
NG_063057.1	1637	5	0
NG_063054.1	1684	4	0
NG_063053.1	1687	5	0
NG_063051.1	1687	5	0
NG_063045.1	1588	4	0
NG_063044.1	1589	1	0
NG_063043.1	1582	34	0
NG_063042.1	1596	14	0
NG_063041.1	1586	6	0
NG_063040.1	2321	4	0
NG_063039.1	1591	16	0
NG_063038.1	1955	7	0
NG_063037.1	1584	14	0
NG_063026.1	1015	2	0
NG_063025.1	1015	1	0
NG_063024.1	1015	1	0
NG_063023.1	1015	1	0
NG_063020.1	1116	4	0
NG_063019.1	1681	1	0
NG_063018.1	1614	1	0
NG_063013.1	1599	4	0
NG_063012.1	1598	2	0
NG_063007.1	1026	1	0
NG_063002.1	1542	25	0
NG_063001.1	1533	10	0
NG_063000.1	1570	36	0
NG_062999.1	2039	1	0
NG_062995.1	1714	11	0
NG_062992.1	1463	1	0
NG_062984.1	1460	4	0
NG_062983.1	1598	7	0
NG_062982.1	1599	12	0
NG_062981.1	1598	7	0
NG_062979.1	1656	2	0
NG_062978.1	1646	6	0
NG_062976.1	1659	4	0
NG_062975.1	1642	1	0
NG_062974.1	1656	14	0
NG_062973.1	1654	1	0
NG_062972.1	1657	1	0
NG_062971.1	1657	4	0
NG_062970.1	1657	3	0
NG_062968.1	1657	3	0
NG_062967.1	1656	1	0
NG_062966.1	1656	181	0
NG_062965.1	1655	5	0
NG_062963.1	1656	2	0
NG_062962.1	1656	2	0
NG_062961.1	1655	2	0
NG_062960.1	1656	2	0
NG_062959.1	1655	2	0
NG_062956.1	1655	1	0
NG_062955.1	1653	1	0
NG_062954.1	1655	2	0
NG_062953.1	1653	1	0
NG_062952.1	1656	2	0
NG_062950.1	1655	2	0
NG_062949.1	1655	3	0
NG_062948.1	1654	4	0
NG_062947.1	1655	5	0
NG_062946.1	1653	26	0
NG_062945.1	1655	3	0
NG_062944.1	1656	5	0
NG_062943.1	1655	8	0
NG_062942.1	1656	2	0
NG_062939.1	1656	4	0
NG_062938.1	1655	3	0
NG_062937.1	1657	2	0
NG_062936.1	1656	2	0
NG_062933.1	1655	1	0
NG_062931.1	1656	2	0
NG_062930.1	1538	5	0
NG_062927.1	1666	4	0
NG_062926.1	1649	7	0
NG_062925.1	2725	1	0
NG_062924.1	1703	7	0
NG_062923.1	1686	7	0
NG_062912.1	1020	1	0
NG_062902.1	1020	1	0
NG_062899.1	1020	1	0
NG_062892.1	1020	1	0
NG_062882.1	1020	1	0
NG_062878.1	1020	1	0
NG_062870.1	1020	1	0
NG_062869.1	1635	3	0
NG_062868.1	1641	2	0
NG_062867.1	1647	1	0
NG_062866.1	1640	7	0
NG_062865.1	1557	1	0
NG_062862.1	1637	2	0
NG_062860.1	1650	3	0
NG_062859.1	1019	64	0
NG_062858.1	1141	3	0
NG_062856.1	1681	2	0
NG_062855.1	1643	8	0
NG_062854.1	1639	10	0
NG_062853.1	1024	6	0
NG_062852.1	1779	1	0
NG_062851.1	1779	1	0
NG_062850.1	1068	15	0
NG_062849.1	1068	5	0
NG_062847.1	1020	1	0
NG_062843.1	1021	2	0
NG_062842.1	1021	1	0
NG_062835.1	1020	2	0
NG_062833.1	1019	1	0
NG_062832.1	1012	1	0
NG_062826.1	1080	12	0
NG_062824.1	1256	5	0
NG_062823.1	2063	7	0
NG_062822.1	1636	4	0
NG_062821.1	2124	8	0
NG_062820.1	1769	5	0
NG_062818.1	1766	74	0
NG_062817.1	1772	5	0
NG_062816.1	2007	6	0
NG_062814.1	1767	2	0
NG_062812.1	1744	3	0
NG_062810.1	1766	2	0
NG_062809.1	1741	4	0
NG_062807.1	1768	1	0
NG_062806.1	1755	2	0
NG_062805.1	1732	3	0
NG_062803.1	1598	2	0
NG_062802.1	1622	10	0
NG_062801.1	1647	3	0
NG_062800.1	1771	1	0
NG_062799.1	1382	2	0
NG_062798.1	1698	1	0
NG_062797.1	1750	1	0
NG_062793.1	948	1	0
NG_062788.1	1753	1	0
NG_062786.1	1728	4	0
NG_062785.1	1787	3	0
NG_062783.1	1727	3	0
NG_062782.1	1778	4	0
NG_062780.1	1592	3	0
NG_062779.1	1022	1	0
NG_062777.1	1682	1	0
NG_062776.1	1682	2	0
NG_062772.1	1018	1	0
NG_062771.1	1600	2	0
NG_062770.1	1598	4	0
NG_062769.1	1599	1	0
NG_062768.1	1590	1	0
NG_062767.1	1590	13	0
NG_062766.1	1590	2	0
NG_062765.1	1590	6	0
NG_062764.1	1590	1	0
NG_062762.1	1589	11	0
NG_062761.1	1597	31	0
NG_062753.1	1702	1	0
NG_062752.1	1134	2	0
NG_062749.1	1134	1	0
NG_062745.1	1134	1	0
NG_062744.1	1134	1	0
NG_062739.1	1134	1	0
NG_062735.1	1697	33	0
NG_062734.1	1670	1	0
NG_062733.1	968	2	0
NG_062732.1	1549	8	0
NG_062728.1	1730	1	0
NG_062726.1	1763	3	0
NG_062722.1	1069	1	0
NG_062721.1	1070	1	0
NG_062718.1	1580	6	0
NG_062717.1	1556	1	0
NG_062716.1	1473	3	0
NG_062714.1	1682	2	0
NG_062711.1	1659	13	0
NG_062710.1	1704	8	0
NG_062709.1	1697	7	0
NG_062708.1	2861	16	0
NG_062707.1	1702	18	0
NG_062706.1	2583	1	0
NG_062705.1	1706	79	0
NG_062704.1	2692	4	0
NG_062703.1	1549	8	0
NG_062701.1	1690	37	0
NG_062700.1	1691	6	0
NG_062699.1	1702	4	0
NG_062698.1	1707	9	0
NG_062697.1	1653	4	0
NG_062696.1	1754	6	0
NG_062695.1	1682	2	0
NG_062694.1	1141	17	0
NG_062693.1	1662	18	0
NG_062692.1	1181	14	0
NG_062691.1	1799	37	0
NG_062690.1	1710	3	0
NG_062689.1	2089	7	0
NG_062688.1	1648	1	0
NG_062686.1	1786	4	0
NG_062685.1	1765	4	0
NG_062683.1	1744	12	0
NG_062681.1	1069	1	0
NG_062676.1	1671	6	0
NG_062671.1	1783	8	0
NG_062670.1	1783	1	0
NG_062667.1	1759	38	0
NG_062666.1	1754	4	0
NG_062665.1	1727	5	0
NG_062662.1	1700	10	0
NG_062661.1	1724	50	0
NG_062657.1	1708	6	0
NG_062656.1	1727	26	0
NG_062655.1	1726	14	0
NG_062654.1	1089	2	0
NG_062653.1	1038	2	0
NG_062651.1	1102	1	0
NG_062648.1	1743	8	0
NG_062647.1	1714	12	0
NG_062645.1	1753	8	0
NG_062644.1	733	2	0
NG_062643.1	1704	1	0
NG_062641.1	1758	28	0
NG_062640.1	1761	38	0
NG_062639.1	1731	14	0
NG_062638.1	1753	27	0
NG_062636.1	1758	5	0
NG_062635.1	1750	36	0
NG_062634.1	1692	1	0
NG_062633.1	1769	1	0
NG_062630.1	1041	2	0
NG_062629.1	1010	1	0
NG_062627.1	1030	1	0
NG_062626.1	1766	2	0
NG_062625.1	1752	3	0
NG_062624.1	1756	2071	0
NG_062623.1	1761	3	0
NG_062622.1	1757	2008	0
NG_062619.1	1757	2096	0
NG_062618.1	1757	2068	0
NG_062616.1	1782	25	0
NG_062615.1	1782	31	0
NG_062613.1	1659	1	0
NG_062612.1	1751	1	0
NG_062611.1	1792	38	0
NG_062609.1	1734	9	0
NG_062608.1	1727	3	0
NG_062607.1	1686	4	0
NG_062604.1	1685	6	0
NG_062600.1	1769	84	0
NG_062599.1	1740	29	0
NG_062598.1	1741	164	0
NG_062597.1	1740	17	0
NG_062596.1	1741	94	0
NG_062595.1	1739	2902	0
NG_062594.1	1739	15	0
NG_062593.1	1742	10	0
NG_013131.1	1072	1	0
NG_062444.1	1768	1	0
NG_062443.1	1769	2	0
NG_062433.1	1027	1	0
NG_062431.1	1112	3	0
NG_062421.1	1033	2	0
NG_062420.1	1461	3	0
NG_062417.1	942	4	0
NG_062416.1	942	3	0
NG_062415.1	1025	1	0
NG_062414.1	851	1	0
NG_062412.1	1599	1	0
NG_062410.1	1579	5	0
NG_062407.1	1613	4	0
NG_062404.1	1577	3	0
NG_062403.1	1574	27	0
NG_062402.1	1642	2	0
NG_062401.1	1637	24	0
NG_062400.1	1055	2	0
NG_062397.1	1749	1	0
NG_062396.1	1749	1	0
NG_062394.1	1024	8	0
NG_062393.1	1696	93	0
NG_062391.1	1663	54	0
NG_062389.1	1697	1	0
NG_062388.1	1703	4	0
NG_062387.1	1703	11	0
NG_062386.1	1778	14	0
NG_062385.1	1734	2	0
NG_062384.1	1734	1	0
NG_062382.1	1684	166	0
NG_062381.1	1770	224	0
NG_062380.1	1143	5	0
NG_062379.1	1138	2	0
NG_062378.1	1619	359	0
NG_062377.1	1765	9	0
NG_062376.1	1653	5	0
NG_062375.1	1691	4	0
NG_062374.1	1753	2	0
NG_062373.1	1749	1	0
NG_062371.1	1770	669	0
NG_062368.1	991	1	0
NG_062367.1	1783	3	0
NG_062366.1	1767	978	0
NG_062365.1	1760	3	0
NG_062363.1	1753	6	0
NG_062362.1	1769	4	0
NG_062361.1	1766	11	0
NG_062197.1	1783	28	0
NG_062196.1	1783	28	0
NG_062195.1	1783	29	0
NG_062194.1	1441	20	0
NG_062193.1	1698	11	0
NG_062192.1	1697	79	0
NG_062191.1	1697	95	0
NG_062188.1	1360	1	0
NG_062182.1	1607	2	0
NG_062181.1	1763	4	0
NG_062180.1	1617	1	0
NG_062178.1	1578	1	0
NG_062175.1	1558	11	0
NG_062174.1	1582	16	0
NG_062173.1	1537	17	0
NG_062172.1	1659	12	0
NG_062171.1	1663	14	0
NG_062169.1	1719	31	0
NG_062168.1	1719	27	0
NG_062167.1	1719	25	0
NG_062165.1	1719	34	0
NG_062164.1	1660	1	0
NG_062163.1	1650	4	0
NG_062162.1	1651	2	0
NG_062161.1	1656	1	0
NG_062160.1	1655	1	0
NG_062158.1	1656	2	0
NG_062157.1	1656	3	0
NG_062156.1	1656	2	0
NG_062154.1	1104	2	0
NG_062152.1	1694	1	0
NG_062150.1	1096	3	0
NG_062148.1	1705	2	0
NG_062147.1	1789	2	0
NG_062146.1	1708	3	0
NG_062145.1	1799	9	0
NG_062144.1	1744	6	0
NG_062143.1	1748	3	0
NG_062142.1	1749	2	0
NG_062141.1	1758	1	0
NG_062140.1	1753	4	0
NG_062139.1	1686	1	0
NG_062138.1	1668	2	0
NG_062137.1	1673	1	0
NG_062136.1	1781	15	0
NG_062135.1	1782	37	0
NG_062134.1	1782	39	0
NG_062133.1	1781	17	0
NG_062131.1	1733	1	0
NG_062128.1	1756	13	0
NG_062127.1	1768	5	0
NG_062126.1	1762	3	0
NG_062125.1	1786	5	0
NG_062124.1	1767	17	0
NG_062122.1	1734	4	0
NG_062120.1	1779	4	0
NG_062119.1	1762	23	0
NG_062111.1	1654	4	0
NG_062110.1	1654	1	0
NG_062109.1	1657	2	0
NG_062108.1	1654	4	0
NG_062107.1	1656	7	0
NG_062106.1	1655	1	0
NG_062105.1	1656	1	0
NG_062104.1	1659	3	0
NG_062103.1	1659	3	0
NG_062102.1	1652	3	0
NG_062101.1	1656	2	0
NG_062100.1	1656	1	0
NG_062099.1	1656	1	0
NG_062097.1	1655	3	0
NG_062096.1	1657	4	0
NG_062095.1	1655	2	0
NG_062094.1	1655	1	0
NG_062093.1	1653	1	0
NG_062092.1	1765	1	0
NG_062091.1	1758	1	0
NG_062090.1	1758	1	0
NG_062089.1	1763	1	0
NG_062087.1	1762	5	0
NG_062086.1	1758	2	0
NG_062084.1	1746	2	0
NG_062082.1	1758	1	0
NG_062081.1	1758	2	0
NG_062080.1	1752	2	0
NG_062079.1	1771	2	0
NG_062078.1	1749	34	0
NG_062077.1	1786	4	0
NG_062075.1	1751	2	0
NG_062074.1	1741	26	0
NG_062073.1	1724	8	0
NG_062072.1	1749	1	0
NG_062071.1	1721	3	0
NG_062070.1	1753	1	0
NG_062069.1	1696	2	0
NG_062068.1	1696	1	0
NG_062061.1	1661	7	0
NG_062060.1	1661	7	0
NG_062057.1	1667	3	0
NG_062056.1	1667	2	0
NG_062055.1	1659	3	0
NG_062054.1	1666	5	0
NG_062053.1	1665	1	0
NG_062052.1	1662	1	0
NG_062051.1	1611	2	0
NG_062048.1	1790	29	0
NG_062047.1	1696	2	0
NG_062046.1	1686	5	0
NG_062045.1	1696	4	0
NG_062044.1	1696	7	0
NG_062043.1	1648	1	0
NG_062042.1	1781	28	0
NG_062039.1	1742	1	0
NG_062038.1	1742	3	0
NG_062037.1	1731	4	0
NG_062036.1	1730	5	0
NG_062035.1	1745	4	0
NG_062033.1	1781	26	0
NG_062032.1	1774	1	0
NG_062031.1	1759	5	0
NG_062030.1	1775	27	0
NG_062029.1	1782	10	0
NG_062028.1	1782	11	0
NG_062027.1	1782	7	0
NG_062026.1	1782	7	0
NG_062025.1	1789	1201	0
NG_062024.1	1792	91	0
NG_062023.1	1776	54	0
NG_062022.1	1780	52	0
NG_062021.1	1773	65	0
NG_062019.1	1780	103	0
NG_062018.1	1777	70	0
NG_062017.1	1777	64	0
NG_062016.1	1777	63	0
NG_062015.1	1778	58	0
NG_062014.1	1776	69	0
NG_062013.1	1776	59	0
NG_062012.1	1774	90	0
NG_062011.1	1776	53	0
NG_062010.1	1754	2	0
NG_062009.1	1755	2	0
NG_062008.1	1749	3	0
NG_061301.1	1762	8	0
NG_061299.1	1719	4	0
NG_061296.1	1076	1	0
NG_061295.1	1087	1	0
NG_061291.1	1057	1	0
NG_061287.1	1050	1	0
NG_061286.1	1032	1	0
NG_061284.1	857	14574	0
NG_061275.1	1507	19	0
NG_061274.1	996	10	0
NG_061272.1	1021	1	0
NG_061269.1	1021	1	0
NG_061266.1	1024	1	0
NG_061262.1	1783	26	0
NG_061258.1	2090	6	0
NG_061256.1	1809	570	0
NG_061251.1	909	12	0
NG_061247.1	1021	4	0
NG_061246.1	2310	3	0
NG_061245.1	860	2	0
NG_061243.1	1005	61	0
NG_061241.1	1024	22	0
NG_061239.1	1448	3	0
NG_061237.1	1018	2	0
NG_061236.1	1092	70	0
NG_061233.1	972	5	0
NG_061232.1	941	1	0
NG_061230.1	943	2	0
NG_061222.1	1718	3	0
NG_061221.1	2699	8	0
NG_061212.1	1659	36	0
NG_061211.1	1521	10	0
NG_061210.1	1075	2	0
NG_061209.1	1017	5	0
NG_061208.1	1684	2	0
NG_061207.1	1110	4	0
NG_061206.1	1583	2	0
NG_061205.1	916	1	0
NG_061201.1	985	2	0
NG_061200.1	1700	23	0
NG_061199.1	1670	51	0
NG_061198.1	1306	4	0
NG_061196.1	1697	87	0
NG_061195.1	1144	6	0
NG_061194.1	1599	4	0
NG_061192.1	1569	1	0
NG_061188.1	1084	1	0
NG_061187.1	1380	25	0
NG_061179.1	1606	3	0
NG_061178.1	1623	5	0
NG_061177.1	1712	9	0
NG_061176.1	1616	1	0
NG_061175.1	1685	1	0
NG_061173.1	767	23	0
NG_061172.1	1708	13	0
NG_061171.1	1547	59	0
NG_061168.1	1554	10	0
NG_061167.1	1999	7	0
NG_061166.1	1719	27	0
NG_061165.1	1057	1	0
NG_061164.1	1463	5	0
NG_061163.1	1459	6	0
NG_061162.1	1654	2	0
NG_061161.1	1654	5	0
NG_061160.1	1656	21	0
NG_061159.1	1656	1	0
NG_061158.1	1657	3	0
NG_061157.1	1656	1	0
NG_061156.1	1653	1	0
NG_061155.1	1656	4	0
NG_061153.1	1656	1	0
NG_061152.1	1655	6	0
NG_061150.1	1655	2	0
NG_061149.1	1656	1	0
NG_061148.1	1656	1	0
NG_061147.1	1574	2	0
NG_061144.1	1764	30	0
NG_061140.1	1649	85	0
NG_061139.1	1663	1	0
NG_061137.1	988	1	0
NG_061135.1	1643	124	0
NG_061134.1	1640	2	0
NG_061133.1	1749	48	0
NG_061132.1	1749	15	0
NG_061131.1	1749	3	0
NG_061130.1	1752	12	0
NG_061129.1	1742	64	0
NG_061128.1	1753	3	0
NG_061127.1	1747	2	0
NG_061126.1	1646	9	0
NG_061125.1	1763	5	0
NG_061123.1	1698	3	0
NG_061121.1	1005	5	0
NG_061120.1	1755	1	0
NG_061117.1	992	1	0
NG_061116.1	1778	22	0
NG_061115.1	1775	43	0
NG_061114.1	1664	86	0
NG_061113.1	1664	79	0
NG_061112.1	1608	16	0
NG_061111.1	1703	1	0
NG_061110.1	1773	1	0
NG_061109.1	1775	1	0
NG_061108.1	1201	17	0
NG_061107.1	1109	3	0
NG_061106.1	1697	1	0
NG_061104.1	1735	7	0
NG_061103.1	1746	8	0
NG_061102.1	1698	5	0
NG_061098.1	1103	2	0
NG_061096.1	1741	3	0
NG_061095.1	1747	5	0
NG_061094.1	1762	9	0
NG_061091.1	1737	8	0
NG_061090.1	1743	4	0
NG_061089.1	1787	3	0
NG_061088.1	1744	2	0
NG_061087.1	1727	5	0
NG_061086.1	1738	5	0
NG_061085.1	1786	4	0
NG_061084.1	1737	2	0
NG_061083.1	1749	2	0
NG_061082.1	1626	5	0
NG_061078.1	1718	11	0
NG_061077.1	2459	164	0
NG_061076.1	1684	164	0
NG_061075.1	967	115	0
NG_061074.1	1598	1	0
NG_061073.1	1596	1	0
NG_061071.1	1699	1	0
NG_061070.1	1138	5	0
NG_061065.1	1022	1	0
NG_061060.1	1663	19	0
NG_061059.1	1575	356	0
NG_061057.1	1705	2	0
NG_061056.1	1715	5	0
NG_061055.1	1785	6	0
NG_061054.1	1754	6	0
NG_061053.1	1769	341	0
NG_061052.1	1696	5	0
NG_061051.1	1146	6	0
NG_061050.1	1720	2	0
NG_061047.1	1600	1	0
NG_061046.1	1687	1	0
NG_061045.1	1792	192	0
NG_061042.1	1777	22	0
NG_061041.1	1730	1	0
NG_061040.1	1734	5	0
NG_061038.1	1756	1652	0
NG_061037.1	1739	15	0
NG_061035.1	1746	10	0
NG_061034.1	1759	3	0
NG_061033.1	1757	6	0
NG_061032.1	2157	1	0
NG_061031.1	1783	9	0
NG_061029.1	1739	7	0
NG_061028.1	1672	6	0
NG_061026.1	1849	126	0
NG_061025.1	1384	2	0
NG_061023.1	1753	7	0
NG_061022.1	1758	8	0
NG_061021.1	1029	2	0
NG_061018.1	1749	27	0
NG_061017.1	1753	3	0
NG_061016.1	511	15	0
NG_061015.1	1375	2	0
NG_061014.1	2063	4	0
NG_061013.1	1032	2	0
NG_061012.1	1010	4	0
NG_061011.1	1776	388	0
NG_061010.1	1752	1	0
NG_061009.1	1751	2	0
NG_061008.1	1762	322	0
NG_061007.1	1028	1	0
NG_061005.1	1758	83	0
NG_061004.1	1742	5	0
NG_061001.1	1349	4	0
NG_060999.1	1750	3	0
NG_060996.1	1676	12009	0
NG_060989.1	987	1	0
NG_060988.1	1778	13	0
NG_060987.1	1686	2	0
NG_060986.1	1781	8	0
NG_060985.1	1782	35	0
NG_060984.1	1781	50	0
NG_060983.1	1781	30	0
NG_060982.1	1782	26	0
NG_060981.1	1757	1	0
NG_060978.1	1760	5	0
NG_060977.1	1752	5	0
NG_060976.1	1763	2	0
NG_060975.1	2072	6	0
NG_060974.1	1781	10	0
NG_060972.1	1740	389	0
NG_060969.1	1683	6	0
NG_060968.1	1756	4	0
NG_013144.1	2080	28	0
NG_060587.1	1738	3	0
NG_013175.1	1776	2	0
NG_017192.1	1736	415	0
NG_017187.1	1751	441	0
NG_017185.1	1816	60	0
NG_017179.1	1787	13641	0
NG_017174.1	1770	227	0
NG_017173.1	2620	180	0
NG_017172.1	1796	895	0
NG_017168.1	1784	6979	0
NG_017166.1	1860	80	0
NG_016540.1	1708	18	0
NG_016538.1	1016	2	0
NG_016527.1	1779	3	0
NG_016502.1	1752	4	0
NG_016501.1	1199	2	0
NG_016494.1	1686	46	0
NG_013154.1	1715	50	0
NG_013193.1	1618	7	0
NG_013192.1	1618	1	0
NG_012432.1	1724	12	0
NG_017176.1	1463	7419	0
