NR_178167.1	789	46	0
NR_178161.1	688	1	0
NR_178159.1	660	1	0
NR_178158.1	737	1	0
NR_178153.1	683	65	0
NR_177612.1	779	2	0
NR_177585.1	686	1	0
NR_177583.1	615	1	0
NR_177557.1	581	1	0
NR_177499.1	759	2	0
NR_177494.1	674	1	0
NR_177484.1	554	2	0
NR_177465.1	763	1	0
NR_177462.1	662	2	0
NR_152978.1	740	2	0
NR_177181.1	963	2507	0
NR_177180.1	896	52	0
NR_177173.1	846	3	0
NR_177170.1	499	1	0
NR_177137.1	548	1	0
NR_177134.1	654	9	0
NR_172229.1	639	12	0
NR_176775.1	607	1	0
NR_176746.1	629	1	0
NR_176739.1	567	3	0
NR_176735.1	636	1	0
NR_176732.1	658	1	0
NR_176702.1	696	1	0
NR_176697.1	709	1	0
NR_176684.1	678	1	0
NR_176180.1	510	2	0
NR_176168.1	771	1	0
NR_176142.1	554	1	0
NR_176108.1	665	1	0
NR_176107.1	620	3	0
NR_170838.1	630	1	0
NR_119804.1	736	2	0
NR_175763.1	608	15	0
NR_175754.1	580	25	0
NR_175736.1	511	1	0
NR_175735.1	645	1	0
NR_175731.1	657	1	0
NR_175704.1	737	4	0
NR_175657.1	697	1	0
NR_175636.1	700	11	0
NR_175633.1	747	1	0
NR_175625.1	636	1	0
NR_175619.1	524	7	0
NR_153068.1	716	5	0
NR_131803.1	706	2	0
NR_175199.1	714	1	0
NR_175159.1	521	1	0
NR_175127.1	706	1	0
NR_175120.1	537	1	0
NR_175112.1	655	630	0
NR_175095.1	778	1	0
NR_175081.1	607	4	0
NR_175058.1	702	6	0
NR_175056.1	743	1	0
NR_175021.1	657	1	0
NR_175019.1	562	1	0
NR_174912.1	711	1	0
NR_174910.1	580	1	0
NR_174908.1	778	2	0
NR_174897.1	636	2	0
NR_174821.1	644	2	0
NR_174812.1	662	1	0
NR_174792.1	780	1	0
NR_174791.1	736	3	0
NR_174786.1	716	1	0
NR_174773.1	759	18	0
NR_174772.1	769	26	0
NR_174770.1	750	1	0
NR_174769.1	780	1	0
NR_174768.1	752	2	0
NR_174765.1	735	2	0
NR_174764.1	759	5	0
NR_174763.1	813	1075	0
NR_174762.1	748	6	0
NR_174761.1	732	5	0
NR_174758.1	674	1	0
NR_174757.1	632	15	0
NR_174756.1	610	15	0
NR_174755.1	611	1	0
NR_174752.1	564	10	0
NR_174748.1	669	1	0
NR_174746.1	681	1	0
NR_174734.1	710	1	0
NR_174733.1	677	2	0
NR_174732.1	667	1	0
NR_174731.1	671	54	0
NR_174729.1	649	1	0
NR_174728.1	655	1	0
NR_174727.1	602	2	0
NR_174726.1	650	1	0
NR_173239.1	501	1	0
NR_166043.1	779	4	0
NR_166006.1	763	1	0
NR_174651.1	541	1	0
NR_174641.1	544	1	0
NR_174639.1	555	1	0
NR_165582.1	630	3	0
NR_158296.1	501	1	0
NR_164277.1	756	29	0
NR_164049.1	641	3	0
NR_173972.1	721	2	0
NR_173967.1	732	2	0
NR_173944.1	739	12	0
NR_173939.1	689	13	0
NR_173905.1	605	4	0
NR_173892.1	804	1	0
NR_173845.1	601	2	0
NR_173834.1	723	1	0
NR_173826.1	731	2	0
NR_173823.1	675	106	0
NR_173787.1	723	10	0
NR_173786.1	743	1	0
NR_173772.1	804	2	0
NR_173762.1	751	9	0
NR_173740.1	717	1	0
NR_173737.1	780	3	0
NR_173717.1	611	2	0
NR_173484.1	625	105	0
NR_173453.1	558	1	0
NR_173451.1	547	1	0
NR_173443.1	673	2	0
NR_173432.1	498	5	0
NR_173427.1	637	1	0
NR_173403.1	678	1	0
NR_170845.1	678	1	0
NR_119473.1	642	1	0
NR_173379.1	552	2	0
NR_137743.1	463	3	0
NR_137742.1	488	5	0
NR_171743.1	612	1	0
NR_173323.1	720	1	0
NR_173316.1	479	97	0
NR_173315.1	625	1	0
NR_173262.1	568	2	0
NR_173225.1	768	2	0
NR_173224.1	769	1	0
NR_173223.1	761	3	0
NR_173219.1	607	2	0
NR_173202.1	667	3	0
NR_173184.1	597	4	0
NR_173182.1	568	1	0
NR_173167.1	733	1	0
NR_173072.1	703	1	0
NR_173054.1	555	1	0
NR_173044.1	649	2	0
NR_172971.1	496	1	0
NR_172968.1	542	3	0
NR_172955.1	775	71	0
NR_161000.1	512	22	0
NR_158289.1	618	1	0
NR_155106.1	685	1	0
NR_172817.1	499	1	0
NR_172806.1	679	6	0
NR_172782.1	806	3	0
NR_172773.1	651	1	0
NR_172725.1	619	1	0
NR_172449.1	525	1	0
NR_172447.1	605	1	0
NR_172445.1	515	2	0
NR_172423.1	653	1	0
NR_172412.1	536	1	0
NR_172397.1	600	1	0
NR_172395.1	586	1	0
NR_172382.1	538	1	0
NR_172379.1	615	1	0
NR_154314.1	741	4	0
NR_153597.1	609	1241	0
NR_137144.1	584	2	0
NR_119591.1	573	1	0
NR_172309.1	564	1	0
NR_172268.1	527	1	0
NR_172248.1	730	2	0
NR_172240.1	759	7	0
NR_172218.1	652	2	0
NR_172188.1	509	5	0
NR_172156.1	530	2	0
NR_169942.1	580	1	0
NR_119460.1	568	5	0
NR_144764.1	497	1	0
NR_172047.1	739	1	0
NR_172044.1	620	1	0
NR_171998.1	590	1	0
NR_171994.1	579	2	0
NR_171957.1	591	1	0
NR_171948.1	588	1	0
NR_171929.1	743	8	0
NR_171926.1	757	5	0
NR_171913.1	753	29	0
NR_171907.1	747	1	0
NR_171906.1	770	1	0
NR_154177.1	681	1	0
NR_137887.1	598	1	0
NR_171811.1	1329	4	0
NR_171789.1	464	1	0
NR_171709.1	786	1	0
NR_171613.1	704	3	0
NR_171605.1	656	1	0
NR_171596.1	661	1	0
NR_171265.1	671	1	0
NR_171354.1	686	1	0
NR_171286.1	484	1	0
NR_171267.1	976	10	0
NR_171261.1	756	2	0
NR_171258.1	570	3	0
NR_171241.1	536	6	0
NR_171207.1	616	1	0
NR_121556.1	616	2	0
NR_152954.1	597	1	0
NR_145301.1	603	15	0
NR_111578.1	591	4	0
NR_111571.1	593	2	0
NR_077209.1	647	1	0
NR_077185.1	626	31	0
NR_170832.1	553	8	0
NR_170798.1	515	1	0
NR_170751.1	456	1	0
NR_170743.1	525	2	0
NR_170738.1	815	1	0
NR_170723.1	675	6	0
NR_170718.1	621	4	0
NR_156500.1	728	62	0
NR_170046.1	536	1	0
NR_169980.1	739	1	0
NR_169958.1	584	1	0
NR_169943.1	675	3	0
NR_169921.1	704	3	0
NR_169916.1	473	4	0
NR_169893.1	630	1	0
NR_169891.1	675	2	0
NR_169708.1	563	1	0
NR_169706.1	559	1	0
NR_169705.1	570	1	0
NR_169692.1	500	9	0
NR_169685.1	719	1	0
NR_169683.1	889	2	0
NR_169668.1	795	32	0
NR_169667.1	744	1	0
NR_169662.1	446	1	0
NR_169648.1	551	1	0
NR_168813.1	518	2	0
NR_168809.1	545	1	0
NR_168808.1	476	2	0
NR_168770.1	711	1	0
NR_168761.1	613	2	0
NR_168751.1	703	2	0
NR_168749.1	586	1	0
NR_168748.1	709	1	0
NR_158374.1	667	2	0
NR_168426.1	687	4082	0
NR_168425.1	687	3887	0
NR_168423.1	604	1	0
NR_168420.1	608	1	0
NR_168411.1	608	2	0
NR_168410.1	606	4	0
NR_168409.1	604	1	0
NR_168407.1	601	1	0
NR_168210.1	559	2	0
NR_168197.1	516	1	0
NR_155093.1	573	3	0
NR_132835.1	653	3	0
NR_167682.1	878	132	0
NR_166798.1	724	1	0
NR_166359.1	733	6	0
NR_166302.1	780	1221	0
NR_166281.1	607	4	0
NR_166278.1	704	4	0
NR_166260.1	527	105	0
NR_166237.1	641	12	0
NR_166230.1	594	1	0
NR_165988.1	632	1	0
NR_165983.1	901	23	0
NR_160610.1	697	2	0
NR_166003.1	612	1	0
NR_166002.1	791	457	0
NR_165994.1	690	1	0
NR_165980.1	788	1	0
NR_165884.1	741	1	0
NR_165920.1	604	2	0
NR_165852.1	594	3	0
NR_165851.1	625	1	0
NR_165600.1	725	1	0
NR_165562.1	554	3	0
NR_165545.1	700	5	0
NR_165205.1	568	1	0
NR_165202.1	583	3	0
NR_165200.1	829	87	0
NR_120266.2	605	1	0
NR_121336.2	576	1	0
NR_111339.1	600	3	0
NR_153493.1	519	1	0
NR_164613.1	833	42	0
NR_164612.1	639	3	0
NR_164543.1	615	1	0
NR_164539.1	666	2	0
NR_164587.1	583	1	0
NR_164525.1	480	1	0
NR_164489.1	768	7	0
NR_164484.1	518	1	0
NR_164495.1	733	1	0
NR_164431.1	483	3	0
NR_164383.1	702	5	0
NR_164382.1	430	12	0
NR_164379.1	434	22	0
NR_164377.1	507	1	0
NR_160113.1	493	1	0
NR_164289.1	645	7	0
NR_164279.1	821	1	0
NR_164278.1	690	2	0
NR_164230.1	629	5	0
NR_164224.1	649	5	0
NR_164090.1	512	1	0
NR_164084.1	344	2	0
NR_164078.1	509	1	0
NR_164048.1	643	2	0
NR_164036.1	701	1	0
NR_164031.1	652	1	0
NR_164026.1	600	1	0
NR_164057.1	750	5	0
NR_164056.1	742	3	0
NR_164055.1	768	7	0
NR_155813.1	489	1	0
NR_137870.1	614	2	0
NR_163763.1	717	2	0
NR_163686.1	569	2	0
NR_163682.1	557	1	0
NR_163677.1	579	14	0
NR_163667.1	596	2	0
NR_154803.1	784	2	0
NR_154704.1	668	12	0
NR_154604.1	656	2	0
NR_154513.1	626	431	0
NR_154478.1	649	1	0
NR_154392.1	791	4	0
NR_154391.1	832	80	0
NR_154369.1	790	1	0
NR_154368.1	742	1	0
NR_153863.1	801	4	0
NR_153601.1	681	14	0
NR_152977.1	741	5	0
NR_149336.1	758	2	0
NR_149333.1	763	26	0
NR_147690.1	683	25	0
NR_145375.1	865	432	0
NR_138404.2	631	49	0
NR_137569.1	690	20	0
NR_137034.1	826	2	0
NR_136119.1	514	1	0
NR_135961.1	582	1	0
NR_132862.1	689	56	0
NR_132861.1	783	50	0
NR_132054.1	1092	5	0
NR_130683.1	756	6	0
NR_121477.1	673	2	0
NR_121447.1	641	1	0
NR_121446.1	637	2	0
NR_121445.1	645	4	0
NR_121437.1	681	3	0
NR_121436.1	649	7	0
NR_121434.1	680	5	0
NR_121433.1	650	2	0
NR_121432.1	645	1	0
NR_121431.1	684	3	0
NR_121422.1	655	2	0
NR_121420.1	658	129	0
NR_121419.1	652	3346	0
NR_121416.1	657	114	0
NR_121414.1	657	2	0
NR_121413.1	654	3228	0
NR_121411.1	653	136	0
NR_121410.1	653	3408	0
NR_121409.1	659	102	0
NR_121406.1	664	2	0
NR_121405.1	663	1	0
NR_121404.1	662	2	0
NR_121401.1	672	2	0
NR_121400.1	692	180	0
NR_121398.1	691	189	0
NR_121395.1	691	193	0
NR_121394.1	689	199	0
NR_121393.1	689	194	0
NR_121391.1	690	193	0
NR_121390.1	694	186	0
NR_121388.1	694	173	0
NR_121387.1	691	184	0
NR_121382.1	672	2	0
NR_121380.1	674	4	0
NR_121377.1	672	3	0
NR_121376.1	672	1	0
NR_121373.1	672	3	0
NR_121372.1	673	4	0
NR_121371.1	672	1	0
NR_121368.1	621	1	0
NR_121367.1	612	1	0
NR_121361.1	645	2	0
NR_121360.1	641	1	0
NR_121339.1	804	8	0
NR_121292.1	531	5	0
NR_121291.1	539	2	0
NR_121280.1	651	105	0
NR_120089.1	694	1	0
NR_119725.1	671	1830	0
NR_119652.1	668	44	0
NR_119650.1	681	34	0
NR_119647.1	521	720	0
NR_119645.1	607	30	0
NR_119644.1	713	16	0
NR_119595.1	544	34	0
NR_119590.1	749	39	0
NR_119555.1	747	1	0
NR_119554.1	824	576	0
NR_119552.1	628	4	0
NR_119550.1	634	29	0
NR_119547.1	692	1	0
NR_119545.1	521	1	0
NR_119544.1	542	2	0
NR_119543.1	814	2	0
NR_119542.1	520	43	0
NR_119537.1	659	1	0
NR_119535.1	476	17	0
NR_111867.1	788	19	0
NR_111810.1	720	1	0
NR_111586.1	601	3	0
NR_111569.1	582	1	0
NR_111560.1	611	1	0
NR_111557.1	618	3	0
NR_111314.1	708	3	0
NR_111313.1	636	23	0
NR_111189.1	686	425	0
NR_111108.1	444	2	0
NR_111107.1	442	1	0
NR_103649.1	708	2	0
NR_103630.1	654	1	0
NR_077175.1	671	1	0
NR_163553.1	725	1	0
NR_163521.1	585	2	0
NR_163384.1	538	6	0
NR_163383.1	649	1	0
NR_163370.1	588	1	0
NR_163315.1	693	96	0
NR_163313.1	642	3	0
NR_163283.1	673	1	0
NR_161038.1	782	3	0
NR_161037.1	777	2	0
NR_161005.1	468	5	0
NR_161004.1	501	6	0
NR_161046.1	532	4	0
NR_161014.1	635	3	0
NR_161011.1	611	3	0
NR_160626.1	511	1	0
NR_160593.1	551	1	0
NR_160570.1	635	1	0
NR_155215.1	574	1	0
NR_160496.1	713	18	0
NR_160494.1	613	1	0
NR_160492.1	575	14	0
NR_160491.1	641	1	0
NR_160482.1	614	3	0
NR_160480.1	742	1	0
NR_160479.1	765	2	0
NR_160471.1	695	1	0
NR_160353.1	539	1	0
NR_160348.1	528	1	0
NR_160342.1	575	1	0
NR_160334.1	601	1	0
NR_160333.1	650	1	0
NR_160330.1	684	67	0
NR_160311.1	464	5	0
NR_160261.1	782	32	0
NR_160240.1	554	1	0
NR_160234.1	556	1	0
NR_160209.1	662	1	0
NR_160203.1	556	1	0
NR_160180.1	719	10	0
NR_160168.1	550	7	0
NR_160151.1	656	2	0
NR_160139.1	692	29	0
NR_160121.1	667	1	0
NR_160102.1	718	8	0
NR_160089.1	480	1	0
NR_160082.1	575	1	0
NR_159823.1	725	1	0
NR_159821.1	716	2	0
NR_159876.1	603	1	0
NR_159847.1	574	2	0
NR_159816.1	641	1	0
NR_121313.1	593	11	0
NR_121279.1	598	3	0
NR_111112.1	476	1	0
NR_120226.2	624	3	0
NR_119415.2	697	17	0
NR_103657.2	686	1	0
NR_121553.1	580	1	0
NR_121551.1	737	1	0
NR_121524.1	605	1	0
NR_121522.1	619	13	0
NR_121501.1	656	1	0
NR_121491.1	703	1	0
NR_121471.1	582	2	0
NR_121469.1	992	1	0
NR_121466.1	574	10	0
NR_121464.1	517	9	0
NR_121458.1	797	8	0
NR_121454.1	683	1	0
NR_121332.1	567	1	0
NR_121314.1	628	10	0
NR_121307.1	592	1	0
NR_121306.1	593	1	0
NR_121302.1	577	1	0
NR_121301.1	589	1	0
NR_121290.1	675	1	0
NR_121275.1	754	1	0
NR_121270.1	773	4	0
NR_121252.1	603	1	0
NR_121215.1	579	2	0
NR_121204.1	598	1	0
NR_121201.1	694	6	0
NR_120314.1	701	3	0
NR_120241.1	691	1	0
NR_120239.1	565	1	0
NR_120217.1	479	1	0
NR_120174.1	727	3	0
NR_120025.1	850	64	0
NR_120006.1	590	8	0
NR_120005.1	646	4	0
NR_119975.1	746	48	0
NR_119973.1	661	1	0
NR_119968.1	687	1	0
NR_119963.1	771	1	0
NR_119950.1	635	2	0
NR_119907.1	609	2	0
NR_119890.1	613	7	0
NR_119865.1	593	1	0
NR_119853.1	640	1	0
NR_119847.1	640	1	0
NR_119837.1	640	1	0
NR_119826.1	672	1	0
NR_119786.1	672	1	0
NR_119765.1	765	26	0
NR_119761.1	597	1	0
NR_119740.1	584	1	0
NR_119664.1	758	1	0
NR_119654.1	692	3	0
NR_119646.1	746	23	0
NR_119633.1	573	1	0
NR_119627.1	755	10	0
NR_119581.1	617	1	0
NR_119566.1	476	3	0
NR_119559.1	755	6	0
NR_119531.1	622	2	0
NR_119468.1	663	2	0
NR_111828.1	503	1	0
NR_111803.1	467	1	0
NR_111781.1	580	3	0
NR_111780.1	578	1	0
NR_111589.1	626	1	0
NR_111475.1	674	1	0
NR_111434.1	650	1	0
NR_111416.1	548	1	0
NR_111328.1	463	1	0
NR_111320.1	494	1	0
NR_111258.1	568	5	0
NR_111180.1	487	2	0
NR_077200.1	428	1	0
NR_077129.1	817	1	0
NR_077118.1	512	2	0
NR_077075.1	411	3	0
NR_073352.1	522	1	0
NR_073339.1	545	1	0
NR_073307.1	639	4	0
NR_073303.1	670	1	0
NR_073298.1	618	1	0
NR_073284.1	597	1	0
NR_073278.1	628	5	0
NR_073268.1	637	5	0
NR_073260.1	520	2	0
NR_073236.1	741	1	0
NR_134345.1	626	1	0
NR_159622.1	592	2	0
NR_159605.1	752	1	0
NR_159576.1	605	1	0
NR_159064.1	660	1	0
NR_159046.1	537	1	0
NR_159044.1	581	4	0
NR_159013.1	503	6	0
NR_159005.1	496	1	0
NR_155315.1	703	1	0
NR_154115.1	714	6	0
NR_153560.1	420	2	0
NR_152370.1	702	1	0
NR_152366.1	691	1	0
NR_148182.1	725	5	0
NR_137923.1	547	1	0
NR_158905.1	718	1	0
NR_158877.1	758	1	0
NR_158845.1	1102	1	0
NR_158836.1	612	1	0
NR_158805.1	642	2122	0
NR_158794.1	578	57	0
NR_158507.1	739	1	0
NR_158505.1	598	1	0
NR_158486.1	565	1	0
NR_158485.1	766	7	0
NR_158478.1	613	1	0
NR_158474.1	565	4	0
NR_158461.1	862	6	0
NR_158460.1	695	3	0
NR_158447.1	711	1	0
NR_158442.1	715	15	0
NR_158403.1	702	1	0
NR_158379.1	582	1	0
NR_158363.1	577	1	0
NR_158306.1	643	3531	0
NR_158303.1	625	95	0
NR_158299.1	762	1	0
NR_158264.1	490	1	0
NR_158261.1	490	1	0
NR_157884.1	638	1	0
NR_157486.1	769	1	0
NR_157483.1	632	3	0
NR_157456.1	661	1	0
NR_156632.1	712	6	0
NR_156593.1	655	3	0
NR_156588.1	776	1	0
NR_156587.1	615	24	0
NR_156586.1	543	1	0
NR_156363.1	658	22	0
NR_156358.1	652	1	0
NR_156332.1	666	3	0
NR_156291.1	682	2	0
NR_156283.1	764	1	0
NR_156280.1	631	7	0
NR_156245.1	621	1	0
NR_154019.1	755	12	0
NR_157131.1	702	1	0
NR_152964.1	754	2	0
NR_152909.1	695	1	0
NR_156637.1	667	1	0
NR_156616.1	538	1	0
NR_156543.1	641	5	0
NR_156522.1	600	8	0
NR_156518.1	655	1	0
NR_156510.1	638	1	0
NR_156338.1	521	1	0
NR_156297.1	723	1	0
NR_156217.1	590	3	0
NR_156216.1	730	1	0
NR_156207.1	666	1	0
NR_156193.1	720	7	0
NR_156007.1	581	5	0
NR_155991.1	790	6	0
NR_155973.1	630	3	0
NR_155937.1	470	3	0
NR_155935.1	526	1	0
NR_155907.1	576	2	0
NR_155843.1	783	17	0
NR_155826.1	647	5	0
NR_155816.1	567	3	0
NR_155808.1	565	2	0
NR_155797.1	486	1	0
NR_155788.1	761	1	0
NR_155768.1	497	1	0
NR_155729.1	675	1	0
NR_155698.1	581	1	0
NR_155658.1	563	7	0
NR_155640.1	560	1	0
NR_155573.1	776	1	0
NR_155459.1	660	1	0
NR_155406.1	804	22	0
NR_155405.1	540	5	0
NR_155402.1	394	1	0
NR_155367.1	550	2	0
NR_155366.1	725	2	0
NR_155322.1	649	1	0
NR_155312.1	634	1	0
NR_155308.1	746	1	0
NR_155239.1	484	3	0
NR_155233.1	784	2	0
NR_155230.1	746	1	0
NR_155228.1	747	1	0
NR_155213.1	687	2	0
NR_145184.1	597	1	0
NR_155200.1	678	4	0
NR_155199.1	724	2	0
NR_155197.1	662	4	0
NR_155196.1	701	3	0
NR_155195.1	685	3	0
NR_155170.1	564	2	0
NR_155151.1	579	2	0
NR_155114.1	574	2	0
NR_155019.1	578	1	0
NR_155018.1	571	1	0
NR_155000.1	543	1	0
NR_154978.1	685	1	0
NR_154914.1	616	1	0
NR_138360.1	505	4	0
NR_154807.1	577	22	0
NR_154805.1	643	1	0
NR_154802.1	754	1	0
NR_154793.1	659	1	0
NR_154774.1	574	1	0
NR_154767.1	667	2	0
NR_154759.1	492	4	0
NR_154722.1	627	2	0
NR_154700.1	498	1	0
NR_154680.1	694	1	0
NR_154638.1	635	1	0
NR_154633.1	662	1	0
NR_154537.1	574	2	0
NR_154536.1	766	1	0
NR_154527.1	594	2	0
NR_154510.1	550	1	0
NR_154509.1	534	3	0
NR_154495.1	617	1	0
NR_154493.1	645	5	0
NR_154489.1	650	1	0
NR_154487.1	584	8	0
NR_154485.1	618	4	0
NR_154483.1	635	1	0
NR_154479.1	632	1	0
NR_154470.1	699	1	0
NR_154456.1	560	1	0
NR_154436.1	673	1	0
NR_154372.1	580	1	0
NR_154370.1	588	4	0
NR_154367.1	540	2	0
NR_154357.1	505	2	0
NR_154354.1	600	1	0
NR_154313.1	648	2	0
NR_154302.1	689	1	0
NR_154249.1	619	1	0
NR_154248.1	537	1	0
NR_154204.1	453	1	0
NR_154149.1	609	1	0
NR_154130.1	548	2	0
NR_154127.1	554	1	0
NR_154119.1	675	9039	0
NR_154094.1	775	23	0
NR_154074.1	550	6	0
NR_154065.1	865	19	0
NR_154063.1	760	1	0
NR_154011.1	527	3	0
NR_153970.1	735	1	0
NR_153930.1	702	1	0
NR_153652.1	710	3	0
NR_153644.1	504	2	0
NR_153643.1	540	9	0
NR_153637.1	567	1	0
NR_153617.1	580	1	0
NR_153606.1	834	24	0
NR_153544.1	702	3	0
NR_153525.1	717	7790	0
NR_153522.1	718	1	0
NR_153479.1	526	1	0
NR_153040.1	690	1	0
NR_152990.1	638	1	0
NR_152545.1	866	2	0
NR_152544.1	865	1	0
NR_145302.1	549	2	0
NR_145202.1	598	1	0
NR_144767.1	682	1	0
NR_138381.1	542	5	0
NR_137975.1	645	9	0
NR_137114.1	727	3	0
NR_136950.1	673	3	0
NR_135954.1	633	5	0
NR_132876.1	453	2	0
NR_132828.1	709	1	0
NR_126144.2	600	1	0
NR_153058.1	614	1	0
NR_152942.1	522	1	0
NR_152918.1	648	1	0
NR_152538.1	632	1	0
NR_152489.1	559	4	0
NR_152488.1	483	1	0
NR_152298.1	638	1	0
NR_151810.1	474	3	0
NR_151797.1	628	3	0
NR_151794.1	508	2	0
NR_151792.1	716	1	0
NR_149326.1	614	1	0
NR_148190.1	483	3	0
NR_148114.1	543	3	0
NR_148111.1	612	2	0
NR_148110.1	772	2	0
NR_148109.1	667	1	0
NR_148083.1	670	20	0
NR_147657.1	682	3	0
NR_147588.1	577	3	0
NR_147587.1	579	1	0
NR_147586.1	577	1	0
NR_147584.1	579	1	0
NR_147583.1	577	3	0
NR_147579.1	573	1	0
NR_147574.1	650	1	0
NR_147528.1	744	333	0
NR_147515.1	582	1	0
NR_147428.1	726	3	0
NR_147264.1	476	1	0
NR_146257.1	711	2	0
NR_146253.1	701	1	0
NR_145396.1	515	1	0
NR_145099.1	728	5	0
NR_144915.1	727	1	0
NR_144901.1	637	544	0
NR_144812.1	632	13	0
NR_144777.1	538	1	0
NR_144768.1	635	1	0
NR_144765.1	495	1	0
NR_138398.1	592	3	0
NR_138358.1	675	1	0
NR_138234.1	641	1	0
NR_138222.1	662	1	0
NR_138221.1	682	1	0
NR_138220.1	469	4	0
NR_137874.1	698	1	0
NR_137868.1	663	2	0
NR_137856.1	677	1	0
NR_137840.1	691	2	0
NR_137839.1	593	1	0
NR_137783.1	947	5	0
NR_137740.1	630	1	0
NR_137732.1	655	2	0
NR_137616.1	511	1	0
NR_137504.1	459	37	0
NR_137083.1	687	2	0
NR_136125.1	634	4	0
NR_135937.1	722	1	0
NR_132946.1	619	1	0
NR_132932.1	561	1	0
NR_132907.1	552	1	0
NR_132906.1	608	1	0
NR_132858.1	652	1	0
NR_132855.1	656	2	0
NR_132854.1	654	2	0
NR_132851.1	636	2	0
NR_132834.1	780	1	0
NR_132824.1	720	1	0
NR_132801.1	654	1	0
NR_130688.1	556	4	0
NR_145093.1	480	2	0
NR_148070.1	769	10	0
NR_147580.1	600	1	0
NR_147323.1	480	1	0
NR_146254.1	527	3	0
NR_146252.1	609	8	0
NR_144810.1	567	13	0
NR_132859.1	519	1	0
NR_132045.1	693	14	0
NR_153283.1	535	3	0
NR_153252.1	679	1	0
NR_153250.1	794	2	0
NR_153234.1	586	1	0
NR_153135.1	748	10	0
NR_147585.1	579	1	0
NR_147581.1	599	2	0
NR_147539.1	634	1	0
NR_147495.1	731	2	0
NR_147413.1	502	1	0
NR_147305.1	616	8	0
NR_145360.1	537	2	0
NR_145312.1	580	1	0
NR_145280.1	618	2	0
NR_145056.1	724	1	0
NR_144884.1	737	1	0
NR_137869.1	619	3	0
NR_137808.1	599	1	0
NR_137727.1	539	2	0
NR_137714.1	576	1	0
NR_137710.1	803	5	0
NR_137704.1	724	1	0
NR_137686.1	573	1	0
NR_137625.1	589	2	0
NR_137596.1	729	2	0
NR_137595.1	723	1	0
NR_137568.1	566	1	0
NR_137545.1	569	68	0
NR_137519.1	566	1	0
NR_137496.1	482	2	0
NR_137466.1	582	2	0
NR_137138.1	466	1	0
NR_137106.1	641	1	0
NR_137042.1	548	3	0
NR_136964.1	512	3	0
NR_136956.1	625	1	0
NR_135942.1	651	2	0
NR_135366.1	589	1	0
NR_135362.1	587	32	0
NR_135359.1	592	1	0
NR_135357.1	583	1	0
NR_152502.1	670	1	0
NR_152328.1	695	8	0
