NG_088171.1	904	3	0
NG_079683.1	1329	1	0
NG_070839.1	908	1	0
NG_088361.1	871	1	0
NG_088360.1	859	1	0
NG_088351.1	1279	2	0
NG_088350.1	1279	5	0
NG_088348.1	1048	2	0
NG_088345.1	975	1	0
NG_088317.1	1342	1	0
NG_088316.1	1344	1	0
NG_088315.1	1344	1	0
NG_088313.1	879	2	0
NG_088311.1	1350	77	0
NG_088310.1	1360	70	0
NG_088309.1	1348	54	0
NG_088298.1	1345	1	0
NG_088291.1	862	320	0
NG_088287.1	914	1	0
NG_088282.1	868	6	0
NG_088280.1	1049	1	0
NG_088268.1	1398	1	0
NG_088262.1	1379	1	0
NG_088259.1	1372	1	0
NG_088257.1	1355	1	0
NG_088255.1	1352	6	0
NG_088254.1	933	11	0
NG_088253.1	1385	1	0
NG_088250.1	878	3	0
NG_088246.1	1402	4	0
NG_088244.1	829	1	0
NG_088231.1	892	451	0
NG_088218.1	949	49	0
NG_088217.1	1339	2	0
NG_088209.1	1368	100	0
NG_088204.1	1348	5	0
NG_088203.1	1275	4	0
NG_088202.1	1336	4	0
NG_088198.1	1392	1	0
NG_088191.1	826	1	0
NG_088187.1	655	16	0
NG_088185.1	970	28	0
NG_088184.1	968	1	0
NG_088183.1	934	1	0
NG_088179.1	1344	1	0
NG_088178.1	881	1	0
NG_088175.1	1311	3	0
NG_088161.1	1134	2	0
NG_088160.1	752	1	0
NG_088159.1	1393	2	0
NG_088157.1	1310	3	0
NG_088150.1	925	340	0
NG_088144.1	1338	19	0
NG_088140.1	1355	73	0
NG_088138.1	860	1	0
NG_088132.1	855	1	0
NG_088130.1	842	66	0
NG_088125.1	837	51	0
NG_088124.1	847	49	0
NG_088122.1	1310	2	0
NG_088120.1	1065	1	0
NG_088118.1	614	1	0
NG_088116.1	784	2	0
NG_088114.1	1339	479	0
NG_088109.1	1340	2	0
NG_088108.1	1355	3	0
NG_088102.1	927	1	0
NG_088095.1	1265	214	0
NG_088090.1	803	4	0
NG_088083.1	1297	1	0
NG_088082.1	1359	1	0
NG_088069.1	867	73	0
NG_088067.1	1399	1	0
NG_088066.1	1395	57	0
NG_088060.1	1334	6	0
NG_088049.1	1146	66	0
NG_088042.1	1299	1	0
NG_088041.1	1291	1	0
NG_088039.1	1288	1	0
NG_088038.1	836	1	0
NG_088030.1	1123	1	0
NG_088027.1	1315	83	0
NG_088025.1	1350	3	0
NG_088019.1	614	3	0
NG_088017.1	1364	1	0
NG_088016.1	1431	1	0
NG_088015.1	836	1	0
NG_088011.1	1357	1	0
NG_064326.1	893	1	0
NG_070816.1	916	191	0
NG_070072.1	858	18	0
NG_067790.1	812	1	0
NG_060299.1	795	14	0
NG_058263.1	1415	3	0
NG_058141.1	1380	14	0
NG_058140.1	1381	12	0
NG_058018.1	1313	6	0
NG_058017.1	1312	14	0
NG_058015.1	1303	40	0
NG_058014.1	1330	8	0
NG_058013.1	1350	16	0
NG_057988.1	800	11	0
NG_081540.1	850	1	0
NG_081533.1	885	3	0
NG_081531.1	1407	1	0
NG_081522.1	873	2	0
NG_081516.1	1286	41	0
NG_081499.1	891	1	0
NG_081481.1	840	1	0
NG_081479.1	1303	3	0
NG_081469.1	665	3717	0
NG_081465.1	1269	464	0
NG_081462.1	820	4	0
NG_081453.1	882	51	0
NG_081447.1	871	62	0
NG_081326.1	829	1	0
NG_081320.1	815	17	0
NG_081312.1	1315	1	0
NG_081311.1	1323	5	0
NG_081309.1	811	1	0
NG_081284.1	1330	6	0
NG_081277.1	836	246	0
NG_081274.1	1021	2	0
NG_081273.1	1144	1	0
NG_081272.1	871	17	0
NG_069014.1	1327	15	0
NG_054843.1	530	1	0
NG_069325.1	1325	6	0
NG_068871.1	1281	2	0
NG_068870.1	1255	4	0
NG_068869.1	1289	1	0
NG_068734.1	1347	2	0
NG_067783.1	941	3	0
NG_064324.1	885	1	0
NG_058802.1	953	9	0
NG_058800.1	951	2	0
NG_058785.1	954	1	0
NG_079713.1	1269	46	0
NG_079712.1	879	1	0
NG_079706.1	1324	65	0
NG_079705.1	845	1	0
NG_079704.1	1284	41	0
NG_079703.1	1329	42	0
NG_079701.1	943	10	0
NG_079686.1	1288	2	0
NG_079685.1	1316	1	0
NG_079677.1	1303	2	0
NG_079674.1	1383	679	0
NG_079671.1	1349	3	0
NG_079670.1	914	2	0
NG_079669.1	906	2	0
NG_079665.1	844	1	0
NG_079661.1	1326	1	0
NG_079646.1	1380	7	0
NG_079640.1	1316	1	0
NG_079636.1	1291	1	0
NG_079635.1	1297	1	0
NG_079634.1	1291	5	0
NG_079633.1	1291	5	0
NG_079632.1	1291	4	0
NG_079630.1	1290	1	0
NG_079629.1	1355	41	0
NG_079628.1	800	2	0
NG_079627.1	522	1	0
NG_079625.1	1023	1	0
NG_079572.1	1327	1	0
NG_079569.1	819	32	0
NG_079567.1	840	2	0
NG_079563.1	882	1900	0
NG_079560.1	862	54	0
NG_079559.1	838	71	0
NG_079556.1	827	2	0
NG_079554.1	871	2	0
NG_079546.1	848	63	0
NG_079545.1	808	1	0
NG_079530.1	902	2	0
NG_079529.1	1164	64	0
NG_079517.1	560	1	0
NG_079515.1	500	3	0
NG_079505.1	483	1	0
NG_079502.1	552	1	0
NG_079498.1	554	3	0
NG_079495.1	953	2	0
NG_079492.1	1315	1	0
NG_078694.1	877	1	0
NG_078690.1	1279	3	0
NG_078676.1	942	1	0
NG_078668.1	942	1	0
NG_078648.1	909	65	0
NG_078647.1	909	2	0
NG_078640.1	1278	1	0
NG_078637.1	1391	6	0
NG_075331.1	1378	5	0
NG_068635.1	1244	1	0
NG_066428.1	965	1	0
NG_064087.1	888	1	0
NG_042787.1	935	1	0
NG_077394.1	900	1	0
NG_077393.1	906	349	0
NG_077392.1	905	1	0
NG_077391.1	903	77	0
NG_077390.1	906	73	0
NG_077380.1	1295	6	0
NG_077378.1	893	1	0
NG_077376.1	1026	1	0
NG_064046.1	949	10	0
NG_060810.1	700	1	0
NG_060382.1	3250	1221	0
NG_059089.1	1220	4	0
NG_058848.1	956	3	0
NG_058828.1	983	3	0
NG_058827.1	996	4	0
NG_069377.1	795	1	0
NG_066352.1	3183	30	0
NG_060406.1	1379	1	0
NG_055354.1	3283	197	0
NG_055344.1	552	1	0
NG_076752.1	898	6	0
NG_076735.1	813	6	0
NG_076729.1	836	1	0
NG_076727.1	864	1	0
NG_076723.1	895	2	0
NG_076721.1	889	4	0
NG_076703.1	909	1	0
NG_076701.1	1128	1	0
NG_076699.1	693	1	0
NG_076697.1	924	1	0
NG_070419.1	1279	1	0
NG_068713.1	858	1	0
NG_064289.1	849	16	0
NG_058139.1	1375	48	0
NG_055355.1	3269	163	0
NG_075435.1	482	1	0
NG_075430.1	940	8	0
NG_075421.1	1306	7	0
NG_075409.1	834	1	0
NG_075404.1	878	1	0
NG_075400.1	878	14	0
NG_075397.1	1339	1	0
NG_075396.1	1357	2	0
NG_075395.1	843	1	0
NG_075389.1	1398	3	0
NG_075386.1	953	3	0
NG_075384.1	848	1	0
NG_075379.1	935	5	0
NG_075378.1	895	1	0
NG_075377.1	878	2	0
NG_075359.1	825	1	0
NG_075348.1	1730	13	0
NG_075344.1	880	2	0
NG_075342.1	1431	3	0
NG_075336.1	1361	1	0
NG_075335.1	983	1	0
NG_075333.1	981	1	0
NG_075332.1	1291	1	0
NG_075329.1	1396	7	0
NG_075326.1	1312	1	0
NG_075320.1	1389	1	0
NG_075315.1	1348	3	0
NG_075310.1	1339	2	0
NG_075309.1	1303	7	0
NG_075305.1	907	1	0
NG_075302.1	898	2	0
NG_075300.1	3106	106	0
NG_075293.1	850	1	0
NG_075291.1	1352	6	0
NG_075288.1	1382	1	0
NG_075286.1	815	8	0
NG_075283.1	1395	1	0
NG_075260.1	915	4	0
NG_075246.1	1307	12	0
NG_075242.1	1079	3	0
NG_075239.1	823	1	0
NG_075238.1	979	16	0
NG_075235.1	1352	2	0
NG_075234.1	794	14	0
NG_075230.1	1332	2	0
NG_075222.1	892	3	0
NG_075219.1	797	1	0
NG_075213.1	1342	1	0
NG_075212.1	1345	1	0
NG_075209.1	1325	1	0
NG_075207.1	1353	1	0
NG_075203.1	427	1	0
NG_075194.1	950	3	0
NG_075185.1	1350	1	0
NG_075184.1	1349	2	0
NG_075183.1	1347	1	0
NG_075179.1	586	2	0
NG_075176.1	494	2	0
NG_075173.1	720	8	0
NG_075170.1	1279	19	0
NG_075168.1	1305	70	0
NG_075167.1	1338	1	0
NG_075166.1	1392	4	0
NG_075165.1	1353	2	0
NG_075164.1	1325	25	0
NG_075163.1	1389	1	0
NG_075161.1	3224	80	0
NG_075152.1	1143	3	0
NG_075151.1	499	3	0
NG_058996.1	655	64	0
NG_027566.1	3087	1113	0
NG_074500.1	844	1	0
NG_074492.1	848	1	0
NG_074490.1	850	2	0
NG_074483.1	901	1	0
NG_074479.1	811	1	0
NG_074475.1	874	2	0
NG_074474.1	910	69	0
NG_074473.1	917	69	0
NG_074472.1	894	59	0
NG_074469.1	915	3	0
NG_074468.1	849	6	0
NG_074467.1	979	8	0
NG_074465.1	1422	2	0
NG_074457.1	1038	5	0
NG_074456.1	1051	7	0
NG_074455.1	1055	8	0
NG_074443.1	840	1	0
NG_074438.1	887	1	0
NG_074436.1	1382	28	0
NG_074435.1	1298	19	0
NG_074434.1	1357	26	0
NG_074433.1	1227	3	0
NG_067549.1	888	1	0
NG_064168.1	1144	2	0
NG_057674.1	1078	5	0
NG_064487.1	863	63	0
NG_064052.1	864	16	0
NG_060094.1	780	3	0
NG_057852.1	3295	159	0
NG_073871.1	825	1	0
NG_073859.1	683	1	0
NG_073851.1	854	2	0
NG_073849.1	856	10	0
NG_073827.1	884	7	0
NG_073825.1	878	2	0
NG_073820.1	1380	6	0
NG_073819.1	1291	1	0
NG_073818.1	1292	1	0
NG_073812.1	933	1	0
NG_073808.1	843	1	0
NG_073803.1	867	2	0
NG_073799.1	865	1	0
NG_073793.1	867	1	0
NG_073789.1	1319	6	0
NG_073785.1	835	1	0
NG_073778.1	649	5	0
NG_073775.1	892	3	0
NG_073772.1	909	1	0
NG_073761.1	1291	7	0
NG_073755.1	845	3	0
NG_073753.1	891	350	0
NG_073693.1	894	3	0
NG_073692.1	951	3	0
NG_073691.1	907	3	0
NG_073687.1	784	1	0
NG_073686.1	784	1	0
NG_073672.1	1101	1	0
NG_073670.1	1107	1	0
NG_073630.1	894	8	0
NG_073628.1	913	1	0
NG_073625.1	903	66	0
NG_073620.1	654	3	0
NG_073616.1	1300	11	0
NG_073610.1	905	338	0
NG_073608.1	562	4	0
NG_073603.1	787	1	0
NG_073598.1	1339	8	0
NG_073595.1	1385	5	0
NG_073589.1	1342	1	0
NG_073581.1	1333	7	0
NG_073579.1	619	1	0
NG_073573.1	937	4	0
NG_059993.1	1354	2	0
NG_064432.1	1259	7	0
NG_056985.1	871	2	0
NG_060125.1	1375	2	0
NG_071250.1	917	1	0
NG_071248.1	807	4	0
NG_071246.1	1272	4	0
NG_071237.1	909	74	0
NG_071235.1	888	2	0
NG_071234.1	683	10	0
NG_071233.1	672	3	0
NG_071232.1	574	23	0
NG_070934.1	811	234	0
NG_070933.1	856	267	0
NG_070932.1	831	185	0
NG_070931.1	869	353	0
NG_070927.1	1224	2	0
NG_070925.1	910	1	0
NG_070923.1	807	2	0
NG_070922.1	820	11	0
NG_070921.1	804	4	0
NG_070919.1	705	3	0
NG_070584.1	1054	10	0
NG_070522.1	1435	4	0
NG_059812.1	1305	29	0
NG_058019.1	1350	5	0
NG_057973.1	993	1	0
NG_057967.1	702	5	0
NG_057945.1	1459	2	0
NG_057900.1	1429	6	0
NG_057899.1	1405	1	0
NG_057898.1	1429	1032	0
NG_057896.1	1028	25	0
NG_042564.1	1258	5	0
NG_042560.1	1428	2	0
NG_042556.1	1430	2	0
NG_042555.1	1382	5	0
NG_042554.1	1401	4	0
NG_042550.1	1429	5	0
NG_042539.1	1429	3	0
NG_070450.1	912	1	0
NG_070843.1	1233	71	0
NG_070836.1	988	355	0
NG_070827.1	1222	1	0
NG_070824.1	966	4	0
NG_070822.1	1069	2	0
NG_070819.1	912	2	0
NG_070811.1	1386	3	0
NG_070810.1	1389	15	0
NG_070815.1	872	198	0
NG_070814.1	1305	625	0
NG_067434.1	1327	27	0
NG_070625.1	857	1	0
NG_070603.1	1327	2	0
NG_070600.1	854	1	0
NG_070598.1	1327	19	0
NG_070594.1	1327	11	0
NG_070583.1	1327	9	0
NG_070578.1	909	1	0
NG_070570.1	1327	2	0
NG_070569.1	906	1	0
NG_070553.1	935	1	0
NG_070549.1	691	1	0
NG_070540.1	1412	1	0
NG_070520.1	873	2	0
NG_070518.1	1327	9	0
NG_070516.1	891	1	0
NG_070514.1	1322	3	0
NG_070512.1	3248	1258	0
NG_070502.1	1319	6044	0
NG_070501.1	885	1	0
NG_070500.1	871	2	0
NG_070499.1	625	1	0
NG_070496.1	939	1	0
NG_070494.1	939	1	0
NG_070493.1	939	1	0
NG_070489.1	939	1	0
NG_070485.1	755	8	0
NG_070484.1	757	7	0
NG_070483.1	755	3	0
NG_070482.1	754	4	0
NG_056936.1	1313	2	0
NG_060647.1	1379	1	0
NG_057682.1	625	2	0
NG_070476.1	892	11	0
NG_070475.1	1207	2	0
NG_070454.1	911	1	0
NG_070446.1	1326	1	0
NG_070444.1	905	1	0
NG_070440.1	905	16	0
NG_070438.1	1327	20	0
NG_070435.1	840	1	0
NG_070391.1	1436	1	0
NG_070388.1	983	2	0
NG_070381.1	1109	6	0
NG_070368.1	1339	17	0
NG_070363.1	1207	13	0
NG_070362.1	1327	1	0
NG_070361.1	1327	1	0
NG_070356.1	1315	43	0
NG_070350.1	1288	3	0
NG_070096.1	965	2	0
NG_070092.1	1306	7	0
NG_070080.1	859	1	0
NG_070077.1	1302	3	0
NG_070069.1	812	1	0
NG_070051.1	899	8	0
NG_070036.1	893	1	0
NG_070016.1	901	1	0
NG_069997.1	894	1	0
NG_069984.1	913	2	0
NG_069968.1	893	1	0
NG_069959.1	916	2	0
NG_069955.1	902	1	0
NG_069953.1	899	1	0
NG_069951.1	898	3	0
NG_069950.1	900	1	0
NG_069946.1	899	1	0
NG_069942.1	897	1	0
NG_069941.1	901	1	0
NG_069940.1	899	1	0
NG_069918.1	860	2	0
NG_069912.1	1327	3	0
NG_069903.1	899	3	0
NG_069899.1	908	1	0
NG_069895.1	904	1	0
NG_069894.1	867	1	0
NG_069893.1	902	2	0
NG_069867.1	1327	4	0
NG_069864.1	1327	8	0
NG_069858.1	1327	21	0
NG_069857.1	1327	10	0
NG_069840.1	908	1	0
NG_069837.1	877	1	0
NG_069823.1	923	2	0
NG_069819.1	1327	16	0
NG_069814.1	931	1	0
NG_069808.1	886	1	0
NG_069805.1	882	1	0
NG_069800.1	1327	12	0
NG_069796.1	935	49	0
NG_069792.1	1327	31	0
NG_069787.1	1327	1	0
NG_069785.1	1327	3	0
NG_069783.1	1327	3	0
NG_069782.1	1327	11	0
NG_069775.1	1327	19	0
NG_069736.1	1013	2	0
NG_069719.1	903	1	0
NG_069689.1	1010	1	0
NG_069665.1	1563	1	0
NG_069618.1	912	1	0
NG_069605.1	911	1	0
NG_069575.1	894	1	0
NG_069567.1	882	1	0
NG_069551.1	850	4	0
NG_069511.1	806	1	0
NG_069481.1	887	1	0
NG_069472.1	1315	6	0
NG_069471.1	1315	3	0
NG_069470.1	1315	5	0
NG_069450.1	950	1	0
NG_069446.1	951	1	0
NG_069443.1	950	1	0
NG_069435.1	799	2	0
NG_069424.1	1024	1	0
NG_069419.1	942	648	0
NG_069418.1	935	678	0
NG_069416.1	934	2	0
NG_069413.1	931	2	0
NG_069395.1	849	1	0
NG_069394.1	844	2	0
NG_069384.1	1322	9	0
NG_069381.1	908	1	0
NG_069369.1	1305	37	0
NG_069368.1	1302	49	0
NG_069357.1	892	1	0
NG_069332.1	849	1	0
NG_069317.1	960	1	0
NG_069310.1	880	1	0
NG_069291.1	885	1	0
NG_069285.1	841	1	0
NG_069256.1	849	1	0
NG_069199.1	932	1	0
NG_069195.1	818	1	0
NG_069169.1	805	1	0
NG_069151.1	2040	7	0
NG_069150.1	2035	7	0
NG_069149.1	2029	8	0
NG_069120.1	1327	20	0
NG_069119.1	1327	12	0
NG_069114.1	1293	2	0
NG_069111.1	1327	11	0
NG_069079.1	1312	1	0
NG_069077.1	861	1	0
NG_069073.1	1281	2	0
NG_069071.1	1281	2	0
NG_069070.1	1281	1	0
NG_069064.1	1281	1	0
NG_069063.1	1281	2	0
NG_069062.1	1281	3	0
NG_069060.1	1327	21	0
NG_069058.1	1327	1	0
NG_069057.1	1327	2	0
NG_069056.1	1327	1	0
NG_069054.1	1327	15	0
NG_069053.1	1327	15	0
NG_069052.1	1327	12	0
NG_069051.1	1327	33	0
NG_069050.1	1327	26	0
NG_069049.1	1327	3	0
NG_069048.1	1327	32	0
NG_069047.1	1327	10	0
NG_069046.1	1327	2	0
NG_069045.1	1327	15	0
NG_069040.1	1327	4	0
NG_069039.1	1327	4	0
NG_069037.1	1327	2	0
NG_069035.1	1327	8	0
NG_069034.1	1327	1	0
NG_069033.1	1327	11	0
NG_069027.1	844	1	0
NG_069025.1	1326	1	0
NG_069016.1	1327	1	0
NG_069011.1	1327	9	0
NG_069005.1	1409	1	0
NG_069004.1	3250	483	0
NG_069003.1	3257	63	0
NG_069001.1	1348	1	0
NG_069000.1	1272	1	0
NG_068998.1	1274	2	0
NG_068990.1	844	1	0
NG_068983.1	1771	15	0
NG_068982.1	1298	1	0
NG_068981.1	564	2	0
NG_068980.1	947	1	0
NG_068978.1	1327	1	0
NG_068969.1	973	2	0
NG_068964.1	627	1	0
NG_068961.1	1311	3	0
NG_068960.1	1312	1	0
NG_069826.1	1327	16	0
NG_069818.1	1327	2	0
NG_069568.1	1300	8	0
NG_069312.1	960	1	0
NG_069283.1	867	1	0
NG_069069.1	1281	1	0
NG_069068.1	1281	2	0
NG_069066.1	1281	1	0
NG_069059.1	1327	9	0
NG_069041.1	1327	13	0
NG_069036.1	1327	8	0
NG_069010.1	1326	4	0
NG_068968.1	973	2	0
NG_068782.1	1371	2	0
NG_068539.1	1338	12	0
NG_068930.1	1414	4147	0
NG_068925.1	868	3	0
NG_068904.1	1366	1	0
NG_068903.1	1015	4	0
NG_068902.1	1027	11	0
NG_068901.1	1060	1	0
NG_068900.1	1058	10	0
NG_068899.1	1051	17	0
NG_068897.1	892	3	0
NG_068881.1	1378	3	0
NG_068876.1	1273	450	0
NG_068873.1	1287	1	0
NG_068867.1	1273	2	0
NG_068861.1	947	11	0
NG_068859.1	1024	4	0
NG_068856.1	901	84	0
NG_068852.1	588	1	0
NG_068850.1	1312	22012	0
NG_068846.1	1343	2	0
NG_068844.1	1304	1	0
NG_068843.1	1353	1	0
NG_068828.1	852	2	0
NG_068821.1	1312	1	0
NG_068820.1	923	33	0
NG_068819.1	1279	2	0
NG_068815.1	803	12	0
NG_068814.1	1411	13	0
NG_068813.1	1401	46	0
NG_068812.1	1401	70	0
NG_068811.1	1401	1	0
NG_068810.1	1409	1	0
NG_068788.1	1321	3	0
NG_068787.1	820	1	0
NG_068784.1	723	3	0
NG_068783.1	939	3	0
NG_068781.1	943	3	0
NG_068771.1	874	15	0
NG_068770.1	831	2	0
NG_068766.1	1309	8	0
NG_068763.1	1362	1	0
NG_068760.1	1303	3	0
NG_068759.1	1326	1	0
NG_068758.1	969	8	0
NG_068755.1	1369	5	0
NG_068754.1	836	1	0
NG_068749.1	1375	5	0
NG_068747.1	2044	3	0
NG_068746.1	1179	41	0
NG_068745.1	1298	441	0
NG_068744.1	1317	506	0
NG_068743.1	1326	459	0
NG_068742.1	1320	438	0
NG_068741.1	1308	5	0
NG_068740.1	856	1	0
NG_068739.1	802	434	0
NG_068737.1	1397	1	0
NG_068735.1	941	4	0
NG_068732.1	939	2	0
NG_068731.1	999	1	0
NG_068730.1	972	3	0
NG_068728.1	654	5	0
NG_068727.1	1307	1	0
NG_068726.1	1377	60	0
NG_068724.1	1333	1	0
NG_068717.1	908	1	0
NG_068715.1	911	1	0
NG_068710.1	850	1	0
NG_068699.1	891	1	0
NG_068694.1	818	1	0
NG_068688.1	829	1	0
NG_068655.1	1392	2	0
NG_068643.1	826	2	0
NG_068631.1	1193	1	0
NG_068630.1	947	1	0
NG_068623.1	961	2	0
NG_068622.1	877	1	0
NG_068620.1	1239	1	0
NG_068602.1	840	1	0
NG_068585.1	1363	1	0
NG_068584.1	1351	3	0
NG_068583.1	1408	1	0
NG_068578.1	852	1	0
NG_068577.1	906	1	0
NG_068561.1	876	1	0
NG_068558.1	1300	4	0
NG_068557.1	1300	7	0
NG_068553.1	850	1	0
NG_068540.1	871	1	0
NG_068538.1	1330	27	0
NG_068530.1	737	12	0
NG_068523.1	1323	3	0
NG_068522.1	1321	4	0
NG_068521.1	560	1	0
NG_068513.1	1328	10	0
NG_068673.1	891	7	0
NG_068605.1	1292	10	0
NG_068517.1	1327	3	0
NG_059101.1	920	7	0
NG_058927.1	847	1	0
NG_055136.1	3235	82	0
NG_059967.1	2045	697	0
NG_058239.1	871	1	0
NG_057229.1	1390	3	0
NG_057016.1	2028	649	0
NG_068351.1	1194	1	0
NG_068347.1	870	2	0
NG_068334.1	834	13	0
NG_068330.1	850	1	0
NG_068318.1	824	2	0
NG_068314.1	898	1	0
NG_068308.1	1270	1	0
NG_068306.1	900	2	0
NG_068295.1	862	3	0
NG_068286.1	941	1	0
NG_068274.1	873	2	0
NG_068271.1	1350	3	0
NG_068251.1	827	6	0
NG_068245.1	914	1	0
NG_068289.1	1417	10	0
NG_068265.1	1368	4	0
NG_068253.1	1342	2	0
NG_068252.1	2422	60	0
NG_068247.1	893	3	0
NG_068239.1	930	1	0
NG_068234.1	708	1	0
NG_066407.1	1353	2	0
NG_057278.1	691	2	0
NG_057274.1	870	3	0
NG_057259.1	1407	51	0
NG_057248.1	1431	2	0
NG_042597.1	1429	15	0
NG_042419.1	961	1	0
NG_067905.1	926	1	0
NG_067883.1	835	2	0
NG_067838.1	971	82	0
NG_067833.1	1337	1	0
NG_067816.1	1369	7	0
NG_067814.1	865	6	0
NG_067813.1	812	1	0
NG_067810.1	951	10	0
NG_067802.1	857	1	0
NG_067784.1	1359	1	0
NG_067780.1	907	4	0
NG_067767.1	832	448	0
NG_067897.1	913	30	0
NG_067865.1	710	2	0
NG_067864.1	872	4	0
NG_067822.1	1439	1	0
NG_067779.1	772	1	0
NG_067772.1	3257	83	0
NG_067564.1	1290	2	0
NG_067559.1	1260	2	0
NG_067557.1	891	3	0
NG_067542.1	868	1	0
NG_067533.1	927	3	0
NG_067521.1	517	3	0
NG_067517.1	553	4	0
NG_067515.1	500	5	0
NG_058739.1	5088	58	0
NG_067483.1	828	1	0
NG_067481.1	869	1	0
NG_067480.1	849	6	0
NG_067479.1	862	11	0
NG_067463.1	856	1	0
NG_067447.1	904	3	0
NG_067419.1	862	3	0
NG_067416.1	856	1	0
NG_067415.1	1327	1	0
NG_067409.1	908	1	0
NG_067380.1	768	7	0
NG_067374.1	1327	4	0
NG_067373.1	1328	9	0
NG_067368.1	1326	2	0
NG_067365.1	1017	1	0
NG_067357.1	1329	6	0
NG_067331.1	827	1	0
NG_067325.1	619	3	0
NG_067315.1	937	3	0
NG_067308.1	821	1	0
NG_067306.1	1326	3	0
NG_067298.1	1289	15	0
NG_067297.1	836	1	0
NG_067285.1	903	3	0
NG_067275.1	960	1	0
NG_067272.1	1219	1	0
NG_067271.1	1327	2	0
NG_067270.1	1327	3	0
NG_067269.1	1088	6	0
NG_067267.1	1326	1	0
NG_067265.1	578	11	0
NG_067263.1	1300	6	0
NG_067261.1	1327	2	0
NG_067260.1	1253	4	0
NG_058717.1	848	1	0
NG_058512.1	856	1	0
NG_066466.1	554	1	0
NG_066463.1	1995	160	0
NG_066456.1	797	4	0
NG_066447.1	928	3	0
NG_066443.1	1331	3	0
NG_066431.1	885	73	0
NG_066430.1	1318	5	0
NG_066429.1	954	89	0
NG_066425.1	1092	11	0
NG_066424.1	913	2	0
NG_066398.1	1157	1	0
NG_066390.1	1291	3	0
NG_066389.1	1291	5	0
NG_066387.1	1293	1	0
NG_066366.1	1210	57	0
NG_066361.1	501	4	0
NG_066355.1	3249	1246	0
NG_066354.1	3259	78	0
NG_066353.1	3102	1642	0
NG_066351.1	3592	22	0
NG_066350.1	3251	101	0
NG_066349.1	3228	982	0
NG_066348.1	5042	4277	0
NG_066345.1	1250	54	0
NG_066344.1	879	2	0
NG_066340.1	864	74	0
NG_066339.1	772	50	0
NG_066337.1	865	71	0
NG_066336.1	876	69	0
NG_066325.1	878	2	0
NG_066321.1	861	10	0
NG_066301.1	825	2	0
NG_066293.1	1311	5	0
NG_066288.1	1244	2	0
NG_066276.1	1003	8	0
NG_066264.1	888	3	0
NG_066256.1	929	5	0
NG_066247.1	943	3	0
NG_066243.1	983	7	0
NG_066217.1	836	1	0
NG_066206.1	1186	1	0
NG_066204.1	873	1	0
NG_066186.1	967	2	0
NG_066174.1	892	4	0
NG_066173.1	914	1	0
NG_066172.1	1354	1	0
NG_066171.1	1273	28	0
NG_066161.1	817	6	0
NG_066160.1	1303	1	0
NG_066158.1	919	2	0
NG_066155.1	676	4	0
NG_066154.1	3243	5729	0
NG_066152.1	1328	5	0
NG_060828.1	805	4	0
NG_060827.1	751	5	0
NG_060813.1	717	3	0
NG_060806.1	779	1	0
NG_060800.1	736	1	0
NG_060373.1	500	1	0
NG_055177.1	527	2	0
NG_058977.1	907	75	0
NG_064598.1	877	6	0
NG_064597.1	869	8	0
NG_064596.1	909	1	0
NG_064595.1	864	7	0
NG_064593.1	882	1	0
NG_064592.1	910	5	0
NG_064590.1	872	6	0
NG_064587.1	863	11	0
NG_064586.1	915	23	0
NG_064581.1	883	1	0
NG_064574.1	873	3	0
NG_064573.1	908	1	0
NG_064572.1	856	10	0
NG_064571.1	885	2	0
NG_064567.1	870	1	0
NG_064564.1	839	1	0
NG_064563.1	893	2	0
NG_064561.1	869	3	0
NG_064560.1	832	1	0
NG_064557.1	888	2	0
NG_064554.1	1296	1	0
NG_064548.1	895	2	0
NG_064539.1	884	1	0
NG_064533.1	956	3	0
NG_064505.1	916	1	0
NG_064480.1	1314	80	0
NG_064479.1	874	5	0
NG_064473.1	883	7	0
NG_064472.1	886	15	0
NG_064471.1	1218	2	0
NG_064464.1	912	8	0
NG_064459.1	831	2	0
NG_064438.1	952	5	0
NG_064436.1	948	6	0
NG_064433.1	956	1	0
NG_064504.1	1021	2	0
NG_064492.1	619	1	0
NG_064491.1	661	5	0
NG_064489.1	1380	1	0
NG_064483.1	728	3	0
NG_064477.1	939	6	0
NG_064465.1	1253	440	0
NG_064452.1	910	1	0
NG_064450.1	552	1	0
NG_064445.1	1383	1	0
NG_058984.1	651	5	0
NG_058982.1	821	2	0
NG_064421.1	1239	88	0
NG_064418.1	1365	7	0
NG_064417.1	975	2	0
NG_064415.1	988	1	0
NG_064409.1	881	1	0
NG_064393.1	577	1	0
NG_064367.1	559	72	0
NG_064397.1	879	2	0
NG_064366.1	520	1	0
NG_064365.1	936	3	0
NG_064355.1	1363	1	0
NG_064352.1	823	439	0
NG_064351.1	1344	490	0
NG_064350.1	1302	438	0
NG_064349.1	1335	2	0
NG_064348.1	1323	475	0
NG_064345.1	1401	2	0
NG_064342.1	877	4	0
NG_064330.1	860	4	0
NG_064323.1	869	3	0
NG_064322.1	512	1	0
NG_064315.1	2846	151	0
NG_064314.1	538	2	0
NG_064313.1	3248	1230	0
NG_064312.1	3260	75	0
NG_064307.1	1265	4	0
NG_064303.1	597	1	0
NG_064270.1	1207	2	0
NG_064264.1	889	1	0
NG_064244.1	873	5	0
NG_064231.1	890	1	0
NG_064223.1	926	1	0
NG_064195.1	900	2	0
NG_064166.1	903	1	0
NG_064162.1	900	1	0
NG_064145.1	921	1	0
NG_064141.1	911	1	0
NG_064140.1	1327	6	0
NG_064137.1	1329	1	0
NG_064135.1	1015	5	0
NG_064134.1	911	1	0
NG_064127.1	902	1	0
NG_064126.1	935	7	0
NG_064121.1	932	1	0
NG_064102.1	1061	2	0
NG_064079.1	1061	1	0
NG_064071.1	907	1	0
NG_064063.1	908	1	0
NG_064062.1	865	1	0
NG_064059.1	940	1	0
NG_064056.1	931	2	0
NG_064050.1	903	72	0
NG_064047.1	985	1	0
NG_064033.1	870	1	0
NG_064022.1	864	1	0
NG_064015.1	1019	1	0
NG_063996.1	904	1	0
NG_063992.1	914	1	0
NG_063989.1	877	1	0
NG_063987.1	962	31	0
NG_063982.1	914	1	0
NG_063979.1	984	1	0
NG_063975.1	1280	3	0
NG_063974.1	908	6	0
NG_063957.1	841	1	0
NG_063955.1	1265	11	0
NG_063948.1	1545	25	0
NG_063941.1	822	1	0
NG_063936.1	812	1	0
NG_063932.1	1327	1	0
NG_063930.1	1312	9	0
NG_042328.1	1291	3	0
NG_059217.1	810	4	0
NG_055737.1	1325	1	0
NG_055731.1	3250	1207	0
NG_055729.1	1390	146	0
NG_055724.1	621	1	0
NG_055690.1	3298	67	0
NG_055406.1	515	1	0
NG_055395.1	3301	3396	0
NG_055394.1	3280	267	0
NG_055393.1	3076	118	0
NG_055392.1	3308	112	0
NG_055391.1	3243	281	0
NG_055387.1	781	2	0
NG_055385.1	813	2	0
NG_055375.1	543	1	0
NG_055365.1	3272	28	0
NG_055364.1	3249	25	0
NG_055363.1	3282	28	0
NG_055362.1	3284	36	0
NG_055361.1	3290	49	0
NG_055360.1	3275	113	0
NG_055359.1	3238	23	0
NG_055358.1	3270	25	0
NG_055357.1	3238	22	0
NG_055353.1	4349	99	0
NG_055352.1	3285	149	0
NG_055351.1	4174	134	0
NG_055350.1	4553	157	0
NG_055349.1	4788	114	0
NG_055348.1	3265	256	0
NG_055347.1	3269	256	0
NG_055346.1	3282	175	0
NG_055345.1	3282	156	0
NG_055343.1	4469	949	0
NG_055342.1	3584	337	0
NG_055341.1	4578	272	0
NG_055340.1	3718	390	0
NG_055339.1	3244	402	0
NG_055338.1	3260	394	0
NG_055337.1	3664	78	0
NG_055336.1	3678	74	0
NG_055335.1	3265	79	0
NG_055334.1	3253	61	0
NG_055333.1	3659	39	0
NG_055332.1	4949	58	0
NG_055331.1	3244	44	0
NG_055330.1	3264	23	0
NG_055329.1	3257	82	0
NG_055328.1	3242	212	0
NG_055324.1	3258	99	0
NG_055323.1	3246	75	0
NG_055322.1	3207	109	0
NG_055321.1	3258	219	0
NG_055320.1	3198	84	0
NG_055319.1	3205	35	0
NG_055305.1	568	1	0
NG_055240.1	572	4	0
NG_055214.1	3242	392	0
NG_055213.1	3241	339	0
NG_055211.1	3223	58	0
NG_055210.1	3242	349	0
NG_055202.1	3279	63	0
NG_055200.1	3260	63	0
NG_055199.1	3257	75	0
NG_055198.1	3257	64	0
NG_055197.1	3257	73	0
NG_055196.1	3231	69	0
NG_055195.1	3227	11	0
NG_055194.1	3225	54	0
NG_055193.1	3277	104	0
NG_055192.1	3278	73	0
NG_055191.1	3259	62	0
NG_055190.1	3270	164	0
NG_055189.1	4208	140	0
NG_055188.1	3269	166	0
NG_055187.1	3262	177	0
NG_055186.1	4439	130	0
NG_055185.1	3292	166	0
NG_055184.1	4689	151	0
NG_055183.1	3249	156	0
NG_055181.1	3663	25	0
NG_055180.1	3038	101	0
NG_055179.1	3231	103	0
NG_055170.1	559	75	0
NG_055169.1	2129	31	0
NG_055168.1	2138	69	0
NG_055163.1	576	68	0
NG_055160.1	3278	82	0
NG_055159.1	3273	74	0
NG_055158.1	3282	72	0
NG_055157.1	3242	88	0
NG_055156.1	3243	85	0
NG_055154.1	3178	67	0
NG_055153.1	3180	93	0
NG_055152.1	3235	65	0
NG_055151.1	3237	77	0
NG_055150.1	3233	47	0
NG_055149.1	3181	71	0
NG_055148.1	3210	73	0
NG_055147.1	3187	83	0
NG_055146.1	3191	81	0
NG_055145.1	3229	64	0
NG_055144.1	3234	62	0
NG_055143.1	3234	68	0
NG_055142.1	3232	55	0
NG_055141.1	3211	75	0
NG_055140.1	3227	52	0
NG_055139.1	3226	62	0
NG_055138.1	3237	63	0
NG_055137.1	3230	69	0
NG_055135.1	3191	72	0
NG_055134.1	3232	72	0
NG_055133.1	3242	66	0
NG_055132.1	3238	82	0
NG_055131.1	3229	72	0
NG_055130.1	3258	83	0
NG_055129.1	3263	62	0
NG_055128.1	3209	61	0
NG_055127.1	3214	66	0
NG_055126.1	3270	20	0
NG_055125.1	3197	47	0
NG_055124.1	3321	28	0
NG_055122.1	3218	75	0
NG_055121.1	3218	29	0
NG_055120.1	3219	67	0
NG_055119.1	3220	19	0
NG_055118.1	3231	29	0
NG_055117.1	3208	62	0
NG_055116.1	3240	153	0
NG_055115.1	3233	73	0
NG_055114.1	3234	64	0
NG_055113.1	3252	78	0
NG_055112.1	3197	56	0
NG_055111.1	3199	70	0
NG_055110.1	3197	75	0
NG_055108.1	3166	1648	0
NG_055107.1	3195	128	0
NG_055106.1	3199	95	0
NG_055105.1	3199	133	0
NG_055104.1	3231	33	0
NG_055103.1	3169	25	0
NG_055102.1	3166	25	0
NG_055101.1	3159	14	0
NG_055100.1	3162	19	0
NG_055099.1	3160	22	0
NG_055098.1	3098	24	0
NG_055097.1	3158	49	0
NG_055096.1	3157	4	0
NG_055093.1	559	74	0
NG_055092.1	606	2	0
NG_055091.1	593	2	0
NG_055084.1	531	6913	0
NG_055072.1	571	1	0
NG_055063.1	3297	54	0
NG_055048.1	3213	56	0
NG_055036.1	3309	81	0
NG_055033.1	3315	53	0
NG_055032.1	3315	81	0
NG_055031.1	3301	407	0
NG_055030.1	3272	73	0
NG_055029.1	3277	76	0
NG_055028.1	3276	77	0
NG_054868.1	570	4	0
NG_054831.1	3230	187	0
NG_054830.1	3198	69	0
NG_054819.1	3183	78	0
NG_054805.1	3284	74	0
NG_054804.1	3284	79	0
NG_042776.1	1198	6	0
NG_042774.1	1034	457	0
NG_042760.1	913	1	0
NG_042749.1	894	1	0
NG_042747.1	1737	11	0
NG_042744.1	798	2	0
NG_042728.1	1022	3	0
NG_042706.1	1323	2	0
NG_042703.1	1320	2	0
NG_042701.1	1310	1	0
NG_042695.1	1789	47	0
NG_042694.1	1788	60	0
NG_042693.1	1795	67	0
NG_042692.1	1781	79	0
NG_042690.1	1251	9	0
NG_042689.1	872	2	0
NG_042682.1	1318	2	0
NG_042679.1	900	1	0
NG_042678.1	915	1	0
NG_042671.1	1538	36	0
NG_042670.1	932	2	0
NG_042669.1	947	1	0
NG_042664.1	1353	2	0
NG_042663.1	885	4	0
NG_042660.1	965	18	0
NG_042655.1	591	1	0
NG_042649.1	3385	416	0
NG_042648.1	3094	247	0
NG_042647.1	3263	202	0
NG_042646.1	3262	74	0
NG_042645.1	3222	33	0
NG_042644.1	3246	166	0
NG_042643.1	3234	83	0
NG_042642.1	3219	61	0
NG_042641.1	3217	72	0
NG_042640.1	3261	102	0
NG_042639.1	3266	139	0
NG_042638.1	3255	128	0
NG_042637.1	3256	101	0
NG_042636.1	3260	86	0
NG_042635.1	3259	107	0
NG_042634.1	3260	108	0
NG_042633.1	3251	110	0
NG_042632.1	3253	88	0
NG_042631.1	3199	104	0
NG_042630.1	3271	487	0
NG_042629.1	3279	453	0
NG_042628.1	3278	78	0
NG_042627.1	3243	58	0
NG_042626.1	3266	34	0
NG_042625.1	3278	65	0
NG_042624.1	3282	76	0
NG_042623.1	3284	61	0
NG_042622.1	3312	57	0
NG_042621.1	3298	68	0
NG_042611.1	889	3	0
NG_042607.1	1350	1	0
NG_042606.1	912	1	0
NG_042596.1	1423	6	0
NG_042594.1	888	1	0
NG_042593.1	894	3	0
NG_042589.1	1287	1	0
NG_042585.1	621	4	0
NG_042571.1	933	3	0
NG_042570.1	1429	5	0
NG_042569.1	1429	4	0
NG_042566.1	1428	5	0
NG_042565.1	1356	3	0
NG_042563.1	1428	4	0
NG_042553.1	1424	4	0
NG_042551.1	1047	4	0
NG_042549.1	1429	4	0
NG_042548.1	1428	4	0
NG_042547.1	1429	1	0
NG_042546.1	1030	77	0
NG_042545.1	916	92	0
NG_042543.1	1398	1	0
NG_042542.1	1372	1	0
NG_042540.1	1406	3	0
NG_042538.1	1429	9	0
NG_042534.1	1059	1	0
NG_042528.1	3268	110	0
NG_042527.1	2990	132	0
NG_042524.1	3678	118	0
NG_042523.1	1395	1801	0
NG_042521.1	1769	30	0
NG_042518.1	640	3	0
NG_042474.1	802	1	0
NG_042470.1	597	1	0
NG_042464.1	1371	201	0
NG_042459.1	614	1	0
NG_042456.1	885	9	0
NG_042455.1	895	14	0
NG_042454.1	884	2	0
NG_042452.1	947	3	0
NG_042449.1	858	9	0
NG_042448.1	872	455	0
NG_042447.1	855	448	0
NG_042446.1	3238	83	0
NG_042445.1	3211	62	0
NG_042444.1	3212	68	0
NG_042442.1	1400	3	0
NG_042440.1	753	1	0
NG_042439.1	3260	75	0
NG_042438.1	3251	73	0
NG_042437.1	3261	76	0
NG_042436.1	3619	343	0
NG_042435.1	3255	66	0
NG_042434.1	3255	96	0
NG_042433.1	3807	131	0
NG_042432.1	3271	59	0
NG_042431.1	3710	58	0
NG_042430.1	3687	50	0
NG_042429.1	3701	66	0
NG_042428.1	3250	61	0
NG_042427.1	3256	15	0
NG_042426.1	3256	67	0
NG_042425.1	4685	31	0
NG_042424.1	3235	72	0
NG_042418.1	634	3	0
NG_042415.1	3162	1638	0
NG_042414.1	3334	1095	0
NG_042412.1	614	1	0
NG_042411.1	614	3	0
NG_042410.1	614	1	0
NG_042408.1	1370	1	0
NG_042406.1	1813	1	0
NG_042403.1	627	1	0
NG_042402.1	1020	2	0
NG_042400.1	1380	1	0
NG_042388.1	702	13	0
NG_042387.1	764	1	0
NG_042369.1	637	2	0
NG_042360.1	627	75	0
NG_042359.1	627	1	0
NG_042358.1	632	1	0
NG_042357.1	629	4	0
NG_042354.1	632	1	0
NG_042350.1	629	1	0
NG_042349.1	627	1	0
NG_042347.1	626	1	0
NG_042338.1	1292	7	0
NG_042336.1	936	1	0
NG_042335.1	941	3	0
NG_042333.1	1233	5	0
NG_042332.1	1282	2	0
NG_042329.1	1281	7	0
NG_042326.1	1282	3	0
NG_042325.1	1282	2	0
NG_042323.1	1288	7	0
NG_042321.1	1282	1	0
NG_042319.1	1292	1	0
NG_042318.1	1315	8	0
NG_042317.1	627	2	0
NG_042311.1	648	2	0
NG_027648.1	3459	993	0
NG_027646.1	2771	8264	0
NG_027645.1	3237	1277	0
NG_027621.1	1394	14	0
NG_027618.1	3799	4125	0
NG_027616.1	3270	6241	0
NG_027613.1	3188	19313	0
NG_027595.1	1409	2	0
NG_027577.1	1358	1	0
NG_027567.1	3255	9051	0
NG_027564.1	3237	1019	0
NG_027561.1	3189	29153	0
NG_027560.1	4318	1808	0
NG_057858.1	1327	29	0
NG_060249.1	3172	5076	0
NG_060069.1	3174	1974	0
NG_060067.1	984	1776	0
NG_060066.1	1356	1	0
NG_059912.1	958	116	0
NG_059518.1	3062	4073	0
NG_059517.1	3072	10573	0
NG_057757.1	1427	1	0
NG_060630.1	1399	9	0
NG_027623.1	3134	5206	0
NG_060251.1	2970	1506	0
NG_060250.1	3180	428	0
NG_060837.1	1700	2	0
NG_060832.1	899	1	0
NG_060831.1	862	1	0
NG_060830.1	819	2	0
NG_060822.1	898	76	0
NG_060819.1	871	1	0
NG_060816.1	816	1	0
NG_060807.1	869	7	0
NG_060787.1	1957	1	0
NG_060785.1	707	1	0
NG_060710.1	983	4	0
NG_060709.1	984	1	0
NG_060707.1	895	1	0
NG_060705.1	918	2	0
NG_060695.1	665	1	0
NG_060693.1	665	1	0
NG_060689.1	1373	1	0
NG_060687.1	1353	1	0
NG_060686.1	920	1	0
NG_060684.1	1459	2	0
NG_060683.1	845	1	0
NG_060682.1	963	2	0
NG_060680.1	841	11	0
NG_060679.1	802	1	0
NG_060677.1	932	10	0
NG_060676.1	860	7	0
NG_060673.1	885	1	0
NG_060670.1	654	1	0
NG_060669.1	896	1	0
NG_060658.1	872	1	0
NG_060656.1	959	7	0
NG_060655.1	961	13	0
NG_060654.1	964	5	0
NG_060652.1	1114	2	0
NG_060649.1	1335	1	0
NG_060646.1	1338	2	0
NG_060645.1	1359	16	0
NG_060638.1	1366	3	0
NG_060635.1	1354	4	0
NG_060633.1	1039	511	0
NG_060632.1	1044	316	0
NG_060627.1	1021	1	0
NG_060624.1	1412	6	0
NG_060622.1	557	2	0
NG_060620.1	597	1	0
NG_060154.1	1365	1	0
NG_060153.1	1392	1	0
NG_059617.1	823	8	0
NG_058520.1	850	1	0
NG_060398.1	1295	17	0
NG_060397.1	1242	3	0
NG_060333.1	1813	2	0
NG_060245.1	1073	2	0
NG_059244.1	783	5	0
NG_059226.1	665	6	0
NG_060438.1	1313	3	0
NG_060436.1	899	2	0
NG_060435.1	814	1	0
NG_060434.1	1252	29	0
NG_060432.1	1385	12	0
NG_060428.1	803	451	0
NG_060425.1	1296	1	0
NG_060420.1	2073	17	0
NG_060419.1	1239	1	0
NG_060415.1	870	253	0
NG_060414.1	910	8	0
NG_060413.1	1355	4	0
NG_060407.1	1143	1	0
NG_060404.1	1329	475	0
NG_060403.1	1308	61	0
NG_060400.1	2969	105	0
NG_060399.1	700	16	0
NG_060395.1	1327	436	0
NG_060394.1	1329	515	0
NG_060391.1	1043	384	0
NG_060390.1	1043	380	0
NG_060387.1	977	442	0
NG_060383.1	865	13	0
NG_060381.1	3260	76	0
NG_060380.1	3253	69	0
NG_060379.1	3075	1617	0
NG_060360.1	1233	2	0
NG_060351.1	922	3	0
NG_060346.1	1349	3	0
NG_060342.1	837	1	0
NG_060339.1	910	29	0
NG_060338.1	1386	7	0
NG_060331.1	927	1	0
NG_060329.1	745	1	0
NG_060310.1	1384	1	0
NG_060306.1	826	2	0
NG_060304.1	1397	4	0
NG_060303.1	859	7	0
NG_060302.1	835	1	0
NG_060298.1	1350	7	0
NG_060297.1	799	8	0
NG_060294.1	878	1	0
NG_060291.1	1012	1	0
NG_060290.1	1012	1	0
NG_060289.1	553	4	0
NG_060282.1	562	27	0
NG_060267.1	1118	4	0
NG_060265.1	1039	1	0
NG_060264.1	1074	2	0
NG_060257.1	1538	84	0
NG_060255.1	1322	1	0
NG_060254.1	659	1	0
NG_060252.1	949	18	0
NG_060247.1	1041	3	0
NG_060240.1	734	1	0
NG_060193.1	850	1	0
NG_060178.1	1379	1	0
NG_060171.1	1054	2	0
NG_060169.1	1027	15	0
NG_060168.1	880	12	0
NG_060166.1	884	1	0
NG_060163.1	1393	3	0
NG_060161.1	1355	3	0
NG_060159.1	1795	3	0
NG_060152.1	756	10	0
NG_060147.1	875	7	0
NG_060146.1	898	1	0
NG_060142.1	974	1	0
NG_060137.1	814	2	0
NG_060136.1	1182	4	0
NG_060135.1	1999	6	0
NG_060132.1	872	13	0
NG_060131.1	1347	1	0
NG_060127.1	1762	1	0
NG_060124.1	850	63	0
NG_060120.1	872	8	0
NG_060117.1	1784	1	0
NG_060115.1	856	1	0
NG_060113.1	898	1	0
NG_060110.1	874	65	0
NG_060108.1	868	12	0
NG_060100.1	1377	1	0
NG_060099.1	1402	1	0
NG_060098.1	1184	4	0
NG_060097.1	1441	2	0
NG_060084.1	1115	1	0
NG_060081.1	782	1	0
NG_060080.1	780	1	0
NG_060077.1	760	159	0
NG_060076.1	762	114	0
NG_060075.1	3083	123	0
NG_060074.1	3061	1631	0
NG_060073.1	848	2	0
NG_060072.1	886	7	0
NG_060068.1	819	25	0
NG_060063.1	597	4	0
NG_060060.1	904	3	0
NG_060029.1	590	2	0
NG_060025.1	979	1	0
NG_060022.1	1408	1	0
NG_060020.1	1342	1	0
NG_060017.1	938	1	0
NG_060016.1	1315	43	0
NG_060014.1	1318	2	0
NG_060013.1	1204	69	0
NG_060010.1	1322	2	0
NG_060009.1	1322	2	0
NG_060003.1	1361	3	0
NG_059998.1	910	14	0
NG_059997.1	966	4	0
NG_059996.1	967	2	0
NG_059979.1	1037	4	0
NG_059977.1	1378	3	0
NG_059973.1	654	1	0
NG_059972.1	818	1	0
NG_059971.1	870	36	0
NG_059970.1	1364	1	0
NG_059961.1	1670	1	0
NG_059960.1	1312	2	0
NG_059959.1	1313	2	0
NG_059947.1	1342	2	0
NG_059944.1	832	13	0
NG_059943.1	500	4	0
NG_059942.1	575	25	0
NG_059938.1	892	1	0
NG_059933.1	605	5	0
NG_059931.1	1030	1	0
NG_059930.1	1032	1	0
NG_059928.1	1030	1	0
NG_059923.1	1131	733	0
NG_059922.1	1114	5	0
NG_059916.1	3265	73	0
NG_059915.1	3254	141	0
NG_059911.1	573	1	0
NG_059905.1	935	3	0
NG_055687.1	552	5	0
NG_055326.1	3221	40	0
NG_059861.1	981	2	0
NG_059855.1	907	54	0
NG_059854.1	842	62	0
NG_059853.1	897	2	0
NG_059825.1	1247	1	0
NG_059824.1	1253	1	0
NG_059810.1	1315	4	0
NG_059809.1	1321	2	0
NG_059808.1	1315	14	0
NG_059807.1	1253	1	0
NG_059805.1	1271	38	0
NG_059804.1	1288	1	0
NG_059803.1	1292	38	0
NG_059801.1	1117	2	0
NG_059799.1	1975	4	0
NG_059798.1	1857	5	0
NG_059778.1	1236	2	0
NG_059772.1	989	1	0
NG_059761.1	802	1	0
NG_059748.1	790	8	0
NG_059747.1	1012	1	0
NG_059743.1	1135	3	0
NG_059740.1	1398	1	0
NG_059739.1	1290	17	0
NG_059735.1	866	1	0
NG_059726.1	855	3	0
NG_059723.1	760	5	0
NG_059721.1	766	2	0
NG_059711.1	813	1	0
NG_059709.1	909	57	0
NG_059707.1	722	1	0
NG_059691.1	829	6	0
NG_059683.1	984	1	0
NG_059679.1	1311	1	0
NG_059676.1	888	1	0
NG_059668.1	1133	2	0
NG_059656.1	1322	36	0
NG_059653.1	832	1	0
NG_059650.1	652	1	0
NG_059646.1	1041	1	0
NG_059641.1	1040	1	0
NG_059640.1	1040	5	0
NG_059626.1	833	3	0
NG_059623.1	838	1	0
NG_059622.1	840	1	0
NG_059620.1	806	8	0
NG_059605.1	1306	3	0
NG_059599.1	784	19	0
NG_059598.1	784	12	0
NG_059594.1	702	2	0
NG_059563.1	922	1	0
NG_059549.1	815	3	0
NG_059548.1	1328	20	0
NG_059538.1	961	7398	0
NG_059528.1	866	1	0
NG_059522.1	1328	8	0
NG_059521.1	1064	12	0
NG_059519.1	870	8	0
NG_059516.1	905	1	0
NG_059515.1	1070	1	0
NG_059507.1	828	6	0
NG_059506.1	866	4	0
NG_059499.1	1405	3	0
NG_059498.1	852	2	0
NG_059495.1	928	6	0
NG_059491.1	1324	2	0
NG_059484.1	914	1	0
NG_059481.1	807	5	0
NG_059480.1	912	3	0
NG_059475.1	1339	1	0
NG_059471.1	849	5	0
NG_059467.1	1376	1	0
NG_059454.1	853	3	0
NG_059450.1	913	2	0
NG_059449.1	866	1	0
NG_059438.1	1278	1	0
NG_059435.1	1030	1	0
NG_059434.1	1398	1	0
NG_059432.1	921	104	0
NG_059406.1	1304	2	0
NG_059402.1	1309	6	0
NG_059401.1	1309	2	0
NG_059400.1	1309	40	0
NG_059399.1	1308	22	0
NG_059398.1	1311	1	0
NG_059397.1	1306	1	0
NG_059395.1	1311	1	0
NG_059394.1	1289	3	0
NG_059392.1	1315	26	0
NG_059391.1	1315	29	0
NG_059390.1	1306	31	0
NG_059389.1	1302	8	0
NG_059387.1	1285	20	0
NG_059386.1	1286	6	0
NG_056285.1	1400	10	0
NG_055327.1	3211	144	0
NG_055325.1	3224	83	0
NG_055172.1	521	1	0
NG_059266.1	889	1	0
NG_059265.1	888	1	0
NG_059263.1	836	3	0
NG_059255.1	792	1273	0
NG_059254.1	874	1	0
NG_059241.1	880	3	0
NG_059238.1	885	1	0
NG_059236.1	1057	2	0
NG_059232.1	1051	1	0
NG_059219.1	567	5	0
NG_059218.1	859	7	0
NG_059212.1	920	10	0
NG_059207.1	1373	5	0
NG_059205.1	1282	1	0
NG_059204.1	1650	1	0
NG_059201.1	1322	1	0
NG_059199.1	1772	3	0
NG_059194.1	1306	6	0
NG_059193.1	1127	7	0
NG_059192.1	1356	8	0
NG_059188.1	780	1	0
NG_059179.1	935	1	0
NG_059167.1	836	29	0
NG_059159.1	661	3	0
NG_059158.1	795	5	0
NG_059157.1	929	1	0
NG_059156.1	963	16	0
NG_059155.1	929	2	0
NG_059151.1	936	1	0
NG_059148.1	932	1	0
NG_059137.1	796	1	0
NG_059134.1	949	1	0
NG_059117.1	908	1	0
NG_059102.1	920	1	0
NG_059100.1	917	3	0
NG_059097.1	921	3	0
NG_059096.1	917	1	0
NG_059095.1	920	1	0
NG_059094.1	918	4	0
NG_059093.1	917	6	0
NG_059092.1	695	1	0
NG_059082.1	685	3	0
NG_059080.1	1326	1	0
NG_059076.1	3295	137	0
NG_059075.1	777	46	0
NG_059069.1	611	1	0
NG_059064.1	1313	1	0
NG_059062.1	1284	2	0
NG_059049.1	803	464	0
NG_059036.1	1315	26	0
NG_059035.1	1315	33	0
NG_059034.1	1315	1	0
NG_059033.1	1306	27	0
NG_059032.1	1307	38	0
NG_059031.1	1317	31	0
NG_059030.1	1305	5	0
NG_059028.1	1271	10	0
NG_059027.1	1030	2	0
NG_059026.1	985	28	0
NG_059023.1	1226	2	0
NG_059022.1	924	1	0
NG_059007.1	940	6	0
NG_059003.1	658	2	0
NG_058998.1	931	1	0
NG_058990.1	938	125	0
NG_058981.1	837	3	0
NG_058978.1	511	1	0
NG_058973.1	1178	26	0
NG_058966.1	1172	1	0
NG_058964.1	1169	1	0
NG_058962.1	796	442	0
NG_058961.1	1703	8	0
NG_058957.1	863	1	0
NG_058951.1	1314	76	0
NG_058950.1	1305	79	0
NG_058937.1	1255	23	0
NG_058936.1	1393	22	0
NG_058934.1	799	1	0
NG_058909.1	1350	3	0
NG_058908.1	2165	13	0
NG_058904.1	840	1	0
NG_058899.1	836	1	0
NG_058887.1	912	1	0
NG_058885.1	921	1	0
NG_058876.1	849	51	0
NG_058871.1	861	92	0
NG_058870.1	954	16	0
NG_058856.1	1400	7	0
NG_058849.1	918	2	0
NG_058847.1	1377	8	0
NG_058844.1	628	1	0
NG_058837.1	943	2	0
NG_058834.1	1084	1	0
NG_058830.1	967	1	0
NG_058829.1	932	1	0
NG_058826.1	939	2	0
NG_058821.1	1327	1	0
NG_058820.1	931	4	0
NG_058813.1	715	1	0
NG_058811.1	712	4	0
NG_058807.1	787	1	0
NG_058806.1	1202	1	0
NG_058804.1	952	1	0
NG_058799.1	955	1	0
NG_058797.1	902	1	0
NG_058796.1	933	1	0
NG_058782.1	3290	9575	0
NG_058776.1	1407	3	0
NG_058765.1	1350	1	0
NG_058764.1	1321	1	0
NG_058755.1	3255	1237	0
NG_058754.1	3255	1176	0
NG_058753.1	3262	1206	0
NG_058752.1	3250	1259	0
NG_058751.1	3250	1166	0
NG_058750.1	3254	1175	0
NG_058749.1	3258	75	0
NG_058748.1	3257	765	0
NG_058747.1	3273	78	0
NG_058746.1	1459	1	0
NG_058744.1	839	4	0
NG_058743.1	993	19	0
NG_058741.1	1357	1	0
NG_058736.1	1315	1	0
NG_058722.1	1312	7	0
NG_058719.1	599	1	0
NG_058716.1	1268	18	0
NG_058715.1	1268	29	0
NG_058712.1	784	3	0
NG_058711.1	937	1	0
NG_058710.1	879	12	0
NG_058707.1	926	10	0
NG_058706.1	902	1	0
NG_058701.1	684	3	0
NG_058700.1	844	29	0
NG_058699.1	910	1	0
NG_058686.1	1665	1	0
NG_058685.1	1718	2	0
NG_058679.1	759	2	0
NG_058677.1	1329	9	0
NG_058676.1	1321	11	0
NG_058674.1	1824	4	0
NG_058673.1	1776	4	0
NG_058672.1	1693	3	0
NG_058670.1	941	2	0
NG_058656.1	1182	28	0
NG_058652.1	908	1	0
NG_058648.1	692	3	0
NG_058647.1	693	22	0
NG_058646.1	695	2	0
NG_058642.1	1326	7	0
NG_058641.1	1327	1	0
NG_058630.1	3329	79	0
NG_058629.1	3261	100	0
NG_058628.1	3336	51	0
NG_058627.1	1012	22	0
NG_058623.1	1412	5	0
NG_058616.1	846	1	0
NG_058615.1	627	1	0
NG_058609.1	648	1	0
NG_058606.1	1385	6	0
NG_058604.1	799	7	0
NG_058601.1	561	1	0
NG_058597.1	1342	5	0
NG_058595.1	842	1	0
NG_058585.1	882	1	0
NG_058582.1	731	28	0
NG_058568.1	908	4	0
NG_058565.1	1492	48	0
NG_058563.1	708	1	0
NG_058561.1	698	6	0
NG_058560.1	702	24	0
NG_058559.1	703	1	0
NG_058548.1	1425	6	0
NG_058542.1	1413	10	0
NG_058536.1	897	2	0
NG_058466.1	1842	4	0
NG_058465.1	1827	4	0
NG_058456.1	565	1	0
NG_058450.1	902	3	0
NG_058447.1	916	3	0
NG_058444.1	543	4	0
NG_058442.1	762	1	0
NG_058437.1	605	119	0
NG_058435.1	617	125	0
NG_058434.1	932	3	0
NG_058433.1	931	2	0
NG_058432.1	931	2	0
NG_058431.1	917	432	0
NG_058430.1	934	4	0
NG_058424.1	933	1	0
NG_058410.1	931	3	0
NG_058409.1	849	3	0
NG_058408.1	818	2	0
NG_058406.1	703	8	0
NG_058403.1	978	75	0
NG_058385.1	714	2	0
NG_058382.1	945	43	0
NG_058381.1	655	42	0
NG_058377.1	897	1	0
NG_058373.1	901	8	0
NG_058372.1	939	2	0
NG_058371.1	939	1	0
NG_058369.1	660	13	0
NG_058357.1	908	1	0
NG_058356.1	929	2	0
NG_058348.1	1185	3	0
NG_058347.1	870	5	0
NG_058345.1	680	5	0
NG_058327.1	934	2	0
NG_058326.1	932	1	0
NG_058322.1	732	14	0
NG_058318.1	931	6	0
NG_058307.1	937	6	0
NG_058304.1	933	1	0
NG_058295.1	884	1	0
NG_058288.1	801	29	0
NG_058287.1	930	44	0
NG_058286.1	810	39	0
NG_058272.1	902	7	0
NG_058271.1	1261	5	0
NG_058262.1	1940	11	0
NG_058250.1	862	2	0
NG_058244.1	903	2	0
NG_058240.1	798	68	0
NG_058203.1	1826	17	0
NG_058198.1	1205	28	0
NG_058197.1	1833	2	0
NG_058184.1	925	1	0
NG_058173.1	826	11	0
NG_058164.1	848	13	0
NG_058155.1	1192	7	0
NG_058128.1	805	16	0
NG_058080.1	542	3	0
NG_058037.1	1067	4	0
NG_058036.1	1069	8	0
NG_058035.1	1067	6	0
NG_058034.1	1067	1	0
NG_058033.1	1067	7	0
NG_058032.1	1066	9	0
NG_058031.1	1067	6	0
NG_058030.1	1368	5	0
NG_058029.1	1329	1	0
NG_058028.1	1843	2	0
NG_058016.1	1324	20	0
NG_058012.1	1343	1	0
NG_057984.1	790	2	0
NG_057978.1	1022	1	0
NG_057975.1	625	2	0
NG_057974.1	988	6	0
NG_057972.1	1435	7	0
NG_057971.1	1434	1	0
NG_057970.1	1432	4	0
NG_057961.1	811	1	0
NG_057951.1	1182	4	0
NG_057947.1	947	142	0
NG_057942.1	793	1	0
NG_057936.1	649	1	0
NG_057935.1	712	26	0
NG_057919.1	699	1	0
NG_057918.1	693	1	0
NG_057910.1	954	7942	0
NG_057909.1	1283	4	0
NG_057903.1	1180	1	0
NG_057902.1	1430	1	0
NG_057901.1	1430	3	0
NG_057897.1	1429	1	0
NG_057895.1	1429	3	0
NG_057892.1	883	1	0
NG_057890.1	932	1	0
NG_057880.1	588	2	0
NG_057879.1	586	9	0
NG_057870.1	676	1	0
NG_057869.1	657	2	0
NG_057862.1	1304	3	0
NG_057860.1	1253	3	0
NG_057859.1	1281	6	0
NG_057855.1	3279	139	0
NG_057854.1	4009	94	0
NG_057849.1	880	1	0
NG_057848.1	3299	120	0
NG_057841.1	923	1	0
NG_057840.1	1357	2	0
NG_057838.1	1327	2	0
NG_057837.1	1325	10	0
NG_057836.1	1327	2	0
NG_057835.1	600	17	0
NG_057822.1	566	2	0
NG_057819.1	1011	10	0
NG_057813.1	1356	128	0
NG_057812.1	1357	3	0
NG_057811.1	1353	3	0
NG_057810.1	1353	2	0
NG_057808.1	1338	5	0
NG_057806.1	1378	3	0
NG_057800.1	1330	4	0
NG_057798.1	1329	1	0
NG_057797.1	698	1	0
NG_057796.1	1367	36	0
NG_057789.1	907	1	0
NG_057783.1	935	16	0
NG_057777.1	3283	107	0
NG_057774.1	3286	552	0
NG_057772.1	3296	104	0
NG_057771.1	1720	1138	0
NG_057760.1	669	3	0
NG_057754.1	1244	1	0
NG_057750.1	1315	2	0
NG_057735.1	1338	1	0
NG_057733.1	1441	6	0
NG_057732.1	1432	18	0
NG_057731.1	1385	3	0
NG_057730.1	582	2	0
NG_057729.1	1413	6	0
NG_057728.1	572	1	0
NG_057725.1	1305	1	0
NG_057723.1	593	29	0
NG_057720.1	801	30	0
NG_057715.1	945	1	0
NG_057705.1	582	1	0
NG_057670.1	627	4	0
NG_057662.1	627	536	0
NG_057652.1	899	2	0
NG_057647.1	627	3	0
NG_057641.1	558	18	0
NG_057311.1	1096	1	0
NG_057270.1	1434	2	0
NG_057268.1	1424	8	0
NG_057267.1	1395	1	0
NG_057266.1	1431	1	0
NG_057265.1	1418	1	0
NG_057264.1	1360	5	0
NG_057262.1	1396	3	0
NG_057258.1	1358	3	0
NG_057257.1	1429	3	0
NG_057256.1	1387	2	0
NG_057255.1	1384	1	0
NG_057252.1	1364	2	0
NG_057249.1	1389	1	0
NG_057247.1	1403	2	0
NG_057246.1	1427	1	0
NG_057245.1	1436	2	0
NG_057244.1	1389	3	0
NG_057243.1	1448	2	0
NG_057242.1	1301	1	0
NG_057235.1	1351	1	0
NG_057234.1	1389	1	0
NG_057231.1	871	1	0
NG_057225.1	1381	3	0
NG_057223.1	1398	1	0
NG_057222.1	1352	2	0
NG_057221.1	1424	2	0
NG_057220.1	1312	2	0
NG_057219.1	1363	7	0
NG_057218.1	1429	1	0
NG_057214.1	1385	6	0
NG_057213.1	1426	1	0
NG_057210.1	1421	17	0
NG_057209.1	1386	1	0
NG_057208.1	1428	1	0
NG_057206.1	1422	5	0
NG_057205.1	1387	1	0
NG_057204.1	1385	1	0
NG_057202.1	1385	2	0
NG_057201.1	1354	1	0
NG_057199.1	1425	4	0
NG_057198.1	1421	2	0
NG_057197.1	1433	2	0
NG_057195.1	1432	2	0
NG_057193.1	1442	10	0
NG_057191.1	1427	2	0
NG_057178.1	3253	69	0
NG_057177.1	3253	58	0
NG_057176.1	3254	24	0
NG_057175.1	3254	28	0
NG_057174.1	3258	23	0
NG_057173.1	3254	23	0
NG_057172.1	3250	39	0
NG_057171.1	3249	53	0
NG_057170.1	3251	91	0
NG_057169.1	3256	72	0
NG_057168.1	3253	68	0
NG_057167.1	3255	31	0
NG_057166.1	3259	80	0
NG_057165.1	3261	72	0
NG_057164.1	3255	69	0
NG_057163.1	3282	81	0
NG_057162.1	3299	70	0
NG_057161.1	3264	89	0
NG_057160.1	3267	75	0
NG_057159.1	3267	73	0
NG_057158.1	3273	53	0
NG_057145.1	715	1	0
NG_057144.1	936	47	0
NG_057141.1	1309	9	0
NG_057140.1	1314	5	0
NG_057138.1	1331	2	0
NG_057126.1	936	1	0
NG_057098.1	1344	3	0
NG_057095.1	1829	12	0
NG_057091.1	1345	3	0
NG_057084.1	855	1	0
NG_057081.1	1832	1	0
NG_057074.1	838	3	0
NG_057072.1	839	9	0
NG_057067.1	1349	1	0
NG_057066.1	1374	1	0
NG_057062.1	1454	1	0
NG_057061.1	1442	8	0
NG_057060.1	1452	3	0
NG_057053.1	808	76	0
NG_057043.1	1392	1	0
NG_057042.1	968	3	0
NG_057040.1	918	1	0
NG_057038.1	864	9	0
NG_057033.1	794	5	0
NG_057032.1	858	3	0
NG_057029.1	915	1	0
NG_057024.1	1631	3	0
NG_057020.1	1309	4055	0
NG_057012.1	1247	1	0
NG_057009.1	874	1	0
NG_056999.1	988	24	0
NG_056996.1	924	5	0
NG_056988.1	622	1	0
NG_056975.1	1487	44	0
NG_056969.1	1348	2	0
NG_056968.1	3289	125	0
NG_056957.1	1041	1	0
NG_056951.1	571	1	0
NG_056937.1	1305	1	0
NG_056290.1	1270	2	0
NG_056281.1	1071	90	0
NG_056278.1	3263	64	0
NG_056277.1	605	1	0
NG_056272.1	626	4	0
NG_056267.1	1283	2	0
NG_055229.1	587	5	0
NG_042761.1	1797	17	0
NG_042443.1	949	20	0
