NR_178126.1	448	1	0
NR_178121.1	442	1	0
NR_178118.1	696	1	0
NR_178097.1	576	2	0
NR_178091.1	674	9	0
NR_178090.1	633	6	0
NR_177621.1	734	27	0
NR_177620.1	736	20	0
NR_177619.1	735	30	0
NR_177610.1	700	25	0
NR_177504.1	671	28	0
NR_177458.1	784	6	0
NR_153187.1	681	5	0
NR_152924.1	742	2	0
NR_177181.1	963	95	0
NR_177180.1	896	5	0
NR_177137.1	548	1	0
NR_177134.1	654	4	0
NR_172229.1	639	2	0
NR_145365.1	765	2	0
NR_176759.1	699	22	0
NR_176739.1	567	1	0
NR_176704.1	706	1	0
NR_176702.1	696	3	0
NR_176700.1	676	8	0
NR_176699.1	685	3	0
NR_176696.1	652	6	0
NR_176695.1	684	6	0
NR_163520.1	550	1	0
NR_160760.1	550	1	0
NR_120143.1	593	1	0
NR_159783.1	624	1	0
NR_170730.1	582	2	0
NR_170728.1	593	1	0
NR_176207.1	662	19	0
NR_176188.1	674	2	0
NR_176187.1	505	1	0
NR_176184.1	790	17	0
NR_175760.1	600	1	0
NR_175737.1	596	1	0
NR_175735.1	645	5	0
NR_175734.1	651	1	0
NR_175733.1	655	7	0
NR_175732.1	646	5	0
NR_175731.1	657	8	0
NR_175730.1	644	8	0
NR_175729.1	647	8	0
NR_175728.1	661	10	0
NR_175727.1	658	12	0
NR_175633.1	747	101	0
NR_175627.1	521	1	0
NR_175625.1	636	1	0
NR_175619.1	524	2	0
NR_153068.1	716	3	0
NR_153048.1	715	1	0
NR_175208.1	542	1	0
NR_175193.1	588	1	0
NR_175176.1	623	1	0
NR_175153.1	735	1	0
NR_175146.1	557	6	0
NR_175139.1	830	9	0
NR_175132.1	555	1	0
NR_175127.1	706	1	0
NR_175108.1	570	1	0
NR_175107.1	602	4	0
NR_175105.1	750	9	0
NR_175100.1	846	2	0
NR_175039.1	730	1	0
NR_175033.1	533	1	0
NR_174897.1	636	5	0
NR_174864.1	748	1	0
NR_174826.1	589	2	0
NR_174824.1	651	1	0
NR_174818.1	620	1	0
NR_174803.1	726	1	0
NR_174798.1	753	2	0
NR_174797.1	776	1	0
NR_174796.1	778	3	0
NR_174794.1	780	4	0
NR_174790.1	813	1	0
NR_174786.1	716	1	0
NR_174779.1	703	1	0
NR_174772.1	769	1	0
NR_174771.1	743	2	0
NR_174768.1	752	1	0
NR_174764.1	759	1	0
NR_174762.1	748	18	0
NR_174761.1	732	29	0
NR_174760.1	735	21	0
NR_174759.1	732	3	0
NR_174757.1	632	11	0
NR_174756.1	610	5	0
NR_174753.1	602	1	0
NR_174752.1	564	1	0
NR_174750.1	676	4	0
NR_174749.1	671	4	0
NR_174748.1	669	1	0
NR_174746.1	681	1	0
NR_174739.1	634	15	0
NR_174738.1	630	1	0
NR_174736.1	585	14	0
NR_174733.1	677	66	0
NR_174732.1	667	60	0
NR_174731.1	671	4	0
NR_174730.1	594	90	0
NR_174729.1	649	4	0
NR_174728.1	655	1	0
NR_173239.1	501	1	0
NR_171710.1	722	1	0
NR_164285.1	620	1	0
NR_154016.1	532	1	0
NR_174649.1	644	1	0
NR_174060.1	563	10	0
NR_164277.1	756	269	0
NR_164049.1	641	1	0
NR_173972.1	721	3	0
NR_173966.1	694	2	0
NR_173947.1	677	17	0
NR_173944.1	739	3	0
NR_173938.1	780	2	0
NR_173905.1	605	1	0
NR_173904.1	692	568	0
NR_173892.1	804	2	0
NR_173891.1	670	26	0
NR_173890.1	645	27	0
NR_173834.1	723	40	0
NR_173823.1	675	3	0
NR_173800.1	529	1	0
NR_173784.1	724	2	0
NR_173762.1	751	1	0
NR_173737.1	780	2	0
NR_173736.1	604	2	0
NR_173718.1	605	7	0
NR_173483.1	482	5	0
NR_173417.1	711	1	0
NR_173414.1	688	1	0
NR_173406.1	636	1	0
NR_120116.2	673	1	0
NR_119473.1	642	614	0
NR_155825.1	586	1	0
NR_137743.1	463	1	0
NR_137742.1	488	2	0
NR_173316.1	479	20	0
NR_173315.1	625	6	0
NR_173202.1	667	1	0
NR_173189.1	791	1	0
NR_173188.1	1016	1	0
NR_173157.1	625	4	0
NR_173155.1	669	14	0
NR_173022.1	549	1	0
NR_173017.1	582	1	0
NR_172966.1	590	1	0
NR_172955.1	775	34	0
NR_168802.1	444	1	0
NR_161000.1	512	6	0
NR_172817.1	499	1	0
NR_172803.1	702	16	0
NR_172782.1	806	1	0
NR_172534.1	560	1	0
NR_172427.1	806	1	0
NR_153597.1	609	251	0
NR_119591.1	573	1	0
NR_172351.1	620	4	0
NR_172328.1	716	20	0
NR_172258.1	572	10	0
NR_172248.1	730	1	0
NR_172230.1	469	2	0
NR_172201.1	572	1	0
NR_172200.1	565	4	0
NR_172199.1	546	1	0
NR_172163.1	609	3	0
NR_172155.1	587	1	0
NR_172146.1	631	2	0
NR_172197.1	566	1	0
NR_159628.1	548	10	0
NR_131994.1	509	2	0
NR_152323.1	669	2	0
NR_172003.1	518	1	0
NR_171929.1	743	4	0
NR_171913.1	753	2	0
NR_171899.1	677	1	0
NR_145361.1	715	1	0
NR_137444.1	619	1	0
NR_171821.1	716	1	0
NR_171820.1	720	1	0
NR_171811.1	1329	2	0
NR_171800.1	651	1	0
NR_171785.1	554	9	0
NR_171740.1	602	5	0
NR_171714.1	679	2	0
NR_171712.1	515	1	0
NR_171611.1	726	3	0
NR_171606.1	750	1	0
NR_171603.1	682	1	0
NR_171595.1	581	1	0
NR_171354.1	686	15	0
NR_171319.1	670	17	0
NR_171267.1	976	10	0
NR_171233.1	590	5	0
NR_121556.1	616	4	0
NR_171095.1	507	1	0
NR_171059.1	599	1	0
NR_152954.1	597	1	0
NR_145301.1	603	2	0
NR_145298.1	594	2	0
NR_111581.1	587	1	0
NR_111579.1	624	2	0
NR_111578.1	591	1	0
NR_111577.1	590	2	0
NR_111574.1	587	1	0
NR_111572.1	595	2	0
NR_111570.1	594	1	0
NR_077209.1	647	1	0
NR_170756.1	487	1	0
NR_170750.1	481	1	0
NR_170738.1	815	5	0
NR_170729.1	589	1	0
NR_156500.1	728	2	0
NR_137836.1	523	2	0
NR_119489.1	555	1	0
NR_170006.1	632	1	0
NR_169955.1	569	23	0
NR_169921.1	704	2	0
NR_169916.1	473	1	0
NR_169893.1	630	1	0
NR_169974.1	641	1	0
NR_169706.1	559	1	0
NR_169702.1	682	2	0
NR_169699.1	655	1	0
NR_169697.1	729	1	0
NR_169668.1	795	19	0
NR_169670.1	519	4	0
NR_160126.1	490	1	0
NR_168783.1	600	2	0
NR_168763.1	658	1	0
NR_168761.1	613	1	0
NR_168749.1	586	4	0
NR_168748.1	709	10	0
NR_155963.1	640	1	0
NR_120088.1	705	1	0
NR_111548.1	554	1	0
NR_168426.1	687	1	0
NR_168425.1	687	1	0
NR_168424.1	602	1	0
NR_168421.1	604	1	0
NR_168417.1	601	2	0
NR_168414.1	602	1	0
NR_168412.1	600	1	0
NR_168411.1	608	2	0
NR_168410.1	606	3	0
NR_155093.1	573	6	0
NR_167968.1	604	1	0
NR_132835.1	653	1	0
NR_166798.1	724	2	0
NR_164414.1	495	2	0
NR_166381.1	661	10	0
NR_166375.1	711	1	0
NR_166370.1	577	3	0
NR_166359.1	733	7	0
NR_166340.1	542	1	0
NR_166281.1	607	4	0
NR_166264.1	645	66	0
NR_166262.1	639	2	0
NR_166254.1	668	1	0
NR_166237.1	641	13	0
NR_166273.1	574	4	0
NR_165988.1	632	1	0
NR_165987.1	511	4	0
NR_165983.1	901	7	0
NR_165968.1	531	9	0
NR_165958.1	577	1	0
NR_164070.1	665	2	0
NR_160610.1	697	1	0
NR_166019.1	616	2	0
NR_166003.1	612	1	0
NR_165996.1	559	3	0
NR_165941.1	581	14	0
NR_165884.1	741	4	0
NR_165863.1	382	1	0
NR_165845.1	551	1	0
NR_163748.1	590	1	0
NR_165566.1	579	1	0
NR_165562.1	554	4	0
NR_165554.1	467	1	0
NR_165200.1	829	21	0
NR_120266.2	605	1	0
NR_119557.1	580	225	0
NR_153510.1	729	1	0
NR_153493.1	519	1	0
NR_164613.1	833	3	0
NR_164612.1	639	272	0
NR_164553.1	586	6	0
NR_164597.1	538	2	0
NR_164596.1	536	1	0
NR_164594.1	537	2	0
NR_164593.1	537	4	0
NR_164565.1	397	1	0
NR_164525.1	480	1	0
NR_164497.1	581	12	0
NR_164430.1	729	2	0
NR_164379.1	434	1	0
NR_164304.1	572	1	0
NR_164255.1	491	31	0
NR_164292.1	705	4	0
NR_164289.1	645	1	0
NR_164278.1	690	1	0
NR_164229.1	643	1	0
NR_164032.1	677	18	0
NR_164030.1	577	7	0
NR_164029.1	649	7	0
NR_164028.1	542	2	0
NR_164027.1	669	10	0
NR_164026.1	600	1	0
NR_164025.1	647	5	0
NR_164057.1	750	1	0
NR_164056.1	742	2	0
NR_137870.1	614	1	0
NR_163674.1	615	1	0
NR_131266.1	685	1	0
NR_120093.1	654	1	0
NR_111375.1	552	6	0
NR_163754.1	502	1	0
NR_163680.1	488	1	0
NR_163667.1	596	2	0
NR_154803.1	784	2	0
NR_154704.1	668	8	0
NR_154604.1	656	2	0
NR_154513.1	626	1	0
NR_154391.1	832	5	0
NR_154361.1	537	1	0
NR_153863.1	801	64	0
NR_145293.1	805	3	0
NR_138404.2	631	1	0
NR_120090.2	646	1	0
NR_137062.1	539	1	0
NR_136024.1	563	1	0
NR_132054.1	1092	18	0
NR_132000.1	509	2	0
NR_131998.1	517	4	0
NR_121447.1	641	2	0
NR_121446.1	637	1	0
NR_121441.1	674	1	0
NR_121437.1	681	1	0
NR_121436.1	649	1	0
NR_121434.1	680	1	0
NR_121432.1	645	3	0
NR_121420.1	658	1	0
NR_121414.1	657	1	0
NR_121410.1	653	2	0
NR_121407.1	661	1	0
NR_121405.1	663	1	0
NR_121404.1	662	1	0
NR_121400.1	692	122	0
NR_121398.1	691	160	0
NR_121397.1	689	1	0
NR_121395.1	691	125	0
NR_121394.1	689	110	0
NR_121393.1	689	148	0
NR_121391.1	690	158	0
NR_121390.1	694	136	0
NR_121389.1	692	1	0
NR_121388.1	694	151	0
NR_121387.1	691	136	0
NR_121385.1	664	183	0
NR_121384.1	664	195	0
NR_121377.1	672	2	0
NR_121373.1	672	1	0
NR_121369.1	623	3	0
NR_121367.1	612	2	0
NR_121362.1	653	2	0
NR_121361.1	645	1	0
NR_121360.1	641	6	0
NR_121339.1	804	11	0
NR_121292.1	531	1	0
NR_121280.1	651	4	0
NR_119958.1	478	1	0
NR_119725.1	671	3	0
NR_119652.1	668	16	0
NR_119650.1	681	10	0
NR_119649.1	790	1	0
NR_119644.1	713	17	0
NR_119592.1	565	1	0
NR_119590.1	749	12	0
NR_119554.1	824	133	0
NR_119545.1	521	3	0
NR_119539.1	578	1	0
NR_119533.1	601	2	0
NR_111867.1	788	2	0
NR_111809.1	698	1	0
NR_111569.1	582	1	0
NR_111564.1	595	5	0
NR_111558.1	575	4	0
NR_111314.1	708	3	0
NR_111313.1	636	2	0
NR_111189.1	686	1	0
NR_111188.1	819	1	0
NR_103651.1	615	1	0
NR_103650.1	731	15	0
NR_103625.1	661	16	0
NR_103624.1	697	1	0
NR_073317.1	600	1	0
NR_163531.1	632	1	0
NR_163517.1	809	15	0
NR_163502.1	604	2	0
NR_163383.1	649	2	0
NR_163347.1	466	1	0
NR_163327.1	473	2	0
NR_163315.1	693	17	0
NR_163301.1	623	27	0
NR_163300.1	668	21	0
NR_163298.1	698	22	0
NR_161152.1	572	4	0
NR_161150.1	576	1	0
NR_161127.1	567	6	0
NR_161117.1	652	1	0
NR_161038.1	782	10	0
NR_161037.1	777	2	0
NR_161157.1	600	1	0
NR_161041.1	718	1	0
NR_161015.1	639	1	0
NR_161014.1	635	1	0
NR_160588.1	681	1	0
NR_160490.1	646	1	0
NR_160479.1	765	2	0
NR_160338.1	542	1	0
NR_160330.1	684	17	0
NR_160328.1	505	1	0
NR_160316.1	483	1	0
NR_160259.1	586	1	0
NR_160258.1	617	1	0
NR_160166.1	584	1	0
NR_160159.1	739	2	0
NR_160139.1	692	5	0
NR_160128.1	528	24	0
NR_160102.1	718	1	0
NR_160083.1	526	59	0
NR_160077.1	708	2	0
NR_159878.1	730	1	0
NR_159861.1	522	1	0
NR_159845.1	480	3	0
NR_159843.1	503	1	0
NR_159816.1	641	1	0
NR_159790.1	665	1	0
NR_159769.1	534	1	0
NR_159767.1	610	1	0
NR_119415.2	697	2	0
NR_121553.1	580	1	0
NR_121541.1	587	1	0
NR_121532.1	682	2	0
NR_121524.1	605	1	0
NR_121522.1	619	1	0
NR_121518.1	691	1	0
NR_121501.1	656	2	0
NR_121466.1	574	19	0
NR_121464.1	517	2	0
NR_121458.1	797	19	0
NR_121457.1	598	1	0
NR_121427.1	608	1	0
NR_121358.1	676	15	0
NR_121353.1	659	5	0
NR_121335.1	735	2	0
NR_121290.1	675	3	0
NR_121287.1	685	1	0
NR_121274.1	796	1	0
NR_121270.1	773	2	0
NR_120293.1	624	1	0
NR_120271.1	622	1	0
NR_120268.1	625	1	0
NR_120267.1	667	2	0
NR_120263.1	560	2	0
NR_120213.1	1280	1	0
NR_120174.1	727	2	0
NR_120102.1	642	7	0
NR_120081.1	484	1	0
NR_120044.1	641	6	0
NR_120025.1	850	23	0
NR_120008.1	671	1	0
NR_119975.1	746	40	0
NR_119973.1	661	1	0
NR_119968.1	687	22	0
NR_119936.1	1219	1	0
NR_119852.1	640	2	0
NR_119828.1	550	1	0
NR_119826.1	672	12	0
NR_119819.1	600	5	0
NR_119766.1	658	1	0
NR_119761.1	597	2	0
NR_119714.1	676	1	0
NR_119664.1	758	21	0
NR_119656.1	509	1	0
NR_119633.1	573	1	0
NR_119630.1	646	1	0
NR_119568.1	602	1	0
NR_119559.1	755	12	0
NR_119468.1	663	2	0
NR_119412.1	585	2	0
NR_111823.1	647	1	0
NR_111723.1	630	1	0
NR_111656.1	447	4	0
NR_111477.1	632	1	0
NR_111475.1	674	1	0
NR_111372.1	552	8	0
NR_111335.1	564	1	0
NR_111210.1	573	1	0
NR_111116.1	413	1	0
NR_111115.1	774	1	0
NR_111071.1	536	2	0
NR_111059.1	509	2	0
NR_103690.1	615	2	0
NR_103612.1	631	12	0
NR_103579.1	589	1	0
NR_103564.1	595	1	0
NR_077168.1	529	2	0
NR_077142.1	712	1	0
NR_077118.1	512	2	0
NR_077081.1	632	1	0
NR_077070.1	526	3	0
NR_073302.1	656	1	0
NR_073278.1	628	1	0
NR_073260.1	520	2	0
NR_073248.1	532	1	0
NR_073239.1	536	1	0
NR_073221.1	645	4	0
NR_073217.1	536	1	0
NR_073213.1	514	3	0
NR_153269.1	568	1	0
NR_138449.1	524	2	0
NR_134419.1	599	1	0
NR_134412.1	581	1	0
NR_159642.1	742	2	0
NR_159641.1	710	3	0
NR_159588.1	548	1	0
NR_159585.1	509	1	0
NR_159572.1	575	1	0
NR_159064.1	660	3	0
NR_159046.1	537	1	0
NR_153560.1	420	1	0
NR_137880.1	610	1	0
NR_137617.1	641	1	0
NR_158878.1	706	1	0
NR_158805.1	642	1	0
NR_158794.1	578	4	0
NR_158533.1	596	3	0
NR_158513.1	604	5	0
NR_158497.1	663	13	0
NR_158496.1	609	9	0
NR_158495.1	623	6	0
NR_158493.1	592	7	0
NR_158492.1	663	6	0
NR_158490.1	609	9	0
NR_158489.1	664	5	0
NR_158488.1	576	9	0
NR_158487.1	624	9	0
NR_158485.1	766	2	0
NR_158482.1	663	16	0
NR_158480.1	722	14	0
NR_158474.1	565	1	0
NR_158461.1	862	12	0
NR_158460.1	695	13	0
NR_158446.1	624	1	0
NR_158442.1	715	3	0
NR_158378.1	619	1	0
NR_158346.1	584	4	0
NR_158339.1	643	98	0
NR_158306.1	643	2	0
NR_158305.1	606	1	0
NR_158303.1	625	2	0
NR_158276.1	549	1	0
NR_158275.1	558	1	0
NR_158270.1	488	1	0
NR_158236.1	488	2	0
NR_157491.1	684	3	0
NR_157449.1	565	1	0
NR_157428.1	807	1	0
NR_156633.1	659	1	0
NR_156586.1	543	1	0
NR_156363.1	658	2	0
NR_156359.1	653	1	0
NR_156356.1	656	1	0
NR_156291.1	682	1	0
NR_156283.1	764	3	0
NR_156281.1	557	1	0
NR_156280.1	631	6	0
NR_156240.1	615	1	0
NR_152906.1	690	1	0
NR_148181.1	699	1	0
NR_132845.1	739	28	0
NR_156677.1	586	2	0
NR_156611.1	522	1	0
NR_156519.1	658	1	0
NR_156508.1	550	1	0
NR_156381.1	562	1	0
NR_156347.1	625	1	0
NR_156319.1	1030	2	0
NR_156194.1	703	1	0
NR_156190.1	474	1	0
NR_156008.1	730	1	0
NR_156002.1	535	1	0
NR_155991.1	790	2	0
NR_155973.1	630	3	0
NR_155964.1	701	1	0
NR_155909.1	674	1	0
NR_155907.1	576	1	0
NR_155843.1	783	1	0
NR_155835.1	410	1	0
NR_155816.1	567	1	0
NR_155768.1	497	4	0
NR_155709.1	514	1	0
NR_155695.1	500	11	0
NR_155680.1	518	2	0
NR_155655.1	608	1	0
NR_155582.1	787	1	0
NR_155581.1	823	1	0
NR_155573.1	776	2	0
NR_155569.1	797	1	0
NR_155406.1	804	1	0
NR_155372.1	514	1	0
NR_155370.1	512	1	0
NR_154199.1	547	1	0
NR_155311.1	652	1	0
NR_155239.1	484	1	0
NR_130694.1	499	5	0
NR_155199.1	724	1	0
NR_155195.1	685	3	0
NR_155180.1	587	1	0
NR_155084.1	578	1	0
NR_155032.1	765	54	0
NR_155007.1	544	15	0
NR_155004.1	507	1	0
NR_154978.1	685	24	0
NR_154901.1	593	1	0
NR_154865.1	569	1	0
NR_154692.1	589	3	0
NR_154649.1	699	1	0
NR_154635.1	662	1	0
NR_154630.1	630	1	0
NR_154621.1	587	1	0
NR_154537.1	574	1	0
NR_154532.1	549	1	0
NR_154492.1	606	10	0
NR_154491.1	662	1	0
NR_154473.1	644	1	0
NR_154432.1	551	1	0
NR_154431.1	554	5	0
NR_154370.1	588	2	0
NR_154354.1	600	1	0
NR_154319.1	606	1	0
NR_154297.1	580	3	0
NR_154271.1	550	1	0
NR_154227.1	627	3	0
NR_154198.1	550	1	0
NR_154165.1	593	1	0
NR_154152.1	792	10	0
NR_154119.1	675	23	0
NR_154094.1	775	2	0
NR_154088.1	590	1	0
NR_154082.1	660	13	0
NR_154065.1	865	2	0
NR_154021.1	723	85	0
NR_154011.1	527	1	0
NR_153930.1	702	2	0
NR_153893.1	664	1	0
NR_153873.1	509	1	0
NR_153870.1	633	1	0
NR_153652.1	710	3	0
NR_153644.1	504	6	0
NR_153643.1	540	11	0
NR_153606.1	834	10	0
NR_153551.1	647	2	0
NR_153525.1	717	1649	0
NR_153487.1	575	2	0
NR_152545.1	866	1	0
NR_152544.1	865	4	0
NR_152543.1	921	2	0
NR_145333.1	603	1	0
NR_145332.1	854	5	0
NR_138381.1	542	1	0
NR_137114.1	727	2	0
NR_137022.1	638	1	0
NR_135965.1	485	1	0
NR_135954.1	633	3	0
NR_132828.1	709	1	0
NR_152952.1	527	1	0
NR_152919.1	668	1	0
NR_152907.1	690	5	0
NR_152538.1	632	66	0
NR_152489.1	559	1	0
NR_152488.1	483	1	0
NR_152485.1	658	1	0
NR_152480.1	665	1	0
NR_152354.1	580	1	0
NR_152287.1	607	1	0
NR_151842.1	866	1	0
NR_151834.1	692	1	0
NR_151797.1	628	5	0
NR_148111.1	612	1	0
NR_148104.1	637	1	0
NR_148083.1	670	1	0
NR_147686.1	639	1	0
NR_147657.1	682	1	0
NR_147583.1	577	1	0
NR_147528.1	744	231	0
NR_147457.1	692	1	0
NR_147453.1	565	1	0
NR_145389.1	684	1	0
NR_145372.1	688	1	0
NR_145345.1	505	3	0
NR_145018.1	656	2	0
NR_144915.1	727	1	0
NR_144901.1	637	38	0
NR_144812.1	632	5	0
NR_126138.2	491	102	0
NR_138411.1	617	9	0
NR_138401.1	694	1	0
NR_138398.1	592	2	0
NR_138383.1	657	1	0
NR_138376.1	668	1	0
NR_138365.1	538	7	0
NR_138221.1	682	1	0
NR_138220.1	469	5	0
NR_137997.1	574	2	0
NR_137989.1	562	1	0
NR_137840.1	691	1	0
NR_137822.1	650	3	0
NR_137801.1	570	1	0
NR_137732.1	655	1	0
NR_137504.1	459	5	0
NR_136125.1	634	3	0
NR_135984.1	485	1	0
NR_135974.1	485	1	0
NR_135937.1	722	5	0
NR_135377.1	576	1	0
NR_135341.1	575	1	0
NR_132855.1	656	1	0
NR_132842.1	534	1	0
NR_132838.1	705	1	0
NR_132836.1	641	9	0
NR_132825.1	792	1	0
NR_132809.1	704	22	0
NR_132808.1	660	28	0
NR_132011.1	644	4	0
NR_131286.1	576	1	0
NR_131269.1	558	6	0
NR_130695.1	495	2	0
NR_144810.1	567	1	0
NR_131996.1	689	1	0
NR_131815.1	797	1	0
NR_153119.1	577	1	0
NR_153083.1	649	1	0
NR_147641.1	594	1	0
NR_147585.1	579	1	0
NR_147539.1	634	1	0
NR_147497.1	727	1	0
NR_147495.1	731	4	0
NR_147456.1	615	1	0
NR_147305.1	616	6	0
NR_145056.1	724	10	0
NR_138403.1	686	1	0
NR_137778.1	579	2	0
NR_137722.1	649	8	0
NR_137710.1	803	24	0
NR_137704.1	724	1	0
NR_137691.1	575	5	0
NR_137663.1	638	1	0
NR_137650.1	583	1	0
NR_137545.1	569	1	0
NR_137532.1	583	1	0
NR_137520.1	564	1	0
NR_137510.1	472	1	0
NR_137497.1	478	1	0
NR_137151.1	673	1	0
NR_137057.1	676	1	0
NR_137010.1	669	2	0
NR_135942.1	651	1	0
NR_135362.1	587	1	0
NR_135336.1	575	1	0
