NG_088148.1	1379	3	0
NG_088141.1	1334	8	0
NG_088360.1	859	246	0
NG_088358.1	881	21	0
NG_088356.1	958	4	0
NG_088352.1	1372	1	0
NG_088349.1	880	11	0
NG_088343.1	793	1	0
NG_088321.1	839	1	0
NG_088319.1	800	1	0
NG_088318.1	1333	1	0
NG_088317.1	1342	1	0
NG_088315.1	1344	1	0
NG_088311.1	1350	10	0
NG_088310.1	1360	11	0
NG_088309.1	1348	22	0
NG_088307.1	1379	7	0
NG_088305.1	1378	2	0
NG_088301.1	913	1	0
NG_088299.1	903	2	0
NG_088298.1	1345	1	0
NG_088291.1	862	6	0
NG_088285.1	1339	4	0
NG_088282.1	868	1	0
NG_088280.1	1049	2	0
NG_088269.1	1379	1	0
NG_088268.1	1398	3	0
NG_088262.1	1379	2	0
NG_088260.1	1400	1	0
NG_088259.1	1372	1	0
NG_088255.1	1352	7	0
NG_088253.1	1385	2	0
NG_088242.1	838	1	0
NG_088240.1	889	1	0
NG_088237.1	1337	1	0
NG_088236.1	1283	1	0
NG_088235.1	1344	1	0
NG_088230.1	1391	6	0
NG_088229.1	1390	8	0
NG_088228.1	1352	2	0
NG_088227.1	1354	3	0
NG_088221.1	668	1	0
NG_088215.1	1384	5	0
NG_088213.1	1390	12	0
NG_088210.1	888	10	0
NG_088209.1	1368	8	0
NG_088206.1	897	1	0
NG_088202.1	1336	1	0
NG_088198.1	1392	2	0
NG_088197.1	1334	12	0
NG_088196.1	1334	12	0
NG_088195.1	1345	8	0
NG_088185.1	970	6	0
NG_088181.1	872	4	0
NG_088179.1	1344	1	0
NG_088175.1	1311	1	0
NG_088172.1	846	2	0
NG_088157.1	1310	1	0
NG_088150.1	925	4	0
NG_088144.1	1338	1	0
NG_088140.1	1355	11	0
NG_088132.1	855	2	0
NG_088125.1	837	60	0
NG_088124.1	847	575	0
NG_088122.1	1310	1	0
NG_088119.1	839	2	0
NG_088118.1	614	1	0
NG_088116.1	784	1	0
NG_088110.1	868	1	0
NG_088109.1	1340	2	0
NG_088104.1	1206	4	0
NG_088103.1	1354	5	0
NG_088095.1	1265	16	0
NG_088088.1	898	21	0
NG_088082.1	1359	1	0
NG_088079.1	888	1	0
NG_088075.1	899	2	0
NG_088073.1	903	2	0
NG_088070.1	856	4	0
NG_088069.1	867	7	0
NG_088066.1	1395	8	0
NG_088062.1	1347	13	0
NG_088061.1	1344	6	0
NG_088060.1	1334	24	0
NG_088050.1	812	1	0
NG_088049.1	1146	1	0
NG_088042.1	1299	3	0
NG_088040.1	1291	1	0
NG_088039.1	1288	2	0
NG_088036.1	863	3	0
NG_088034.1	872	34	0
NG_088029.1	1269	1	0
NG_088027.1	1315	4	0
NG_088025.1	1350	28	0
NG_088020.1	1280	1	0
NG_088019.1	614	1	0
NG_088009.1	833	1	0
NG_088005.1	583	5	0
NG_088003.1	1263	1	0
NG_067787.1	1313	1	0
NG_070816.1	916	7	0
NG_067790.1	812	1	0
NG_058263.1	1415	2	0
NG_058140.1	1381	3	0
NG_058017.1	1312	1	0
NG_058015.1	1303	18	0
NG_058014.1	1330	4	0
NG_058013.1	1350	1	0
NG_057987.1	798	1	0
NG_081516.1	1286	5	0
NG_081481.1	840	1	0
NG_081479.1	1303	1	0
NG_081477.1	809	1	0
NG_081469.1	665	1	0
NG_081465.1	1269	1	0
NG_081453.1	882	2	0
NG_081447.1	871	5	0
NG_081444.1	850	1	0
NG_081442.1	581	1	0
NG_081319.1	816	2	0
NG_081312.1	1315	2	0
NG_081311.1	1323	1	0
NG_081306.1	979	1	0
NG_081295.1	917	1	0
NG_081294.1	896	1	0
NG_081287.1	602	1	0
NG_081284.1	1330	11	0
NG_081280.1	944	1	0
NG_081277.1	836	42	0
NG_081274.1	1021	4	0
NG_081273.1	1144	1	0
NG_070094.1	842	2	0
NG_068531.1	844	1	0
NG_067525.1	1376	1	0
NG_060409.1	1367	13	0
NG_069014.1	1327	1	0
NG_068872.1	1283	3	0
NG_068871.1	1281	1	0
NG_068869.1	1289	1	0
NG_064324.1	885	1	0
NG_059107.1	1349	2	0
NG_058802.1	953	13	0
NG_042652.1	1344	6	0
NG_042651.1	1342	6	0
NG_079711.1	928	1	0
NG_079710.1	1346	57	0
NG_079706.1	1324	3	0
NG_079692.1	884	24	0
NG_079687.1	1373	1	0
NG_079677.1	1303	3	0
NG_079674.1	1383	4	0
NG_079673.1	872	1	0
NG_079671.1	1349	1	0
NG_079663.1	895	1	0
NG_079658.1	1404	6	0
NG_079646.1	1380	6	0
NG_079635.1	1297	6	0
NG_079634.1	1291	3	0
NG_079632.1	1291	2	0
NG_079630.1	1290	3	0
NG_079629.1	1355	2	0
NG_079626.1	1350	7	0
NG_079572.1	1327	1	0
NG_079565.1	835	2	0
NG_079563.1	882	6	0
NG_079545.1	808	2	0
NG_079535.1	871	1	0
NG_079515.1	500	5	0
NG_079507.1	483	2	0
NG_079506.1	480	1	0
NG_079502.1	552	3	0
NG_079498.1	554	1	0
NG_067775.1	1435	1	0
NG_059645.1	947	2	0
NG_078689.1	815	4	0
NG_078688.1	1353	3	0
NG_078680.1	933	1	0
NG_078678.1	946	161	0
NG_078676.1	942	1	0
NG_078673.1	899	2	0
NG_078672.1	883	38	0
NG_078656.1	898	2	0
NG_078655.1	869	2	0
NG_078651.1	877	8	0
NG_078637.1	1391	3	0
NG_078633.1	862	1	0
NG_068634.1	1195	6	0
NG_068633.1	789	1	0
NG_068294.1	911	2	0
NG_059142.1	870	1	0
NG_077394.1	900	1	0
NG_077393.1	906	52	0
NG_077391.1	903	7	0
NG_077390.1	906	14	0
NG_055378.2	584	1	0
NG_067786.1	981	1	0
NG_060810.1	700	6	0
NG_060382.1	3250	5	0
NG_058828.1	983	1	0
NG_058827.1	996	3	0
NG_066352.1	3183	8	0
NG_060406.1	1379	1	0
NG_055354.1	3283	189	0
NG_076752.1	898	13	0
NG_076743.1	859	1	0
NG_076737.1	866	1	0
NG_076735.1	813	1	0
NG_076729.1	836	1	0
NG_076714.1	901	1	0
NG_076709.1	814	1	0
NG_076701.1	1128	2	0
NG_070418.1	1279	1	0
NG_070417.1	1290	2	0
NG_068638.1	1197	3	0
NG_067902.1	814	2	0
NG_058631.1	1350	1	0
NG_058139.1	1375	5	0
NG_055355.1	3269	10	0
NG_075436.1	482	1	0
NG_075429.1	1356	4	0
NG_075428.1	822	2	0
NG_075411.1	824	1	0
NG_075410.1	818	2	0
NG_075398.1	1092	1	0
NG_075397.1	1339	3	0
NG_075396.1	1357	1	0
NG_075394.1	728	1	0
NG_075390.1	843	1	0
NG_075389.1	1398	2	0
NG_075387.1	1022	2	0
NG_075386.1	953	1	0
NG_075382.1	1348	1	0
NG_075381.1	922	1	0
NG_075373.1	873	1	0
NG_075370.1	871	96	0
NG_075369.1	873	2	0
NG_075363.1	845	1	0
NG_075362.1	869	1	0
NG_075353.1	828	1	0
NG_075350.1	986	2	0
NG_075348.1	1730	2	0
NG_075343.1	902	1	0
NG_075342.1	1431	1	0
NG_075340.1	864	1	0
NG_075338.1	659	1	0
NG_075335.1	983	1	0
NG_075330.1	1388	1	0
NG_075329.1	1396	14	0
NG_075320.1	1389	10	0
NG_075318.1	1349	1	0
NG_075315.1	1348	3	0
NG_075300.1	3106	32	0
NG_075291.1	1352	3	0
NG_075288.1	1382	1	0
NG_075246.1	1307	4	0
NG_075240.1	480	3	0
NG_075239.1	823	3	0
NG_075234.1	794	1	0
NG_075230.1	1332	2	0
NG_075229.1	722	3	0
NG_075214.1	1340	8	0
NG_075213.1	1342	19	0
NG_075212.1	1345	6	0
NG_075207.1	1353	2	0
NG_075206.1	1343	1	0
NG_075197.1	826	1	0
NG_075187.1	1378	1	0
NG_075186.1	480	4	0
NG_075185.1	1350	10	0
NG_075184.1	1349	16	0
NG_075183.1	1347	4	0
NG_075182.1	1350	3	0
NG_075181.1	1352	1	0
NG_075180.1	1350	5	0
NG_075178.1	1374	6	0
NG_075176.1	494	6	0
NG_075174.1	607	2	0
NG_075173.1	720	3	0
NG_075170.1	1279	4	0
NG_075168.1	1305	16	0
NG_075165.1	1353	1	0
NG_075161.1	3224	1	0
NG_075153.1	933	3	0
NG_075152.1	1143	2	0
NG_027566.1	3087	85	0
NG_074509.1	822	2	0
NG_074504.1	1280	5	0
NG_074473.1	917	1	0
NG_074472.1	894	1	0
NG_074468.1	849	1	0
NG_074467.1	979	12	0
NG_074462.1	905	1	0
NG_074457.1	1038	2	0
NG_074456.1	1051	3	0
NG_074455.1	1055	1	0
NG_074452.1	843	1	0
NG_074434.1	1357	1	0
NG_074424.1	834	3	0
NG_057674.1	1078	11	0
NG_057852.1	3295	117	0
NG_073871.1	825	9	0
NG_073860.1	844	1	0
NG_073858.1	849	3	0
NG_073849.1	856	5	0
NG_073827.1	884	1	0
NG_073824.1	937	8	0
NG_073823.1	906	5	0
NG_073822.1	926	1	0
NG_073789.1	1319	1	0
NG_073788.1	850	3	0
NG_073778.1	649	1	0
NG_073762.1	1344	21	0
NG_073761.1	1291	1	0
NG_073753.1	891	11	0
NG_073693.1	894	3	0
NG_073683.1	785	1	0
NG_073651.1	845	251	0
NG_073644.1	835	1	0
NG_073640.1	850	1	0
NG_073612.1	499	1	0
NG_073610.1	905	16	0
NG_073599.1	903	1	0
NG_073589.1	1342	1	0
NG_073583.1	494	1	0
NG_073581.1	1333	4	0
NG_073580.1	954	2	0
NG_057083.1	910	1	0
NG_068774.1	863	25	0
NG_060125.1	1375	5	0
NG_071249.1	863	107	0
NG_071247.1	848	2	0
NG_071243.1	906	1	0
NG_071238.1	994	1	0
NG_071237.1	909	3	0
NG_071234.1	683	3	0
NG_071232.1	574	50	0
NG_059017.1	888	1	0
NG_070934.1	811	8	0
NG_070933.1	856	4	0
NG_070932.1	831	5	0
NG_070931.1	869	12	0
NG_070927.1	1224	1	0
NG_070922.1	820	119	0
NG_070919.1	705	4	0
NG_070584.1	1054	7	0
NG_070522.1	1435	2	0
NG_057973.1	993	6	0
NG_057945.1	1459	2	0
NG_057944.1	1118	1	0
NG_057899.1	1405	4	0
NG_057898.1	1429	1	0
NG_042568.1	1429	4	0
NG_042560.1	1428	3	0
NG_042556.1	1430	1	0
NG_042555.1	1382	2	0
NG_042554.1	1401	4	0
NG_042550.1	1429	4	0
NG_042539.1	1429	1	0
NG_070846.1	1317	12	0
NG_070845.1	1319	166	0
NG_070844.1	1329	19	0
NG_070841.1	943	1	0
NG_070836.1	988	189	0
NG_070829.1	1383	1	0
NG_070823.1	1359	14	0
NG_070822.1	1069	3	0
NG_070810.1	1389	4	0
NG_070815.1	872	351	0
NG_070814.1	1305	36	0
NG_070812.1	944	156	0
NG_069183.1	921	2	0
NG_070610.1	1327	1	0
NG_070608.1	905	1	0
NG_070606.1	892	1	0
NG_070602.1	861	1	0
NG_070600.1	854	1	0
NG_070598.1	1327	1	0
NG_070595.1	894	1	0
NG_070583.1	1327	3	0
NG_070580.1	1007	2	0
NG_070556.1	937	3	0
NG_070553.1	935	1	0
NG_070551.1	933	1	0
NG_070550.1	901	4	0
NG_070549.1	691	5	0
NG_070546.1	893	1	0
NG_070534.1	1286	1	0
NG_070523.1	963	1	0
NG_070521.1	648	1	0
NG_070512.1	3248	8	0
NG_070511.1	600	1	0
NG_070502.1	1319	62	0
NG_070496.1	939	2	0
NG_070495.1	939	2	0
NG_070494.1	939	1	0
NG_070493.1	939	2	0
NG_070492.1	939	1	0
NG_070491.1	939	1	0
NG_070490.1	939	3	0
NG_070489.1	939	1	0
NG_070488.1	939	1	0
NG_070486.1	939	1	0
NG_070485.1	755	7	0
NG_070484.1	757	3	0
NG_070483.1	755	9	0
NG_070482.1	754	3	0
NG_060647.1	1379	4	0
NG_057682.1	625	2	0
NG_070460.1	845	1	0
NG_070455.1	899	1	0
NG_070444.1	905	5	0
NG_070435.1	840	2	0
NG_070410.1	885	1	0
NG_070405.1	1114	1	0
NG_070391.1	1436	3	0
NG_070388.1	983	1	0
NG_070386.1	1323	1	0
NG_070384.1	1323	1	0
NG_070383.1	1323	1	0
NG_070362.1	1327	2	0
NG_070361.1	1327	1	0
NG_070356.1	1315	4	0
NG_070392.1	1436	2	0
NG_070379.1	829	1	0
NG_068542.1	1334	2	0
NG_068541.1	1393	4	0
NG_070083.1	905	1	0
NG_070082.1	900	1	0
NG_070051.1	899	1	0
NG_070012.1	905	1	0
NG_069973.1	894	1	0
NG_069939.1	898	1	0
NG_069912.1	1327	1	0
NG_069883.1	895	1	0
NG_069868.1	897	2	0
NG_069867.1	1327	2	0
NG_069864.1	1327	2	0
NG_069858.1	1327	1	0
NG_069846.1	900	1	0
NG_069845.1	838	1	0
NG_069843.1	893	1	0
NG_069838.1	1327	1	0
NG_069829.1	901	1	0
NG_069822.1	924	1	0
NG_069819.1	1327	1	0
NG_069817.1	907	1	0
NG_069816.1	905	2	0
NG_069815.1	890	1	0
NG_069803.1	909	1	0
NG_069800.1	1327	1	0
NG_069796.1	935	1	0
NG_069787.1	1327	2	0
NG_069783.1	1327	3	0
NG_069782.1	1327	1	0
NG_069733.1	1327	2	0
NG_069675.1	906	1	0
NG_069671.1	903	4	0
NG_069647.1	910	1	0
NG_069633.1	896	1	0
NG_069591.1	1258	1	0
NG_069484.1	826	1	0
NG_069472.1	1315	2	0
NG_069471.1	1315	1	0
NG_069470.1	1315	1	0
NG_069447.1	960	1	0
NG_069446.1	951	1	0
NG_069443.1	950	1	0
NG_069439.1	960	1	0
NG_069437.1	876	1	0
NG_069431.1	942	1	0
NG_069419.1	942	45	0
NG_069418.1	935	41	0
NG_069390.1	874	1	0
NG_069369.1	1305	6	0
NG_069368.1	1302	6	0
NG_069343.1	827	1	0
NG_069272.1	796	1	0
NG_069251.1	829	1	0
NG_069171.1	874	1	0
NG_069167.1	902	1	0
NG_069151.1	2040	133	0
NG_069150.1	2035	134	0
NG_069149.1	2029	110	0
NG_069148.1	849	1	0
NG_069145.1	849	1	0
NG_069119.1	1327	1	0
NG_069116.1	810	1	0
NG_069114.1	1293	2	0
NG_069111.1	1327	1	0
NG_069096.1	1375	1	0
NG_069091.1	898	1	0
NG_069076.1	1248	1	0
NG_069071.1	1281	1	0
NG_069067.1	1281	1	0
NG_069061.1	1341	8	0
NG_069057.1	1327	1	0
NG_069056.1	1327	1	0
NG_069055.1	1327	2	0
NG_069053.1	1327	1	0
NG_069051.1	1327	1	0
NG_069049.1	1327	2	0
NG_069048.1	1327	1	0
NG_069040.1	1327	2	0
NG_069039.1	1327	1	0
NG_069038.1	1327	1	0
NG_069016.1	1327	1	0
NG_069011.1	1327	1	0
NG_069004.1	3250	11	0
NG_069003.1	3257	3	0
NG_069001.1	1348	2	0
NG_069000.1	1272	1	0
NG_068999.1	1288	1	0
NG_068997.1	1270	1	0
NG_068994.1	791	2	0
NG_068983.1	1771	1	0
NG_068982.1	1298	1	0
NG_068978.1	1327	8	0
NG_068970.1	532	1	0
NG_068969.1	973	1	0
NG_057769.1	890	1	0
NG_069745.1	931	2	0
NG_069695.1	1018	1	0
NG_069685.1	910	1	0
NG_069568.1	1300	1	0
NG_069232.1	831	3	0
NG_069010.1	1326	2	0
NG_068968.1	973	2	0
NG_068932.1	860	3	0
NG_068930.1	1414	10	0
NG_068919.1	856	4	0
NG_068911.1	876	1	0
NG_068900.1	1058	1	0
NG_068899.1	1051	1	0
NG_068895.1	914	1	0
NG_068887.1	874	2	0
NG_068882.1	1310	2	0
NG_068876.1	1273	1	0
NG_068873.1	1287	1	0
NG_068866.1	1348	2	0
NG_068862.1	795	1	0
NG_068860.1	1031	2	0
NG_068856.1	901	34	0
NG_068853.1	937	2	0
NG_068850.1	1312	1475	0
NG_068846.1	1343	4	0
NG_068845.1	815	2	0
NG_068834.1	843	1	0
NG_068821.1	1312	72	0
NG_068814.1	1411	4	0
NG_068813.1	1401	6	0
NG_068812.1	1401	5	0
NG_068811.1	1401	12	0
NG_068810.1	1409	1	0
NG_068808.1	935	1	0
NG_068805.1	1378	1	0
NG_068790.1	804	4	0
NG_068786.1	1345	1	0
NG_068783.1	939	1	0
NG_068781.1	943	3	0
NG_068777.1	927	255	0
NG_068776.1	855	1	0
NG_068773.1	703	2	0
NG_068769.1	1385	2	0
NG_068765.1	1397	3	0
NG_068764.1	1343	25	0
NG_068762.1	879	1	0
NG_068760.1	1303	1	0
NG_068759.1	1326	1	0
NG_068758.1	969	2	0
NG_068757.1	959	1	0
NG_068753.1	1305	6	0
NG_068749.1	1375	2	0
NG_068748.1	817	1	0
NG_068747.1	2044	22	0
NG_068744.1	1317	1	0
NG_068742.1	1320	1	0
NG_068741.1	1308	1	0
NG_068740.1	856	2	0
NG_068737.1	1397	2	0
NG_068732.1	939	1	0
NG_068731.1	999	1	0
NG_068727.1	1307	2	0
NG_068726.1	1377	1	0
NG_068724.1	1333	2	0
NG_068722.1	1476	1	0
NG_068693.1	818	1	0
NG_068683.1	836	1	0
NG_068663.1	1738	1	0
NG_068655.1	1392	12	0
NG_068654.1	1389	9	0
NG_068642.1	1209	1	0
NG_068640.1	1228	2	0
NG_068632.1	1191	1	0
NG_068631.1	1193	2	0
NG_068629.1	1284	1	0
NG_068583.1	1408	3	0
NG_068575.1	897	3	0
NG_068572.1	1318	2	0
NG_068564.1	1344	2	0
NG_068543.1	1394	6	0
NG_068540.1	871	1	0
NG_068538.1	1330	2	0
NG_068536.1	1386	9	0
NG_068534.1	1384	3	0
NG_068523.1	1323	7	0
NG_068522.1	1321	10	0
NG_068517.1	1327	8	0
NG_055136.1	3235	20	0
NG_059967.1	2045	17	0
NG_058242.1	909	2	0
NG_057229.1	1390	1	0
NG_057016.1	2028	687	0
NG_068351.1	1194	1	0
NG_068346.1	899	1	0
NG_068344.1	852	1	0
NG_068322.1	870	3	0
NG_068295.1	862	1	0
NG_068288.1	607	3	0
NG_068279.1	833	1	0
NG_068275.1	876	1	0
NG_068271.1	1350	1	0
NG_068261.1	838	1	0
NG_068251.1	827	4	0
NG_068289.1	1417	15	0
NG_068265.1	1368	108	0
NG_068253.1	1342	12	0
NG_068252.1	2422	125	0
NG_068249.1	896	1	0
NG_068247.1	893	1	0
NG_057274.1	870	1	0
NG_057260.1	1392	1	0
NG_057259.1	1407	3	0
NG_057196.1	1436	17	0
NG_060356.1	695	2	0
NG_042597.1	1429	7	0
NG_042419.1	961	6	0
NG_067906.1	900	1	0
NG_067885.1	824	1	0
NG_067883.1	835	1	0
NG_067874.1	841	1	0
NG_067873.1	1139	178	0
NG_067833.1	1337	3	0
NG_067829.1	836	1	0
NG_067824.1	1382	1	0
NG_067816.1	1369	28	0
NG_067810.1	951	1	0
NG_067802.1	857	3	0
NG_067800.1	1311	1	0
NG_067784.1	1359	33	0
NG_067777.1	853	3	0
NG_067770.1	880	1	0
NG_067914.1	828	1	0
NG_067897.1	913	4	0
NG_067828.1	670	4	0
NG_067772.1	3257	15	0
NG_067562.1	846	5	0
NG_067561.1	1401	2	0
NG_067535.1	1336	2	0
NG_067533.1	927	2	0
NG_067515.1	500	1	0
NG_058739.1	5088	21	0
NG_067459.1	895	1	0
NG_067455.1	911	1	0
NG_067442.1	848	1	0
NG_067439.1	896	1	0
NG_067426.1	909	1	0
NG_067422.1	863	2	0
NG_067400.1	925	1	0
NG_067380.1	768	2	0
NG_067377.1	895	1	0
NG_067355.1	868	2	0
NG_067351.1	896	4	0
NG_067344.1	885	2	0
NG_067318.1	820	1	0
NG_067315.1	937	1	0
NG_067303.1	960	1	0
NG_067295.1	827	1	0
NG_067275.1	960	4	0
NG_067273.1	1313	1	0
NG_067264.1	1318	1	0
NG_067263.1	1300	1	0
NG_066146.1	630	5	0
NG_058402.1	599	1	0
NG_064136.1	912	4	0
NG_066202.1	845	1	0
NG_060308.1	1477	1	0
NG_059588.1	809	2	0
NG_058594.1	842	4	0
NG_058517.1	844	1	0
NG_057136.1	796	1	0
NG_066466.1	554	1	0
NG_066463.1	1995	98	0
NG_066432.1	768	1	0
NG_066430.1	1318	2	0
NG_066429.1	954	1	0
NG_066425.1	1092	2	0
NG_066405.1	957	2	0
NG_066387.1	1293	1	0
NG_066385.1	758	1	0
NG_066378.1	1315	2	0
NG_066373.1	982	1	0
NG_066361.1	501	4	0
NG_066355.1	3249	9	0
NG_066354.1	3259	1	0
NG_066353.1	3102	32	0
NG_066351.1	3592	1	0
NG_066350.1	3251	10	0
NG_066349.1	3228	84	0
NG_066348.1	5042	20	0
NG_066345.1	1250	12	0
NG_066334.1	883	1	0
NG_066323.1	1202	3	0
NG_066321.1	861	1	0
NG_066303.1	845	1	0
NG_066288.1	1244	1	0
NG_066276.1	1003	15	0
NG_066270.1	831	1	0
NG_066259.1	908	1	0
NG_066257.1	868	1	0
NG_066247.1	943	73	0
NG_066230.1	1222	1	0
NG_066187.1	833	14	0
NG_066184.1	932	2	0
NG_066172.1	1354	2	0
NG_066166.1	809	1	0
NG_066155.1	676	2	0
NG_066154.1	3243	503	0
NG_057718.1	606	3	0
NG_060641.1	1386	2	0
NG_060640.1	1398	3	0
NG_064598.1	877	3	0
NG_064597.1	869	1	0
NG_064596.1	909	2	0
NG_064595.1	864	1	0
NG_064593.1	882	1	0
NG_064592.1	910	1	0
NG_064590.1	872	3	0
NG_064587.1	863	1	0
NG_064581.1	883	1	0
NG_064575.1	856	1	0
NG_064572.1	856	1	0
NG_064568.1	884	1	0
NG_064563.1	893	1	0
NG_064554.1	1296	1	0
NG_064548.1	895	1	0
NG_064543.1	838	6	0
NG_064493.1	896	1	0
NG_064480.1	1314	8	0
NG_064473.1	883	1	0
NG_064471.1	1218	1	0
NG_064438.1	952	2	0
NG_064436.1	948	3	0
NG_064504.1	1021	89	0
NG_064492.1	619	2	0
NG_064491.1	661	2	0
NG_064489.1	1380	3	0
NG_064477.1	939	2	0
NG_064452.1	910	1	0
NG_064445.1	1383	1	0
NG_058984.1	651	2	0
NG_058982.1	821	3	0
NG_064421.1	1239	587	0
NG_064418.1	1365	2	0
NG_064412.1	1344	2	0
NG_064411.1	1328	6	0
NG_064387.1	1374	2	0
NG_064386.1	1293	5	0
NG_064407.1	567	1	0
NG_064400.1	854	2	0
NG_064389.1	950	10	0
NG_064365.1	936	2	0
NG_064355.1	1363	2	0
NG_064354.1	1374	11	0
NG_064352.1	823	1	0
NG_064348.1	1323	1	0
NG_064345.1	1401	1	0
NG_064333.1	884	26	0
NG_064317.1	1515	2	0
NG_064315.1	2846	19	0
NG_064314.1	538	4	0
NG_064313.1	3248	4	0
NG_064312.1	3260	13	0
NG_064271.1	809	1	0
NG_064244.1	873	2	0
NG_064243.1	899	1	0
NG_064234.1	942	1	0
NG_064233.1	951	3	0
NG_064230.1	881	1	0
NG_064221.1	908	1	0
NG_064186.1	795	1	0
NG_064179.1	926	1	0
NG_064139.1	771	8	0
NG_064131.1	894	1	0
NG_064127.1	902	28	0
NG_064123.1	902	1	0
NG_064108.1	916	1	0
NG_064105.1	896	1	0
NG_064103.1	901	1	0
NG_064102.1	1061	1	0
NG_064098.1	907	1	0
NG_064092.1	927	12	0
NG_064082.1	876	2	0
NG_064080.1	1157	1	0
NG_064079.1	1061	2	0
NG_064066.1	902	1	0
NG_064061.1	898	1	0
NG_064050.1	903	1	0
NG_064029.1	883	1	0
NG_064027.1	904	1	0
NG_064021.1	979	1	0
NG_064002.1	904	1	0
NG_063993.1	909	1	0
NG_063969.1	892	2	0
NG_063966.1	939	2	0
NG_063965.1	907	2	0
NG_063963.1	810	2	0
NG_063953.1	1272	1	0
NG_063948.1	1545	4	0
NG_042686.2	1278	1	0
NG_059217.1	810	3	0
NG_055738.1	1313	1	0
NG_055731.1	3250	9	0
NG_055729.1	1390	2	0
NG_055726.1	606	1	0
NG_055724.1	621	6	0
NG_055690.1	3298	9	0
NG_055395.1	3301	13	0
NG_055394.1	3280	637	0
NG_055393.1	3076	23	0
NG_055392.1	3308	10	0
NG_055391.1	3243	13	0
NG_055386.1	599	1	0
NG_055385.1	813	1	0
NG_055383.1	660	1	0
NG_055365.1	3272	6	0
NG_055364.1	3249	6	0
NG_055363.1	3282	29	0
NG_055362.1	3284	30	0
NG_055361.1	3290	21	0
NG_055360.1	3275	47	0
NG_055359.1	3238	7	0
NG_055358.1	3270	10	0
NG_055357.1	3238	8	0
NG_055353.1	4349	8	0
NG_055352.1	3285	17	0
NG_055351.1	4174	29	0
NG_055350.1	4553	21	0
NG_055349.1	4788	51	0
NG_055348.1	3265	33	0
NG_055347.1	3269	40	0
NG_055346.1	3282	27	0
NG_055345.1	3282	12	0
NG_055343.1	4469	16	0
NG_055342.1	3584	274	0
NG_055341.1	4578	266	0
NG_055340.1	3718	341	0
NG_055339.1	3244	115	0
NG_055338.1	3260	113	0
NG_055337.1	3664	10	0
NG_055336.1	3678	16	0
NG_055335.1	3265	76	0
NG_055334.1	3253	16	0
NG_055333.1	3659	11	0
NG_055332.1	4949	23	0
NG_055331.1	3244	5	0
NG_055330.1	3264	4	0
NG_055329.1	3257	20	0
NG_055328.1	3242	44	0
NG_055324.1	3258	15	0
NG_055323.1	3246	14	0
NG_055322.1	3207	31	0
NG_055321.1	3258	75	0
NG_055320.1	3198	7	0
NG_055319.1	3205	15	0
NG_055236.1	521	1	0
NG_055214.1	3242	29	0
NG_055213.1	3241	66	0
NG_055211.1	3223	8	0
NG_055210.1	3242	25	0
NG_055202.1	3279	9	0
NG_055200.1	3260	9	0
NG_055199.1	3257	9	0
NG_055198.1	3257	6	0
NG_055197.1	3257	7	0
NG_055196.1	3231	11	0
NG_055195.1	3227	3	0
NG_055194.1	3225	7	0
NG_055193.1	3277	12	0
NG_055192.1	3278	7	0
NG_055191.1	3259	14	0
NG_055190.1	3270	13	0
NG_055189.1	4208	16	0
NG_055188.1	3269	15	0
NG_055187.1	3262	14	0
NG_055186.1	4439	18	0
NG_055185.1	3292	31	0
NG_055184.1	4689	20	0
NG_055183.1	3249	9	0
NG_055181.1	3663	15	0
NG_055180.1	3038	38	0
NG_055179.1	3231	11	0
NG_055168.1	2138	7	0
NG_055160.1	3278	7	0
NG_055159.1	3273	48	0
NG_055158.1	3282	49	0
NG_055157.1	3242	30	0
NG_055156.1	3243	44	0
NG_055154.1	3178	5	0
NG_055153.1	3180	117	0
NG_055152.1	3235	6	0
NG_055151.1	3237	4	0
NG_055150.1	3233	37	0
NG_055149.1	3181	4	0
NG_055148.1	3210	7	0
NG_055147.1	3187	4	0
NG_055146.1	3191	7	0
NG_055145.1	3229	7	0
NG_055144.1	3234	4	0
NG_055143.1	3234	7	0
NG_055142.1	3232	11	0
NG_055141.1	3211	10	0
NG_055140.1	3227	10	0
NG_055139.1	3226	4	0
NG_055138.1	3237	9	0
NG_055137.1	3230	8	0
NG_055135.1	3191	7	0
NG_055134.1	3232	12	0
NG_055133.1	3242	14	0
NG_055132.1	3238	12	0
NG_055131.1	3229	14	0
NG_055130.1	3258	8	0
NG_055129.1	3263	9	0
NG_055128.1	3209	5	0
NG_055127.1	3214	5	0
NG_055126.1	3270	95	0
NG_055125.1	3197	89	0
NG_055124.1	3321	19	0
NG_055122.1	3218	8	0
NG_055121.1	3218	2	0
NG_055120.1	3219	6	0
NG_055119.1	3220	4	0
NG_055118.1	3231	3	0
NG_055117.1	3208	2	0
NG_055116.1	3240	7	0
NG_055115.1	3233	5	0
NG_055114.1	3234	8	0
NG_055113.1	3252	5	0
NG_055112.1	3197	9	0
NG_055111.1	3199	3	0
NG_055110.1	3197	5	0
NG_055108.1	3166	69	0
NG_055107.1	3195	53	0
NG_055106.1	3199	2	0
NG_055105.1	3199	6	0
NG_055104.1	3231	4	0
NG_055103.1	3169	2	0
NG_055102.1	3166	4	0
NG_055101.1	3159	2	0
NG_055100.1	3162	5	0
NG_055099.1	3160	16	0
NG_055098.1	3098	266	0
NG_055097.1	3158	37	0
NG_055096.1	3157	3	0
NG_055094.1	531	1	0
NG_055063.1	3297	7	0
NG_055048.1	3213	4	0
NG_055036.1	3309	23	0
NG_055033.1	3315	7	0
NG_055032.1	3315	9	0
NG_055031.1	3301	17	0
NG_055030.1	3272	5	0
NG_055029.1	3277	8	0
NG_055028.1	3276	4	0
NG_054868.1	570	2	0
NG_054849.1	561	5	0
NG_054831.1	3230	6	0
NG_054830.1	3198	10	0
NG_054819.1	3183	8	0
NG_054805.1	3284	7	0
NG_054804.1	3284	9	0
NG_054794.1	558	1	0
NG_042775.1	1318	2	0
NG_042774.1	1034	7	0
NG_042747.1	1737	20	0
NG_042711.1	1317	1	0
NG_042710.1	1320	1	0
NG_042706.1	1323	1	0
NG_042703.1	1320	1	0
NG_042695.1	1789	111	0
NG_042694.1	1788	172	0
NG_042693.1	1795	507	0
NG_042692.1	1781	407	0
NG_042682.1	1318	2	0
NG_042674.1	935	1	0
NG_042671.1	1538	2	0
NG_042668.1	1344	2	0
NG_042667.1	1346	1	0
NG_042666.1	1299	2	0
NG_042665.1	1344	3	0
NG_042664.1	1353	3	0
NG_042663.1	885	1	0
NG_042660.1	965	2	0
NG_042649.1	3385	280	0
NG_042648.1	3094	34	0
NG_042647.1	3263	36	0
NG_042646.1	3262	48	0
NG_042645.1	3222	6	0
NG_042644.1	3246	7	0
NG_042643.1	3234	6	0
NG_042642.1	3219	4	0
NG_042641.1	3217	8	0
NG_042640.1	3261	10	0
NG_042639.1	3266	27	0
NG_042638.1	3255	11	0
NG_042637.1	3256	10	0
NG_042636.1	3260	8	0
NG_042635.1	3259	8	0
NG_042634.1	3260	9	0
NG_042633.1	3251	6	0
NG_042632.1	3253	7	0
NG_042631.1	3199	109	0
NG_042630.1	3271	24	0
NG_042629.1	3279	9	0
NG_042628.1	3278	33	0
NG_042627.1	3243	4	0
NG_042626.1	3266	65	0
NG_042625.1	3278	4	0
NG_042624.1	3282	4	0
NG_042623.1	3284	6	0
NG_042622.1	3312	11	0
NG_042621.1	3298	8	0
NG_042611.1	889	3	0
NG_042608.1	1349	17	0
NG_042607.1	1350	11	0
NG_042604.1	1339	1	0
NG_042596.1	1423	2	0
NG_042593.1	894	1	0
NG_042570.1	1429	1	0
NG_042569.1	1429	2	0
NG_042565.1	1356	1	0
NG_042563.1	1428	3	0
NG_042553.1	1424	1	0
NG_042551.1	1047	1	0
NG_042549.1	1429	4	0
NG_042548.1	1428	2	0
NG_042547.1	1429	1	0
NG_042546.1	1030	2	0
NG_042545.1	916	3	0
NG_042544.1	980	2	0
NG_042543.1	1398	1	0
NG_042542.1	1372	1	0
NG_042540.1	1406	1	0
NG_042538.1	1429	3	0
NG_042528.1	3268	16	0
NG_042527.1	2990	37	0
NG_042524.1	3678	70	0
NG_042523.1	1395	386	0
NG_042521.1	1769	254	0
NG_042478.1	1074	1	0
NG_042464.1	1371	303	0
NG_042456.1	885	17	0
NG_042455.1	895	8	0
NG_042454.1	884	5	0
NG_042452.1	947	4	0
NG_042449.1	858	2	0
NG_042448.1	872	12	0
NG_042447.1	855	2	0
NG_042446.1	3238	72	0
NG_042445.1	3211	8	0
NG_042444.1	3212	3	0
NG_042442.1	1400	2	0
NG_042440.1	753	5	0
NG_042439.1	3260	8	0
NG_042438.1	3251	97	0
NG_042437.1	3261	86	0
NG_042436.1	3619	67	0
NG_042435.1	3255	33	0
NG_042434.1	3255	18	0
NG_042433.1	3807	25	0
NG_042432.1	3271	78	0
NG_042431.1	3710	5	0
NG_042430.1	3687	3	0
NG_042429.1	3701	5	0
NG_042428.1	3250	7	0
NG_042427.1	3256	1	0
NG_042426.1	3256	4	0
NG_042425.1	4685	7	0
NG_042424.1	3235	22	0
NG_042423.1	954	1	0
NG_042421.1	962	7	0
NG_042415.1	3162	166	0
NG_042414.1	3334	254	0
NG_042408.1	1370	2	0
NG_042406.1	1813	1	0
NG_042403.1	627	1	0
NG_042400.1	1380	4	0
NG_042397.1	947	1	0
NG_042387.1	764	1	0
NG_042369.1	637	1	0
NG_042367.1	631	3	0
NG_042362.1	624	1	0
NG_042357.1	629	7	0
NG_042355.1	630	8	0
NG_042354.1	632	1	0
NG_042350.1	629	1	0
NG_042349.1	627	2	0
NG_042343.1	604	1	0
NG_042339.1	604	1	0
NG_042335.1	941	2	0
NG_042333.1	1233	1	0
NG_042329.1	1281	1	0
NG_042327.1	1282	1	0
NG_042322.1	1282	3	0
NG_042321.1	1282	1	0
NG_042317.1	627	1	0
NG_027648.1	3459	171	0
NG_027646.1	2771	379	0
NG_027645.1	3237	81	0
NG_027634.1	1184	1	0
NG_027621.1	1394	4	0
NG_027618.1	3799	365	0
NG_027616.1	3270	274	0
NG_027613.1	3188	861	0
NG_027611.1	1394	3	0
NG_027595.1	1409	2	0
NG_027584.1	1388	4	0
NG_027568.1	1157	1	0
NG_027567.1	3255	384	0
NG_027564.1	3237	259	0
NG_027561.1	3189	1202	0
NG_027560.1	4318	236	0
NG_060249.1	3172	410	0
NG_060069.1	3174	96	0
NG_060067.1	984	59	0
NG_059912.1	958	7	0
NG_059518.1	3062	1064	0
NG_059517.1	3072	743	0
NG_059418.1	1128	1	0
NG_060630.1	1399	5	0
NG_027623.1	3134	128	0
NG_060251.1	2970	77	0
NG_060250.1	3180	68	0
NG_060831.1	862	6	0
NG_060805.1	705	2	0
NG_060795.1	1381	1	0
NG_060791.1	1284	1	0
NG_060783.1	595	1	0
NG_060707.1	895	24	0
NG_060705.1	918	2	0
NG_060689.1	1373	7	0
NG_060687.1	1353	1	0
NG_060684.1	1459	2	0
NG_060683.1	845	1	0
NG_060678.1	885	1	0
NG_060677.1	932	2	0
NG_060676.1	860	2	0
NG_060673.1	885	1	0
NG_060671.1	865	1	0
NG_060669.1	896	2	0
NG_060668.1	595	1	0
NG_060665.1	971	1	0
NG_060656.1	959	40	0
NG_060655.1	961	74	0
NG_060654.1	964	35	0
NG_060653.1	901	1	0
NG_060648.1	1329	1	0
NG_060646.1	1338	1	0
NG_060645.1	1359	1	0
NG_060642.1	1319	10	0
NG_060639.1	1148	3	0
NG_060635.1	1354	5	0
NG_060634.1	860	1	0
NG_060633.1	1039	2	0
NG_060632.1	1044	4	0
NG_060625.1	536	1	0
NG_060624.1	1412	1	0
NG_060622.1	557	1	0
NG_060621.1	886	1	0
NG_060427.1	891	76	0
NG_060154.1	1365	1	0
NG_059617.1	823	1	0
NG_060398.1	1295	3	0
NG_060397.1	1242	2	0
NG_059244.1	783	1	0
NG_059226.1	665	4	0
NG_060440.1	1397	3	0
NG_060438.1	1313	1	0
NG_060434.1	1252	1	0
NG_060429.1	1402	2	0
NG_060425.1	1296	2	0
NG_060423.1	1292	1	0
NG_060420.1	2073	5	0
NG_060417.1	1356	1	0
NG_060415.1	870	22	0
NG_060413.1	1355	1	0
NG_060405.1	1451	4	0
NG_060403.1	1308	2	0
NG_060400.1	2969	94	0
NG_060399.1	700	1	0
NG_060395.1	1327	1	0
NG_060391.1	1043	7	0
NG_060390.1	1043	9	0
NG_060388.1	630	58	0
NG_060383.1	865	3	0
NG_060381.1	3260	2	0
NG_060380.1	3253	7	0
NG_060379.1	3075	48	0
NG_060354.1	682	3	0
NG_060351.1	922	1	0
NG_060346.1	1349	2	0
NG_060339.1	910	1	0
NG_060335.1	874	3	0
NG_060329.1	745	2	0
NG_060323.1	964	7	0
NG_060319.1	584	1	0
NG_060318.1	946	1	0
NG_060307.1	863	47	0
NG_060304.1	1397	1	0
NG_060303.1	859	1	0
NG_060298.1	1350	3	0
NG_060297.1	799	3	0
NG_060289.1	553	1	0
NG_060265.1	1039	1	0
NG_060263.1	1097	1	0
NG_060257.1	1538	1	0
NG_060252.1	949	9	0
NG_060239.1	898	1	0
NG_060196.1	682	5	0
NG_060187.1	885	1	0
NG_060178.1	1379	1	0
NG_060175.1	841	2	0
NG_060170.1	1030	5	0
NG_060168.1	880	3	0
NG_060163.1	1393	45	0
NG_060161.1	1355	12	0
NG_060159.1	1795	1	0
NG_060152.1	756	3	0
NG_060149.1	1357	37	0
NG_060147.1	875	4	0
NG_060142.1	974	4	0
NG_060124.1	850	13	0
NG_060117.1	1784	1	0
NG_060115.1	856	2	0
NG_060114.1	1381	9	0
NG_060110.1	874	3	0
NG_060108.1	868	7	0
NG_060102.1	1387	5	0
NG_060101.1	1387	13	0
NG_060100.1	1377	4	0
NG_060097.1	1441	46	0
NG_060096.1	1449	4	0
NG_060095.1	1442	9	0
NG_060081.1	782	2	0
NG_060077.1	760	4	0
NG_060076.1	762	1	0
NG_060075.1	3083	18	0
NG_060074.1	3061	47	0
NG_060073.1	848	2	0
NG_060072.1	886	818	0
NG_060068.1	819	3	0
NG_060060.1	904	1	0
NG_060029.1	590	1	0
NG_060028.1	575	1	0
NG_060024.1	979	2	0
NG_060021.1	918	1	0
NG_060016.1	1315	6	0
NG_060015.1	806	9	0
NG_060014.1	1318	1	0
NG_060013.1	1204	17	0
NG_060012.1	1339	9	0
NG_060009.1	1322	1	0
NG_060003.1	1361	2	0
NG_059996.1	967	2	0
NG_059994.1	1253	2	0
NG_059976.1	872	1	0
NG_059975.1	871	13	0
NG_059974.1	866	39	0
NG_059973.1	654	3	0
NG_059972.1	818	15	0
NG_059971.1	870	3	0
NG_059961.1	1670	4	0
NG_059959.1	1313	2	0
NG_059953.1	628	1	0
NG_059952.1	842	2	0
NG_059948.1	1386	9	0
NG_059945.1	673	1	0
NG_059943.1	500	5	0
NG_059942.1	575	1	0
NG_059938.1	892	5	0
NG_059932.1	1019	1	0
NG_059923.1	1131	1	0
NG_059916.1	3265	5	0
NG_059915.1	3254	18	0
NG_055687.1	552	1	0
NG_055326.1	3221	12	0
NG_059865.1	991	1	0
NG_059855.1	907	2	0
NG_059853.1	897	1	0
NG_059839.1	859	3	0
NG_059810.1	1315	1	0
NG_059808.1	1315	3	0
NG_059804.1	1288	1	0
NG_059788.1	1250	2	0
NG_059740.1	1398	2	0
NG_059721.1	766	1	0
NG_059712.1	825	1	0
NG_059711.1	813	1	0
NG_059709.1	909	1	0
NG_059700.1	849	258	0
NG_059683.1	984	1	0
NG_059675.1	879	1	0
NG_059657.1	896	18	0
NG_059656.1	1322	1	0
NG_059650.1	652	1	0
NG_059631.1	841	1	0
NG_059627.1	845	1	0
NG_059620.1	806	1	0
NG_059605.1	1306	19	0
NG_059584.1	795	2	0
NG_059583.1	812	1	0
NG_059549.1	815	2	0
NG_059548.1	1328	2	0
NG_059538.1	961	2	0
NG_059528.1	866	13	0
NG_059527.1	795	5	0
NG_059524.1	882	11	0
NG_059523.1	913	72	0
NG_059522.1	1328	1	0
NG_059521.1	1064	1	0
NG_059520.1	880	2	0
NG_059506.1	866	29	0
NG_059499.1	1405	2	0
NG_059498.1	852	10	0
NG_059497.1	1803	1	0
NG_059495.1	928	1	0
NG_059480.1	912	2	0
NG_059477.1	847	1	0
NG_059476.1	1298	2	0
NG_059475.1	1339	2	0
NG_059468.1	1374	1	0
NG_059467.1	1376	1	0
NG_059464.1	871	7	0
NG_059454.1	853	2	0
NG_059452.1	811	1	0
NG_059450.1	913	1	0
NG_059443.1	1369	1	0
NG_059442.1	1335	5	0
NG_059441.1	650	1	0
NG_059434.1	1398	3	0
NG_059432.1	921	3	0
NG_059417.1	698	5	0
NG_059406.1	1304	1	0
NG_059405.1	1366	1	0
NG_059400.1	1309	1	0
NG_059399.1	1308	1	0
NG_059395.1	1311	1	0
NG_059394.1	1289	1	0
NG_059393.1	1289	1	0
NG_059388.1	605	1	0
NG_056285.1	1400	2	0
NG_055327.1	3211	61	0
NG_055325.1	3224	35	0
NG_055172.1	521	1	0
NG_059268.1	1371	2	0
NG_059266.1	889	3	0
NG_059263.1	836	4	0
NG_059257.1	817	5	0
NG_059254.1	874	1	0
NG_059245.1	851	1	0
NG_059218.1	859	3	0
NG_059211.1	942	1	0
NG_059204.1	1650	2	0
NG_059202.1	890	3	0
NG_059200.1	1320	1	0
NG_059199.1	1772	3	0
NG_059194.1	1306	1	0
NG_059193.1	1127	5	0
NG_059192.1	1356	6	0
NG_059190.1	601	1	0
NG_059170.1	829	2	0
NG_059167.1	836	8	0
NG_059158.1	795	12	0
NG_059157.1	929	1	0
NG_059156.1	963	1	0
NG_059155.1	929	3	0
NG_059154.1	655	1	0
NG_059153.1	935	5	0
NG_059138.1	799	1	0
NG_059131.1	1319	1	0
NG_059112.1	1320	13	0
NG_059106.1	1150	1	0
NG_059094.1	918	3	0
NG_059093.1	917	5	0
NG_059092.1	695	4	0
NG_059082.1	685	6	0
NG_059081.1	674	6	0
NG_059080.1	1326	3	0
NG_059076.1	3295	78	0
NG_059075.1	777	2	0
NG_059061.1	1289	1	0
NG_059060.1	556	1	0
NG_059034.1	1315	1	0
NG_059032.1	1307	1	0
NG_059029.1	819	1	0
NG_059026.1	985	18	0
NG_059022.1	924	1	0
NG_059010.1	937	1	0
NG_059009.1	924	1	0
NG_058990.1	938	4	0
NG_058981.1	837	2	0
NG_058979.1	582	1	0
NG_058973.1	1178	2	0
NG_058969.1	1137	1	0
NG_058957.1	863	2	0
NG_058951.1	1314	10	0
NG_058950.1	1305	7	0
NG_058925.1	900	1	0
NG_058912.1	776	1	0
NG_058909.1	1350	1	0
NG_058908.1	2165	4	0
NG_058876.1	849	2	0
NG_058871.1	861	214	0
NG_058870.1	954	1	0
NG_058847.1	1377	1	0
NG_058845.1	1372	4	0
NG_058837.1	943	2	0
NG_058822.1	938	1	0
NG_058820.1	931	1	0
NG_058817.1	1081	1	0
NG_058816.1	1274	1	0
NG_058813.1	715	2	0
NG_058811.1	712	1	0
NG_058807.1	787	1	0
NG_058805.1	966	1	0
NG_058804.1	952	1	0
NG_058782.1	3290	109	0
NG_058779.1	636	1	0
NG_058776.1	1407	2	0
NG_058765.1	1350	3	0
NG_058762.1	1315	2	0
NG_058757.1	886	1	0
NG_058755.1	3255	7	0
NG_058754.1	3255	13	0
NG_058753.1	3262	7	0
NG_058752.1	3250	8	0
NG_058751.1	3250	8	0
NG_058750.1	3254	8	0
NG_058749.1	3258	6	0
NG_058748.1	3257	10	0
NG_058747.1	3273	7	0
NG_058746.1	1459	6	0
NG_058743.1	993	23	0
NG_058742.1	1427	2	0
NG_058737.1	601	1	0
NG_058715.1	1268	1	0
NG_058707.1	926	3	0
NG_058701.1	684	10	0
NG_058691.1	820	1	0
NG_058686.1	1665	1	0
NG_058685.1	1718	1	0
NG_058682.1	847	2	0
NG_058680.1	951	26	0
NG_058679.1	759	2	0
NG_058677.1	1329	6	0
NG_058676.1	1321	1	0
NG_058675.1	1306	2	0
NG_058674.1	1824	2	0
NG_058673.1	1776	6	0
NG_058662.1	889	1	0
NG_058656.1	1182	20	0
NG_058654.1	1029	1	0
NG_058643.1	1086	5	0
NG_058639.1	943	1	0
NG_058630.1	3329	40	0
NG_058629.1	3261	43	0
NG_058628.1	3336	7	0
NG_058627.1	1012	38	0
NG_058624.1	1179	1	0
NG_058623.1	1412	4	0
NG_058617.1	616	3	0
NG_058614.1	624	2	0
NG_058609.1	648	1	0
NG_058606.1	1385	9	0
NG_058604.1	799	39	0
NG_058602.1	845	1	0
NG_058600.1	1104	1	0
NG_058597.1	1342	88	0
NG_058595.1	842	1	0
NG_058587.1	871	3	0
NG_058585.1	882	4	0
NG_058582.1	731	11	0
NG_058581.1	1338	4	0
NG_058580.1	1339	1	0
NG_058579.1	1341	8	0
NG_058578.1	1015	2	0
NG_058573.1	885	36	0
NG_058568.1	908	8	0
NG_058565.1	1492	3	0
NG_058562.1	698	2	0
NG_058561.1	698	2	0
NG_058560.1	702	9	0
NG_058556.1	810	4	0
NG_058552.1	690	1	0
NG_058551.1	709	1	0
NG_058548.1	1425	1	0
NG_058542.1	1413	1	0
NG_058475.1	1289	2	0
NG_058474.1	849	1	0
NG_058444.1	543	3	0
NG_058437.1	605	1	0
NG_058432.1	931	2	0
NG_058431.1	917	3	0
NG_058423.1	877	1	0
NG_058417.1	930	1	0
NG_058403.1	978	2	0
NG_058384.1	564	1	0
NG_058381.1	655	4	0
NG_058369.1	660	1	0
NG_058345.1	680	2	0
NG_058335.1	655	3	0
NG_058334.1	656	1	0
NG_058327.1	934	1	0
NG_058326.1	932	1	0
NG_058317.1	930	1	0
NG_058307.1	937	1	0
NG_058304.1	933	1	0
NG_058299.1	761	1	0
NG_058294.1	660	1	0
NG_058291.1	668	1	0
NG_058287.1	930	17	0
NG_058286.1	810	18	0
NG_058285.1	657	1	0
NG_058284.1	930	1	0
NG_058283.1	933	2	0
NG_058266.1	874	1	0
NG_058262.1	1940	11	0
NG_058261.1	1324	1	0
NG_058243.1	785	1	0
NG_058229.1	827	2	0
NG_058228.1	827	5	0
NG_058225.1	824	1	0
NG_058203.1	1826	13	0
NG_058198.1	1205	7	0
NG_058197.1	1833	2	0
NG_058157.1	1350	14	0
NG_058156.1	1350	12	0
NG_058154.1	894	1	0
NG_058131.1	898	1	0
NG_058048.1	877	1	0
NG_058041.1	894	9	0
NG_058038.1	1830	7	0
NG_058037.1	1067	1	0
NG_058036.1	1069	10	0
NG_058035.1	1067	4	0
NG_058034.1	1067	6	0
NG_058033.1	1067	11	0
NG_058032.1	1066	12	0
NG_058031.1	1067	1	0
NG_058030.1	1368	2	0
NG_058028.1	1843	4	0
NG_058027.1	932	1	0
NG_058022.1	1004	1	0
NG_058016.1	1324	4	0
NG_058012.1	1343	18	0
NG_057975.1	625	1	0
NG_057974.1	988	1	0
NG_057971.1	1434	3	0
NG_057970.1	1432	2	0
NG_057961.1	811	1	0
NG_057955.1	882	8	0
NG_057952.1	998	2	0
NG_057951.1	1182	1	0
NG_057950.1	1101	1	0
NG_057949.1	935	1	0
NG_057946.1	977	2	0
NG_057938.1	704	1	0
NG_057937.1	659	2	0
NG_057935.1	712	4	0
NG_057932.1	693	1	0
NG_057930.1	677	2	0
NG_057928.1	692	1	0
NG_057910.1	954	582	0
NG_057901.1	1430	4	0
NG_057897.1	1429	2	0
NG_057895.1	1429	2	0
NG_057892.1	883	5	0
NG_057890.1	932	4	0
NG_057884.1	913	4	0
NG_057883.1	891	2	0
NG_057880.1	588	24	0
NG_057879.1	586	93	0
NG_057870.1	676	4	0
NG_057869.1	657	2	0
NG_057857.1	866	2	0
NG_057855.1	3279	109	0
NG_057854.1	4009	63	0
NG_057848.1	3299	167	0
NG_057845.1	1182	1	0
NG_057834.1	1335	1	0
NG_057827.1	1038	1	0
NG_057822.1	566	112	0
NG_057819.1	1011	8	0
NG_057812.1	1357	5	0
NG_057808.1	1338	1	0
NG_057807.1	1389	2	0
NG_057806.1	1378	1	0
NG_057801.1	1327	2	0
NG_057798.1	1329	1	0
NG_057793.1	888	1	0
NG_057783.1	935	25	0
NG_057777.1	3283	76	0
NG_057774.1	3286	729	0
NG_057772.1	3296	69	0
NG_057771.1	1720	98	0
NG_057761.1	535	1	0
NG_057760.1	669	5	0
NG_057754.1	1244	1	0
NG_057749.1	1093	132	0
NG_057748.1	1091	35	0
NG_057747.1	883	6	0
NG_057741.1	832	7	0
NG_057733.1	1441	1	0
NG_057732.1	1432	2	0
NG_057731.1	1385	1	0
NG_057729.1	1413	18	0
NG_057723.1	593	10	0
NG_057720.1	801	9	0
NG_057664.1	624	1	0
NG_057662.1	627	29	0
NG_057648.1	625	1	0
NG_057647.1	627	1	0
NG_057641.1	558	1	0
NG_057640.1	623	3	0
NG_057635.1	596	1	0
NG_057311.1	1096	7	0
NG_057288.1	677	2	0
NG_057273.1	1429	1	0
NG_057270.1	1434	57	0
NG_057268.1	1424	4	0
NG_057267.1	1395	1	0
NG_057264.1	1360	1	0
NG_057257.1	1429	1	0
NG_057255.1	1384	1	0
NG_057249.1	1389	10	0
NG_057247.1	1403	1	0
NG_057245.1	1436	1	0
NG_057238.1	1442	2	0
NG_057234.1	1389	1	0
NG_057233.1	690	4	0
NG_057230.1	937	2	0
NG_057225.1	1381	3	0
NG_057220.1	1312	1	0
NG_057219.1	1363	5	0
NG_057214.1	1385	2	0
NG_057210.1	1421	133	0
NG_057207.1	929	1	0
NG_057205.1	1387	2	0
NG_057203.1	1425	1	0
NG_057202.1	1385	1	0
NG_057201.1	1354	1	0
NG_057195.1	1432	1	0
NG_057193.1	1442	3	0
NG_057190.1	1430	4	0
NG_057178.1	3253	7	0
NG_057177.1	3253	11	0
NG_057176.1	3254	3	0
NG_057175.1	3254	2	0
NG_057174.1	3258	3	0
NG_057173.1	3254	5	0
NG_057172.1	3250	7	0
NG_057171.1	3249	2	0
NG_057170.1	3251	11	0
NG_057169.1	3256	8	0
NG_057168.1	3253	9	0
NG_057167.1	3255	5	0
NG_057166.1	3259	7	0
NG_057165.1	3261	5	0
NG_057164.1	3255	6	0
NG_057163.1	3282	9	0
NG_057162.1	3299	5	0
NG_057161.1	3264	3	0
NG_057159.1	3267	6	0
NG_057158.1	3273	4	0
NG_057139.1	1283	1	0
NG_057133.1	1121	1	0
NG_057119.1	1303	1	0
NG_057117.1	880	1	0
NG_057112.1	880	4	0
NG_057098.1	1344	3	0
NG_057097.1	1946	1	0
NG_057095.1	1829	1	0
NG_057094.1	837	38	0
NG_057082.1	1348	2	0
NG_057081.1	1832	1	0
NG_057072.1	839	4	0
NG_057066.1	1374	16	0
NG_057065.1	1388	4	0
NG_057061.1	1442	45	0
NG_057059.1	909	1	0
NG_057058.1	1382	4	0
NG_057044.1	751	1	0
NG_057043.1	1392	1	0
NG_057042.1	968	1	0
NG_057033.1	794	2	0
NG_057032.1	858	1	0
NG_057029.1	915	1	0
NG_057020.1	1309	422	0
NG_057015.1	1389	8	0
NG_056996.1	924	1	0
NG_056975.1	1487	1	0
NG_056969.1	1348	2	0
NG_056968.1	3289	91	0
NG_056959.1	1326	2	0
NG_056951.1	571	1	0
NG_056938.1	845	10	0
NG_056937.1	1305	1	0
NG_056289.1	830	1	0
NG_056281.1	1071	7	0
NG_056278.1	3263	114	0
NG_056269.1	628	1	0
NG_056267.1	1283	1	0
NG_042485.1	583	1	0
NG_055229.1	587	1	0
NG_042761.1	1797	9	0
NG_042443.1	949	4	0
