NG_087917.1	1053	1	0
NG_087916.1	1047	1	0
NG_087911.1	1007	1	0
NG_087910.1	1026	28	0
NG_087909.1	1029	37	0
NG_087908.1	935	3	0
NG_087907.1	1001	14	0
NG_087906.1	1013	6	0
NG_087901.1	1695	1	0
NG_087900.1	1679	2	0
NG_087899.1	1670	1	0
NG_087898.1	1686	3	0
NG_087897.1	1694	1	0
NG_087895.1	1693	1	0
NG_087894.1	2070	1	0
NG_087893.1	1030	3	0
NG_087891.1	1084	3	0
NG_087890.1	1084	3	0
NG_087889.1	1084	5	0
NG_087887.1	1084	6	0
NG_087886.1	1071	1	0
NG_087884.1	1084	5	0
NG_087883.1	1255	24	0
NG_087880.1	1041	3	0
NG_087874.1	1971	2	0
NG_087873.1	998	1	0
NG_087871.1	1009	4	0
NG_087870.1	1009	12	0
NG_087869.1	1009	16	0
NG_087868.1	1006	10	0
NG_087866.1	1044	1	0
NG_087864.1	1039	2	0
NG_087861.1	1077	1	0
NG_087859.1	1602	3	0
NG_087858.1	1627	2	0
NG_064877.1	1700	3	0
NG_065154.1	1699	2	0
NG_063049.1	1651	2	0
NG_062998.1	1712	1	0
NG_062997.1	1699	1	0
NG_062994.1	1686	1	0
NG_062991.1	1463	1	0
NG_062989.1	1463	1	0
NG_062988.1	1463	1	0
NG_062986.1	1463	1	0
NG_062602.1	1686	1	0
NG_061019.1	1738	2	0
NG_081431.1	1136	20	0
NG_081430.1	1135	14	0
NG_081429.1	1127	15	0
NG_081427.1	1128	3	0
NG_081424.1	1013	575	0
NG_081423.1	749	20	0
NG_081420.1	1028	9	0
NG_081419.1	1029	13	0
NG_081418.1	1018	9	0
NG_081417.1	1029	10	0
NG_081416.1	1027	19	0
NG_081412.1	1098	3	0
NG_081411.1	1071	2	0
NG_081410.1	1093	2	0
NG_081409.1	1134	2	0
NG_081404.1	1048	17	0
NG_081403.1	1023	6	0
NG_081401.1	1054	1	0
NG_081398.1	1028	2	0
NG_081397.1	1325	1	0
NG_081396.1	1664	1	0
NG_081394.1	1001	3	0
NG_081384.1	1046	1	0
NG_081383.1	1014	1	0
NG_081380.1	1645	270	0
NG_081378.1	1491	3	0
NG_081377.1	1653	2	0
NG_081376.1	1730	1	0
NG_081375.1	1723	2	0
NG_081374.1	1776	1	0
NG_081373.1	1020	2	0
NG_081372.1	1601	3	0
NG_081366.1	1736	72	0
NG_081364.1	1737	923	0
NG_065067.1	1010	16	0
NG_065066.1	1009	17	0
NG_064993.1	1712	8	0
NG_067668.1	1106	4	0
NG_067667.1	1106	6	0
NG_078770.1	1106	6	0
NG_078764.1	1018	1	0
NG_078757.1	1647	4	0
NG_078756.1	1595	7	0
NG_078755.1	1607	7	0
NG_078750.1	1648	3	0
NG_078749.1	1074	3	0
NG_078748.1	968	1	0
NG_078744.1	1010	1	0
NG_078743.1	1010	1	0
NG_078742.1	1006	1	0
NG_078741.1	1765	43	0
NG_078738.1	1008	1	0
NG_078737.1	1007	3	0
NG_078736.1	894	3	0
NG_078735.1	1008	3	0
NG_078734.1	1008	5	0
NG_078733.1	1008	4	0
NG_078732.1	1008	7	0
NG_078730.1	1727	1	0
NG_078728.1	1733	4	0
NG_078727.1	1690	2	0
NG_078725.1	1780	1	0
NG_078724.1	1782	14	0
NG_078723.1	1782	9	0
NG_077396.1	1775	7	0
NG_070125.1	945	3	0
NG_065760.1	1020	2	0
NG_064964.1	1091	1	0
NG_064823.1	1723	1	0
NG_064822.1	1723	2	0
NG_062617.1	1723	1	0
NG_065099.1	1008	2	0
NG_062621.1	1757	2	0
NG_077449.1	1006	1	0
NG_077448.1	1128	7	0
NG_077447.1	1100	13	0
NG_077445.1	1001	3	0
NG_077444.1	1008	1	0
NG_077443.1	1000	1	0
NG_077442.1	985	1	0
NG_077440.1	996	1	0
NG_077437.1	1009	2	0
NG_077433.1	1262	7	0
NG_077432.1	1658	4	0
NG_077431.1	1177	6	0
NG_077430.1	1014	2	0
NG_077428.1	1030	1	0
NG_077427.1	1038	2	0
NG_077426.1	1029	1	0
NG_077425.1	1022	1	0
NG_077424.1	1032	1	0
NG_077419.1	1049	2	0
NG_077418.1	1005	1	0
NG_077414.1	1012	1	0
NG_077411.1	1049	1	0
NG_077409.1	1051	1	0
NG_077406.1	1594	6	0
NG_077405.1	1552	1	0
NG_077404.1	1718	1	0
NG_077400.1	1577	5	0
NG_077399.1	1072	1	0
NG_077397.1	2045	5	0
NG_070848.1	1732	1	0
NG_063512.1	1750	1	0
NG_063443.1	1763	11	0
NG_063441.1	1763	9	0
NG_065501.1	1787	277	0
NG_063416.1	1782	2	0
NG_061244.1	1005	1	0
NG_076800.1	1010	1	0
NG_076797.1	1014	1	0
NG_076794.1	1012	1	0
NG_076779.1	1011	13	0
NG_076767.1	1012	3	0
NG_076766.1	1013	2	0
NG_076764.1	1010	1	0
NG_076762.1	1011	1	0
NG_076754.1	990	1	0
NG_076753.1	791	1	0
NG_070656.1	998	1	0
NG_065542.1	1724	17	0
NG_063582.1	705	1	0
NG_063010.1	1463	1	0
NG_062996.1	1715	1	0
NG_062990.1	1463	1	0
NG_062713.1	1696	1	0
NG_062663.1	2451	1	0
NG_062429.1	961	1	0
NG_062372.1	1729	2	0
NG_062113.1	1005	1	0
NG_017171.1	1771	77	0
NG_074971.1	1020	1	0
NG_074968.1	1102	5	0
NG_074966.1	1556	1	0
NG_074963.1	1017	1	0
NG_074961.1	1025	13	0
NG_074959.1	2668	1	0
NG_074958.1	2084	2	0
NG_074957.1	991	9	0
NG_074954.1	1678	22	0
NG_074952.1	1034	1	0
NG_074951.1	1016	1	0
NG_074943.1	1012	1	0
NG_074939.1	1699	1	0
NG_074937.1	1013	1	0
NG_074933.1	1366	1	0
NG_074932.1	1012	1	0
NG_074931.1	988	1	0
NG_074926.1	1392	1	0
NG_074924.1	1011	1	0
NG_074922.1	1423	1	0
NG_074921.1	1359	2	0
NG_074919.1	1012	10	0
NG_074914.1	1670	3	0
NG_074913.1	1669	4	0
NG_074912.1	1004	1	0
NG_074908.1	1046	32	0
NG_074905.1	1607	2	0
NG_074904.1	1626	3	0
NG_074900.1	985	4	0
NG_074898.1	1028	1	0
NG_074882.1	838	2	0
NG_074880.1	1024	1	0
NG_074878.1	1774	4	0
NG_070879.1	1266	4	0
NG_062659.1	1720	3	0
NG_064992.1	1183	41	0
NG_062795.1	1085	8	0
NG_073571.1	1084	2	0
NG_073570.1	1088	3	0
NG_073569.1	1084	12	0
NG_073565.1	1673	4	0
NG_073564.1	1714	1	0
NG_073562.1	1651	1	0
NG_073561.1	1179	6	0
NG_073556.1	997	1	0
NG_073549.1	991	1	0
NG_073546.1	1005	2	0
NG_073541.1	753	109	0
NG_073540.1	1054	1	0
NG_073539.1	946	2	0
NG_073537.1	1024	1	0
NG_073536.1	1307	1	0
NG_073521.1	1654	2	0
NG_073520.1	1657	6	0
NG_073514.1	1028	3	0
NG_073510.1	1001	4	0
NG_073498.1	1737	2	0
NG_073497.1	1589	2	0
NG_073494.1	1106	1	0
NG_073493.1	1771	2	0
NG_063584.1	1006	1	0
NG_062166.1	1714	2	0
NG_065069.1	1009	3	0
NG_070913.1	923	1	0
NG_070912.1	923	1	0
NG_070910.1	1672	1	0
NG_070906.1	551	2	0
NG_070905.1	551	1	0
NG_070902.1	1642	1	0
NG_070901.1	1730	3	0
NG_070276.1	996	2	0
NG_070271.1	998	1	0
NG_070269.1	996	4	0
NG_070268.1	998	3	0
NG_070267.1	998	1	0
NG_070265.1	996	3	0
NG_070263.1	997	4	0
NG_070262.1	997	3	0
NG_070261.1	997	4	0
NG_070257.1	996	5	0
NG_070255.1	996	3	0
NG_070254.1	996	3	0
NG_070250.1	995	1	0
NG_070247.1	996	3	0
NG_070246.1	996	4	0
NG_070242.1	996	3	0
NG_070882.1	1802	12	0
NG_070881.1	1781	32	0
NG_070878.1	1761	129	0
NG_070877.1	1964	11	0
NG_070876.1	1063	1	0
NG_070875.1	1792	452	0
NG_070874.1	1766	33	0
NG_070869.1	1108	1	0
NG_070868.1	1801	9	0
NG_070867.1	1810	10	0
NG_070866.1	2272	180	0
NG_070865.1	1810	9	0
NG_070864.1	1085	3	0
NG_070862.1	2650	17	0
NG_070859.1	1030	1	0
NG_070857.1	1119	5	0
NG_070856.1	1708	2	0
NG_070855.1	1782	1	0
NG_070853.1	2071	6	0
NG_070852.1	1748	1	0
NG_070851.1	1748	1	0
NG_070850.1	1849	422	0
NG_070849.1	1741	18	0
NG_070847.1	1780	1	0
NG_070863.1	1771	4	0
NG_070808.1	1738	5	0
NG_070807.1	1686	5	0
NG_070806.1	1771	23	0
NG_070805.1	1771	15	0
NG_070804.1	1788	15	0
NG_070803.1	1787	20	0
NG_070802.1	1783	2	0
NG_070801.1	1776	10	0
NG_070800.1	1756	4	0
NG_070798.1	1357	15	0
NG_070797.1	1774	42	0
NG_070796.1	1099	1	0
NG_070795.1	1696	15	0
NG_070794.1	1241	20	0
NG_070791.1	1787	9	0
NG_070790.1	1802	26	0
NG_070788.1	1748	2	0
NG_070787.1	1788	2	0
NG_065605.1	1377	1	0
NG_070697.1	1839	423	0
NG_070695.1	1592	64	0
NG_070694.1	1667	75	0
NG_070693.1	1698	58	0
NG_070692.1	1170	15	0
NG_070691.1	1731	92	0
NG_070690.1	1757	25	0
NG_070687.1	1770	75	0
NG_070686.1	1776	1	0
NG_070685.1	1760	17	0
NG_070676.1	918	6	0
NG_070672.1	951	1	0
NG_070641.1	1667	2	0
NG_070639.1	996	1	0
NG_070638.1	1772	163	0
NG_070635.1	1741	57	0
NG_062677.1	1683	3	0
NG_070346.1	1023	1	0
NG_070344.1	1009	1	0
NG_070343.1	1076	1	0
NG_070341.1	998	1	0
NG_070338.1	1040	1	0
NG_070335.1	1002	1	0
NG_070331.1	1005	1	0
NG_070328.1	1012	1	0
NG_070325.1	1029	1	0
NG_070323.1	1634	1	0
NG_070315.1	1032	11	0
NG_070313.1	1060	1	0
NG_070310.1	1640	12	0
NG_070309.1	1791	1	0
NG_070308.1	1640	2	0
NG_070307.1	1637	12	0
NG_070306.1	1641	5	0
NG_070305.1	1640	4	0
NG_070304.1	1640	4	0
NG_070303.1	1641	11	0
NG_070302.1	1640	1	0
NG_070297.1	1024	1	0
NG_070295.1	1002	2	0
NG_070294.1	1721	14	0
NG_070292.1	1105	3	0
NG_070289.1	1106	1	0
NG_070288.1	1106	1	0
NG_070287.1	1713	64	0
NG_070284.1	767	6	0
NG_070283.1	1664	22	0
NG_070282.1	1719	31	0
NG_070281.1	1809	18	0
NG_070280.1	1573	8	0
NG_070279.1	1765	3	0
NG_070278.1	996	10	0
NG_070277.1	996	10	0
NG_070272.1	996	3	0
NG_070266.1	995	5	0
NG_070258.1	996	4	0
NG_070256.1	996	2	0
NG_070253.1	997	4	0
NG_070252.1	996	2	0
NG_070251.1	996	1	0
NG_070249.1	996	2	0
NG_070248.1	996	4	0
NG_070245.1	996	4	0
NG_070244.1	997	3	0
NG_070243.1	996	2	0
NG_070241.1	993	2	0
NG_070240.1	996	4	0
NG_070239.1	551	1	0
NG_070238.1	1058	9	0
NG_070234.1	1628	2	0
NG_070233.1	1782	7	0
NG_070232.1	503	2	0
NG_064913.1	1922	1	0
NG_062819.1	1731	2	0
NG_070172.1	996	1	0
NG_070167.1	998	1	0
NG_070161.1	1004	1	0
NG_070151.1	1000	2	0
NG_070134.1	1034	2	0
NG_070133.1	1031	3	0
NG_070132.1	741	4	0
NG_070131.1	1132	22	0
NG_070130.1	1126	20	0
NG_070129.1	1133	16	0
NG_070124.1	960	2	0
NG_070123.1	1327	2	0
NG_070122.1	986	1	0
NG_070120.1	1014	1	0
NG_070117.1	1663	35	0
NG_070116.1	1038	1	0
NG_070115.1	1106	2	0
NG_070114.1	1011	1	0
NG_070113.1	1341	1	0
NG_070110.1	1650	2	0
NG_070106.1	1115	1	0
NG_070101.1	1615	2	0
NG_070104.1	1116	1	0
NG_070103.1	1116	1	0
NG_064857.1	2250	8	0
NG_063648.1	971	1	0
NG_063521.1	1753	1	0
NG_068419.1	1046	3	0
NG_068399.1	1050	1	0
NG_068378.1	1009	1	0
NG_068374.1	1018	2	0
NG_068371.1	1388	1	0
NG_068360.1	1739	224	0
NG_068421.1	1106	1	0
NG_068415.1	1016	3	0
NG_068414.1	1690	2	0
NG_068412.1	1046	2	0
NG_068407.1	1030	1	0
NG_068395.1	977	1	0
NG_068387.1	1009	9	0
NG_068384.1	960	2	0
NG_065591.1	1728	5	0
NG_065590.1	1705	2	0
NG_062857.1	1663	16	0
NG_062642.1	1710	1	0
NG_067726.1	1040	2	0
NG_067720.1	1042	1	0
NG_067717.1	1548	1	0
NG_067716.1	1067	1	0
NG_067713.1	1079	1	0
NG_067705.1	1774	29	0
NG_067704.1	1773	213	0
NG_067696.1	1113	2	0
NG_067690.1	1616	1	0
NG_067677.1	1018	1	0
NG_067676.1	981	1	0
NG_067673.1	1744	1	0
NG_067669.1	1107	189	0
NG_067666.1	1025	10	0
NG_067665.1	1025	13	0
NG_067663.1	1667	1	0
NG_067657.1	1439	1	0
NG_067655.1	1458	1	0
NG_067648.1	1691	2	0
NG_067647.1	1691	1	0
NG_067631.1	1597	3	0
NG_067630.1	1668	1	0
NG_067629.1	1294	1	0
NG_067627.1	1710	2	0
NG_067624.1	1722	8	0
NG_063686.1	1066	1	0
NG_062957.1	1655	2	0
NG_065473.1	1711	2	0
NG_065481.1	1679	1	0
NG_065480.1	1657	2	0
NG_065477.1	1698	2	0
NG_063428.1	1721	1	0
NG_061036.1	1735	3	0
NG_065801.1	1017	1	0
NG_065790.1	1144	1	0
NG_065777.1	1023	1	0
NG_065775.1	1143	1	0
NG_065765.1	1025	3	0
NG_065762.1	2028	1	0
NG_065761.1	1019	7	0
NG_065759.1	987	2	0
NG_065756.1	1032	1	0
NG_065749.1	1086	1	0
NG_065746.1	1074	2	0
NG_065744.1	1073	1	0
NG_065743.1	1023	1	0
NG_065737.1	1035	1	0
NG_065732.1	1025	18	0
NG_065729.1	1031	1	0
NG_065722.1	1897	2	0
NG_065719.1	1027	1	0
NG_065717.1	744	31	0
NG_065715.1	1027	1	0
NG_065714.1	1039	1	0
NG_065712.1	888	1	0
NG_065707.1	1715	14	0
NG_065706.1	1565	71	0
NG_065699.1	1025	4	0
NG_065698.1	1601	1	0
NG_065695.1	1007	2	0
NG_065694.1	1011	2	0
NG_065693.1	1247	2	0
NG_065692.1	2071	9	0
NG_065691.1	1608	1	0
NG_065685.1	1930	1	0
NG_065684.1	1891	1	0
NG_065683.1	1398	1	0
NG_065682.1	1021	3	0
NG_065679.1	806	16	0
NG_065677.1	999	1	0
NG_065676.1	999	10	0
NG_065674.1	1629	1	0
NG_065673.1	1629	1	0
NG_065672.1	1629	2	0
NG_065671.1	1613	2	0
NG_065670.1	1629	3	0
NG_065668.1	1013	1	0
NG_065666.1	1639	2	0
NG_065663.1	1577	1	0
NG_065661.1	2203	8	0
NG_065659.1	1675	16	0
NG_065655.1	1049	1	0
NG_065653.1	1106	1	0
NG_065652.1	1106	7	0
NG_065651.1	1566	20	0
NG_065650.1	1595	19	0
NG_065648.1	1055	2	0
NG_065647.1	1057	1	0
NG_065644.1	1097	18	0
NG_065641.1	1701	1	0
NG_065634.1	995	1	0
NG_065633.1	996	1	0
NG_065631.1	1596	2	0
NG_065630.1	1602	9	0
NG_065627.1	742	2	0
NG_065625.1	1589	1	0
NG_065624.1	1744	3	0
NG_065623.1	1118	11	0
NG_065622.1	1613	1	0
NG_065620.1	1109	1	0
NG_065618.1	1688	1	0
NG_065614.1	1582	2	0
NG_065613.1	1578	1	0
NG_065610.1	1574	1	0
NG_065606.1	1491	7	0
NG_065604.1	1774	5	0
NG_065602.1	1700	7	0
NG_065601.1	1755	10	0
NG_065600.1	1131	2	0
NG_065598.1	1356	2	0
NG_065597.1	1746	1	0
NG_065596.1	1719	8	0
NG_065595.1	1703	1	0
NG_065594.1	1732	1	0
NG_065589.1	1753	87	0
NG_065585.1	1715	1	0
NG_065583.1	1772	3	0
NG_065577.1	1728	2	0
NG_065575.1	1589	5	0
NG_065574.1	1602	1	0
NG_065573.1	2009	4	0
NG_065566.1	2245	2	0
NG_065564.1	1674	1	0
NG_065559.1	1078	8	0
NG_065555.1	1781	1	0
NG_065553.1	1028	3	0
NG_065550.1	1654	2	0
NG_065548.1	1538	5	0
NG_065547.1	1538	2	0
NG_065546.1	1719	1	0
NG_065539.1	1030	4	0
NG_065538.1	1770	2	0
NG_065536.1	2306	2	0
NG_065534.1	1698	6	0
NG_065532.1	1722	14	0
NG_065531.1	1707	2	0
NG_065530.1	1705	2	0
NG_065529.1	1687	2	0
NG_065528.1	1699	3	0
NG_065526.1	1687	4	0
NG_065525.1	1707	5	0
NG_065522.1	1666	1	0
NG_065521.1	1700	1	0
NG_065518.1	1661	1	0
NG_065517.1	1658	3	0
NG_065516.1	1661	1	0
NG_065515.1	1661	1	0
NG_065503.1	1756	4	0
NG_065502.1	1669	6	0
NG_065500.1	1766	7	0
NG_065499.1	942	1	0
NG_065498.1	1760	1	0
NG_065497.1	1787	2	0
NG_065496.1	1784	2	0
NG_065495.1	1732	3	0
NG_065493.1	1731	3	0
NG_065491.1	1654	4	0
NG_065490.1	1712	6	0
NG_065489.1	1715	5	0
NG_065488.1	1721	2	0
NG_065486.1	1781	2	0
NG_065485.1	1758	1	0
NG_065484.1	1706	8	0
NG_065483.1	1754	1	0
NG_065482.1	1683	1	0
NG_065478.1	1708	13	0
NG_065476.1	1687	2	0
NG_065475.1	1724	2	0
NG_065468.1	1748	5	0
NG_065467.1	1745	1	0
NG_065466.1	1740	3	0
NG_065465.1	1594	1	0
NG_065464.1	1750	3	0
NG_065463.1	1596	5	0
NG_016504.1	1014	1	0
NG_013120.1	1647	5	0
NG_063460.1	1781	7	0
NG_065159.1	1771	1	0
NG_065157.1	1804	2	0
NG_065156.1	1806	3	0
NG_065155.1	1801	3	0
NG_065153.1	1756	3	0
NG_065133.1	920	1	0
NG_065131.1	1665	1	0
NG_065114.1	983	2	0
NG_065098.1	1006	14	0
NG_065097.1	1023	1	0
NG_065095.1	1016	1	0
NG_065088.1	872	1	0
NG_065087.1	1060	1	0
NG_065085.1	901	1	0
NG_065084.1	911	1	0
NG_065080.1	1708	27	0
NG_065076.1	1044	1	0
NG_065073.1	1037	1	0
NG_065070.1	1644	1	0
NG_065065.1	1025	5	0
NG_065064.1	1700	5	0
NG_065063.1	1700	5	0
NG_065062.1	1544	1	0
NG_065057.1	1652	190	0
NG_065056.1	960	1	0
NG_065053.1	1179	2	0
NG_065052.1	963	2	0
NG_065050.1	1178	1	0
NG_065049.1	1179	1	0
NG_065047.1	1179	3	0
NG_065044.1	1582	1	0
NG_065042.1	1614	95	0
NG_065038.1	1117	2	0
NG_065037.1	1713	10	0
NG_065021.1	1033	2	0
NG_065020.1	1718	2	0
NG_065018.1	1029	2	0
NG_065017.1	1189	1	0
NG_065012.1	1667	1	0
NG_065011.1	1070	9	0
NG_065010.1	1014	1	0
NG_065009.1	1017	2	0
NG_065007.1	592	3	0
NG_065002.1	1133	2	0
NG_065000.1	1585	2	0
NG_064999.1	2408	3	0
NG_064998.1	1052	2	0
NG_064997.1	1066	4	0
NG_064995.1	1702	1	0
NG_064994.1	1706	4	0
NG_064991.1	1138	2	0
NG_064990.1	1748	42	0
NG_064986.1	1036	35	0
NG_064985.1	1028	6	0
NG_064984.1	1024	10	0
NG_064983.1	1085	11	0
NG_064982.1	1096	17	0
NG_064981.1	1025	2	0
NG_064980.1	1031	1	0
NG_064977.1	1735	13	0
NG_064976.1	1776	167	0
NG_064975.1	1121	1	0
NG_064969.1	1667	41	0
NG_064968.1	1663	20	0
NG_064965.1	1699	2	0
NG_064959.1	1073	26	0
NG_064958.1	1724	26	0
NG_064956.1	1766	4	0
NG_064955.1	1134	2	0
NG_064954.1	1717	2	0
NG_064953.1	1718	3	0
NG_064952.1	1024	1	0
NG_064947.1	1057	4	0
NG_064946.1	1055	12	0
NG_064945.1	1119	1	0
NG_064940.1	1779	1	0
NG_064927.1	1733	3	0
NG_064926.1	1736	1	0
NG_064921.1	1714	31	0
NG_064918.1	1076	1	0
NG_064917.1	2226	4	0
NG_064912.1	1762	1	0
NG_064909.1	1663	1	0
NG_064908.1	1724	6	0
NG_064907.1	1767	7	0
NG_064906.1	1786	2	0
NG_064905.1	1624	30	0
NG_064904.1	1700	4	0
NG_064903.1	1707	15	0
NG_064902.1	1196	18	0
NG_064899.1	1788	5	0
NG_064898.1	1662	1	0
NG_064896.1	1735	3	0
NG_064895.1	1704	1	0
NG_064891.1	930	4	0
NG_064890.1	1736	1	0
NG_064889.1	2050	11	0
NG_064888.1	1804	3	0
NG_064886.1	1743	4	0
NG_064880.1	1652	2	0
NG_064879.1	1684	1	0
NG_064878.1	1787	4	0
NG_064873.1	1784	4	0
NG_064872.1	942	1	0
NG_064871.1	1781	10	0
NG_064870.1	1777	9	0
NG_064869.1	1781	8	0
NG_064868.1	1018	1	0
NG_064867.1	958	1	0
NG_064864.1	1745	7	0
NG_064861.1	1032	3	0
NG_064860.1	1030	2	0
NG_064859.1	2522	15	0
NG_064858.1	1750	8	0
NG_064856.1	1028	1	0
NG_064855.1	1028	1	0
NG_064842.1	1421	1	0
NG_064841.1	1381	1	0
NG_064839.1	1687	8	0
NG_064838.1	1721	3	0
NG_064837.1	2224	3	0
NG_064829.1	1771	2	0
NG_064827.1	1772	1	0
NG_064826.1	1772	3	0
NG_064825.1	1798	8	0
NG_064824.1	1757	66	0
NG_064820.1	1750	1	0
NG_064817.1	1763	1	0
NG_064815.1	1727	4	0
NG_064802.1	1777	2	0
NG_064800.1	1447	6	0
NG_064797.1	1750	3	0
NG_064796.1	1748	1	0
NG_064795.1	1752	9	0
NG_064794.1	1753	90	0
NG_063372.1	1698	1	0
NG_063410.1	1743	3	0
NG_062811.1	1771	7	0
NG_063633.1	1029	1	0
NG_063693.1	1032	1	0
NG_063678.1	1366	2	0
NG_063677.1	1146	3	0
NG_063676.1	1146	1	0
NG_063671.1	1019	2	0
NG_063661.1	1111	2	0
NG_063646.1	1030	2	0
NG_063645.1	1029	2	0
NG_063643.1	1006	1	0
NG_063638.1	1028	1	0
NG_063627.1	690	12	0
NG_063619.1	1021	1	0
NG_063617.1	958	1	0
NG_063616.1	895	1	0
NG_063614.1	911	1	0
NG_063603.1	995	1	0
NG_063591.1	1052	5	0
NG_063590.1	1050	1	0
NG_063589.1	1050	1	0
NG_063588.1	1050	1	0
NG_063577.1	1020	1	0
NG_063567.1	1037	1	0
NG_063561.1	998	1	0
NG_063542.1	1733	1	0
NG_063541.1	1770	1	0
NG_063532.1	1734	1	0
NG_063531.1	1734	1	0
NG_063529.1	1736	1	0
NG_063528.1	2044	12	0
NG_063527.1	1757	1	0
NG_063526.1	1753	1	0
NG_063525.1	1744	1	0
NG_063524.1	1754	2	0
NG_063523.1	1777	6	0
NG_063522.1	1755	4	0
NG_063520.1	1777	43	0
NG_063519.1	1784	5	0
NG_063517.1	1782	1	0
NG_063513.1	1765	7	0
NG_063510.1	1789	3	0
NG_063509.1	1767	5	0
NG_063505.1	1748	2	0
NG_063500.1	1704	1	0
NG_063499.1	1754	3	0
NG_063482.1	1752	1	0
NG_063479.1	1752	1	0
NG_063478.1	1735	2	0
NG_063476.1	1734	1	0
NG_063475.1	1735	3	0
NG_063474.1	1782	3	0
NG_063473.1	1754	2	0
NG_063472.1	1776	2	0
NG_063471.1	1791	4	0
NG_063470.1	1782	49	0
NG_063469.1	1782	5	0
NG_063468.1	1782	3	0
NG_063467.1	1781	6	0
NG_063466.1	1782	2	0
NG_063465.1	1782	16	0
NG_063464.1	1782	4	0
NG_063463.1	1782	20	0
NG_063462.1	1782	45	0
NG_063459.1	1782	24	0
NG_063458.1	1783	9	0
NG_063457.1	1782	15	0
NG_063456.1	1756	3	0
NG_063455.1	1780	9	0
NG_063454.1	1780	6	0
NG_063453.1	1780	6	0
NG_063452.1	1781	1	0
NG_063451.1	2088	1	0
NG_063450.1	1668	1	0
NG_063449.1	1761	1	0
NG_063448.1	1785	1	0
NG_063447.1	1780	4	0
NG_063444.1	1766	10	0
NG_063442.1	1788	2	0
NG_063439.1	1757	6	0
NG_063437.1	1758	6	0
NG_063436.1	1756	2	0
NG_063434.1	1766	1	0
NG_063430.1	1701	2	0
NG_063426.1	1766	2	0
NG_063423.1	1772	2	0
NG_063422.1	1766	4	0
NG_063421.1	1781	2	0
NG_063420.1	1784	2	0
NG_063419.1	1768	1	0
NG_063418.1	1760	2	0
NG_063417.1	1781	1	0
NG_063413.1	1759	2	0
NG_063407.1	1767	1	0
NG_063403.1	1780	4	0
NG_063400.1	1772	1	0
NG_063397.1	1782	1	0
NG_063395.1	1784	3	0
NG_063394.1	1781	1	0
NG_063392.1	1749	8	0
NG_063391.1	1733	4	0
NG_063390.1	1757	1	0
NG_063389.1	1748	3	0
NG_063388.1	1757	2	0
NG_063387.1	1751	1	0
NG_063386.1	1778	54	0
NG_063384.1	1744	23	0
NG_063383.1	1737	1	0
NG_063382.1	1745	1	0
NG_063379.1	1734	2	0
NG_063378.1	1734	1	0
NG_063376.1	1737	1	0
NG_063371.1	1695	2	0
NG_063367.1	1757	1	0
NG_063364.1	1755	1	0
NG_063363.1	1749	1	0
NG_063359.1	1726	1	0
NG_063358.1	1751	2	0
NG_063355.1	1621	307	0
NG_063352.1	1691	1	0
NG_063350.1	1734	1	0
NG_063349.1	1767	6	0
NG_063348.1	1784	16	0
NG_063347.1	1780	5	0
NG_063345.1	1761	1	0
NG_063344.1	1776	8	0
NG_063343.1	1776	7	0
NG_063342.1	1776	2	0
NG_063340.1	1712	1	0
NG_063338.1	1722	1	0
NG_063325.1	1720	1	0
NG_063324.1	1716	2	0
NG_063323.1	1701	2	0
NG_063320.1	1719	4	0
NG_063318.1	1708	1	0
NG_063316.1	1733	1	0
NG_063312.1	1661	1	0
NG_063311.1	1629	4	0
NG_063297.1	1671	4	0
NG_063294.1	1646	4	0
NG_063292.1	1699	1	0
NG_063291.1	1734	1	0
NG_063289.1	1712	1	0
NG_063288.1	1737	2	0
NG_063286.1	1752	1	0
NG_063281.1	1726	1	0
NG_063279.1	1700	1	0
NG_063277.1	1699	2	0
NG_063276.1	1721	2	0
NG_063275.1	1722	1	0
NG_063273.1	1717	1	0
NG_063272.1	1715	1	0
NG_063271.1	1724	1	0
NG_063268.1	1752	7	0
NG_063267.1	1753	4	0
NG_063266.1	1752	2	0
NG_063265.1	1752	2	0
NG_063240.1	1749	1	0
NG_063237.1	1749	3	0
NG_063235.1	1787	10	0
NG_063234.1	1794	40	0
NG_063232.1	1777	3	0
NG_063231.1	1751	2	0
NG_063230.1	1771	2	0
NG_063229.1	1778	1	0
NG_063094.1	1035	2	0
NG_063081.1	1783	3	0
NG_063055.1	1687	1	0
NG_063052.1	1686	1	0
NG_063047.1	2053	7	0
NG_063046.1	2055	6	0
NG_062830.1	1370	1	0
NG_062784.1	1751	1	0
NG_062774.1	1067	6	0
NG_062731.1	1071	9	0
NG_062682.1	1753	2	0
NG_062675.1	1650	1	0
NG_062673.1	1081	1	0
NG_062672.1	1723	15	0
NG_062668.1	1670	1	0
NG_063109.1	1787	3	0
NG_063103.1	1769	1	0
NG_063099.1	1707	13	0
NG_063098.1	1614	206	0
NG_063091.1	1709	2	0
NG_063085.1	1628	1	0
NG_063084.1	1628	2	0
NG_063083.1	1750	2	0
NG_063080.1	1632	3	0
NG_063079.1	1687	1	0
NG_063078.1	1687	2	0
NG_063077.1	1738	5	0
NG_063076.1	1631	1	0
NG_063075.1	1630	5	0
NG_063074.1	1510	1	0
NG_063072.1	1599	1	0
NG_063071.1	1598	2	0
NG_063069.1	1597	1	0
NG_063061.1	1086	1	0
NG_063060.1	1538	1	0
NG_063059.1	1564	2	0
NG_063058.1	1590	1	0
NG_063057.1	1637	1	0
NG_063054.1	1684	1	0
NG_063053.1	1687	2	0
NG_063051.1	1687	1	0
NG_063045.1	1588	8	0
NG_063044.1	1589	1	0
NG_063043.1	1582	3	0
NG_063042.1	1596	3	0
NG_063040.1	2321	1	0
NG_063038.1	1955	4	0
NG_063037.1	1584	5	0
NG_063027.1	1015	1	0
NG_063018.1	1614	1	0
NG_063012.1	1598	2	0
NG_063003.1	1679	8	0
NG_063002.1	1542	5	0
NG_063001.1	1533	1	0
NG_063000.1	1570	6	0
NG_062995.1	1714	1	0
NG_062983.1	1598	1	0
NG_062982.1	1599	1	0
NG_062981.1	1598	1	0
NG_062977.1	1656	1	0
NG_062975.1	1642	1	0
NG_062974.1	1656	9	0
NG_062972.1	1657	1	0
NG_062971.1	1657	6	0
NG_062970.1	1657	5	0
NG_062969.1	1656	6	0
NG_062968.1	1657	6	0
NG_062967.1	1656	1	0
NG_062966.1	1656	3	0
NG_062965.1	1655	4	0
NG_062963.1	1656	2	0
NG_062962.1	1656	9	0
NG_062959.1	1655	1	0
NG_062958.1	1655	3	0
NG_062949.1	1655	2	0
NG_062947.1	1655	1	0
NG_062946.1	1653	1	0
NG_062945.1	1655	1	0
NG_062943.1	1655	10	0
NG_062942.1	1656	2	0
NG_062941.1	1656	3	0
NG_062939.1	1656	4	0
NG_062937.1	1657	4	0
NG_062934.1	1656	1	0
NG_062927.1	1666	6	0
NG_062926.1	1649	1	0
NG_062925.1	2725	3	0
NG_062924.1	1703	3	0
NG_062923.1	1686	19	0
NG_062893.1	1020	1	0
NG_062883.1	1020	1	0
NG_062864.1	1596	1	0
NG_062861.1	1640	2	0
NG_062860.1	1650	2	0
NG_062859.1	1019	4	0
NG_062858.1	1141	1	0
NG_062856.1	1681	3	0
NG_062855.1	1643	1	0
NG_062853.1	1024	1	0
NG_062850.1	1068	6	0
NG_062849.1	1068	9	0
NG_062847.1	1020	1	0
NG_062846.1	1020	2	0
NG_062845.1	1020	1	0
NG_062843.1	1021	1	0
NG_062836.1	1040	1	0
NG_062835.1	1020	1	0
NG_062833.1	1019	1	0
NG_062823.1	2063	1	0
NG_062822.1	1636	2	0
NG_062821.1	2124	6	0
NG_062818.1	1766	5	0
NG_062816.1	2007	10	0
NG_062815.1	1770	2	0
NG_062814.1	1767	2	0
NG_062813.1	1747	1	0
NG_062809.1	1741	5	0
NG_062804.1	1732	2	0
NG_062802.1	1622	2	0
NG_062800.1	1771	1	0
NG_062799.1	1382	1	0
NG_062791.1	950	1	0
NG_062785.1	1787	1	0
NG_062783.1	1727	1	0
NG_062780.1	1592	4	0
NG_062777.1	1682	3	0
NG_062776.1	1682	5	0
NG_062773.1	1134	1	0
NG_062769.1	1599	1	0
NG_062767.1	1590	11	0
NG_062765.1	1590	1	0
NG_062764.1	1590	1	0
NG_062759.1	1155	1	0
NG_062752.1	1134	1	0
NG_062748.1	1134	1	0
NG_062744.1	1134	1	0
NG_062742.1	1134	1	0
NG_062737.1	1134	1	0
NG_062735.1	1697	76	0
NG_062734.1	1670	1	0
NG_062732.1	1549	4	0
NG_062728.1	1730	1	0
NG_062727.1	1750	6	0
NG_062717.1	1556	1	0
NG_062711.1	1659	2	0
NG_062707.1	1702	1	0
NG_062704.1	2692	2	0
NG_062703.1	1549	1	0
NG_062701.1	1690	2	0
NG_062700.1	1691	2	0
NG_062699.1	1702	1	0
NG_062694.1	1141	2	0
NG_062693.1	1662	1	0
NG_062692.1	1181	3	0
NG_062691.1	1799	8	0
NG_062690.1	1710	1	0
NG_062689.1	2089	1	0
NG_062688.1	1648	1	0
NG_062687.1	1648	1	0
NG_062685.1	1765	10	0
NG_062683.1	1744	2	0
NG_062681.1	1069	1	0
NG_062680.1	1051	2	0
NG_062676.1	1671	1	0
NG_062670.1	1783	1	0
NG_062667.1	1759	1	0
NG_062666.1	1754	1	0
NG_062665.1	1727	4	0
NG_062662.1	1700	1	0
NG_062661.1	1724	6	0
NG_062658.1	1710	2	0
NG_062657.1	1708	3	0
NG_062656.1	1727	3	0
NG_062647.1	1714	6	0
NG_062641.1	1758	1	0
NG_062640.1	1761	2	0
NG_062639.1	1731	2	0
NG_062638.1	1753	1	0
NG_062636.1	1758	1	0
NG_062635.1	1750	1	0
NG_062628.1	989	1	0
NG_062626.1	1766	80	0
NG_062624.1	1756	69	0
NG_062622.1	1757	65	0
NG_062619.1	1757	82	0
NG_062618.1	1757	87	0
NG_062616.1	1782	6	0
NG_062615.1	1782	5	0
NG_062613.1	1659	1	0
NG_062611.1	1792	5	0
NG_062610.1	1732	1	0
NG_062609.1	1734	1	0
NG_062608.1	1727	2	0
NG_062604.1	1685	2	0
NG_062600.1	1769	11	0
NG_062598.1	1741	2	0
NG_062597.1	1740	3	0
NG_062595.1	1739	2	0
NG_062594.1	1739	3	0
NG_062431.1	1112	2	0
NG_062430.1	1112	4	0
NG_062420.1	1461	1	0
NG_062418.1	976	1	0
NG_062412.1	1599	1	0
NG_062410.1	1579	1	0
NG_062409.1	980	3	0
NG_062407.1	1613	3	0
NG_062406.1	1575	1	0
NG_062404.1	1577	1	0
NG_062402.1	1642	2	0
NG_062401.1	1637	2	0
NG_062399.1	1656	1	0
NG_062396.1	1749	1	0
NG_062394.1	1024	2	0
NG_062393.1	1696	23	0
NG_062391.1	1663	34	0
NG_062390.1	1637	1	0
NG_062389.1	1697	1	0
NG_062387.1	1703	2	0
NG_062385.1	1734	2	0
NG_062384.1	1734	1	0
NG_062383.1	1022	1	0
NG_062382.1	1684	8	0
NG_062381.1	1770	51	0
NG_062380.1	1143	2	0
NG_062379.1	1138	2	0
NG_062378.1	1619	18	0
NG_062377.1	1765	1	0
NG_062375.1	1691	26	0
NG_062371.1	1770	35	0
NG_062367.1	1783	4	0
NG_062366.1	1767	238	0
NG_062365.1	1760	1	0
NG_062362.1	1769	5	0
NG_062361.1	1766	18	0
NG_062197.1	1783	3	0
NG_062196.1	1783	3	0
NG_062195.1	1783	2	0
NG_062193.1	1698	3	0
NG_062192.1	1697	8	0
NG_062191.1	1697	8	0
NG_062184.1	2035	1	0
NG_062182.1	1607	2	0
NG_062181.1	1763	1	0
NG_062179.1	1581	1	0
NG_062175.1	1558	2	0
NG_062174.1	1582	1	0
NG_062172.1	1659	5	0
NG_062171.1	1663	181	0
NG_062170.1	1574	1	0
NG_062169.1	1719	7	0
NG_062168.1	1719	2	0
NG_062167.1	1719	5	0
NG_062165.1	1719	8	0
NG_062164.1	1660	1	0
NG_062161.1	1656	1	0
NG_062159.1	1655	1	0
NG_062158.1	1656	1	0
NG_062154.1	1104	2	0
NG_062152.1	1694	1	0
NG_062150.1	1096	1	0
NG_062148.1	1705	2	0
NG_062147.1	1789	4	0
NG_062146.1	1708	1	0
NG_062145.1	1799	6	0
NG_062144.1	1744	2	0
NG_062143.1	1748	1	0
NG_062142.1	1749	1	0
NG_062141.1	1758	3	0
NG_062140.1	1753	3	0
NG_062139.1	1686	3	0
NG_062137.1	1673	2	0
NG_062136.1	1781	4	0
NG_062135.1	1782	23	0
NG_062134.1	1782	4	0
NG_062133.1	1781	1	0
NG_062132.1	1757	1	0
NG_062131.1	1733	1	0
NG_062130.1	1731	1	0
NG_062128.1	1756	1	0
NG_062127.1	1768	2	0
NG_062126.1	1762	7	0
NG_062124.1	1767	8	0
NG_062123.1	1735	1	0
NG_062119.1	1762	2	0
NG_062111.1	1654	1	0
NG_062110.1	1654	2	0
NG_062108.1	1654	1	0
NG_062107.1	1656	6	0
NG_062104.1	1659	1	0
NG_062102.1	1652	1	0
NG_062094.1	1655	1	0
NG_062092.1	1765	2	0
NG_062091.1	1758	2	0
NG_062090.1	1758	4	0
NG_062087.1	1762	1	0
NG_062086.1	1758	1	0
NG_062085.1	1708	5	0
NG_062084.1	1746	3	0
NG_062083.1	1775	8	0
NG_062082.1	1758	6	0
NG_062081.1	1758	5	0
NG_062080.1	1752	1	0
NG_062078.1	1749	3	0
NG_062077.1	1786	1	0
NG_062076.1	1722	1	0
NG_062075.1	1751	1	0
NG_062074.1	1741	1	0
NG_062072.1	1749	2	0
NG_062071.1	1721	1	0
NG_062065.1	1681	1	0
NG_062060.1	1661	3	0
NG_062053.1	1665	1	0
NG_062048.1	1790	4	0
NG_062047.1	1696	1	0
NG_062044.1	1696	1	0
NG_062042.1	1781	10	0
NG_062039.1	1742	1	0
NG_062038.1	1742	1	0
NG_062037.1	1731	2	0
NG_062035.1	1745	2	0
NG_062033.1	1781	8	0
NG_062030.1	1775	5	0
NG_062029.1	1782	1	0
NG_062026.1	1782	2	0
NG_062025.1	1789	5	0
NG_062024.1	1792	32	0
NG_062023.1	1776	2	0
NG_062022.1	1780	1	0
NG_062020.1	1773	1	0
NG_062018.1	1777	2	0
NG_062014.1	1776	1	0
NG_062012.1	1774	3	0
NG_062011.1	1776	8	0
NG_061301.1	1762	5	0
NG_061299.1	1719	3	0
NG_061284.1	857	3675	0
NG_061279.1	953	2	0
NG_061275.1	1507	21	0
NG_061270.1	1002	1	0
NG_061264.1	1364	1	0
NG_061262.1	1783	2	0
NG_061258.1	2090	2	0
NG_061256.1	1809	6	0
NG_061247.1	1021	1	0
NG_061246.1	2310	6	0
NG_061241.1	1024	4	0
NG_061239.1	1448	1	0
NG_061235.1	850	2	0
NG_061233.1	972	1	0
NG_061230.1	943	2	0
NG_061226.1	1003	1	0
NG_061223.1	1722	1	0
NG_061222.1	1718	1	0
NG_061212.1	1659	7	0
NG_061209.1	1017	2	0
NG_061208.1	1684	2	0
NG_061200.1	1700	2	0
NG_061199.1	1670	21	0
NG_061198.1	1306	2	0
NG_061196.1	1697	9	0
NG_061195.1	1144	5	0
NG_061193.1	989	5	0
NG_061189.1	1364	1	0
NG_061187.1	1380	2	0
NG_061182.1	1451	2	0
NG_061179.1	1606	3	0
NG_061178.1	1623	1	0
NG_061177.1	1712	2	0
NG_061174.1	1591	1	0
NG_061173.1	767	39	0
NG_061172.1	1708	2	0
NG_061169.1	1026	1	0
NG_061167.1	1999	7	0
NG_061166.1	1719	4	0
NG_061165.1	1057	1	0
NG_061163.1	1459	1	0
NG_061160.1	1656	4	0
NG_061158.1	1657	3	0
NG_061157.1	1656	1	0
NG_061152.1	1655	1	0
NG_061150.1	1655	2	0
NG_061145.1	1627	1	0
NG_061144.1	1764	1	0
NG_061140.1	1649	17	0
NG_061139.1	1663	2	0
NG_061136.1	2153	2	0
NG_061135.1	1643	5	0
NG_061132.1	1749	16	0
NG_061131.1	1749	1	0
NG_061130.1	1752	4	0
NG_061126.1	1646	3	0
NG_061125.1	1763	5	0
NG_061123.1	1698	3	0
NG_061121.1	1005	1	0
NG_061116.1	1778	5	0
NG_061115.1	1775	405	0
NG_061114.1	1664	36	0
NG_061113.1	1664	41	0
NG_061112.1	1608	3	0
NG_061110.1	1773	6	0
NG_061109.1	1775	7	0
NG_061108.1	1201	2	0
NG_061106.1	1697	1	0
NG_061103.1	1746	2	0
NG_061102.1	1698	9	0
NG_061095.1	1747	1	0
NG_061094.1	1762	4	0
NG_061090.1	1743	1	0
NG_061088.1	1744	1	0
NG_061087.1	1727	2	0
NG_061083.1	1749	1	0
NG_061082.1	1626	1	0
NG_061079.1	1362	1	0
NG_061077.1	2459	9	0
NG_061076.1	1684	9	0
NG_061075.1	967	12	0
NG_061070.1	1138	5	0
NG_061069.1	1022	1	0
NG_061066.1	1022	1	0
NG_061065.1	1022	1	0
NG_061063.1	1020	1	0
NG_061059.1	1575	11	0
NG_061057.1	1705	1	0
NG_061056.1	1715	14	0
NG_061055.1	1785	1	0
NG_061054.1	1754	87	0
NG_061053.1	1769	81	0
NG_061052.1	1696	1	0
NG_061050.1	1720	4	0
NG_061047.1	1600	1	0
NG_061046.1	1687	1	0
NG_061045.1	1792	24	0
NG_061044.1	1675	11	0
NG_061042.1	1777	2	0
NG_061039.1	1758	1	0
NG_061038.1	1756	522	0
NG_061037.1	1739	6	0
NG_061034.1	1759	3	0
NG_061032.1	2157	2	0
NG_061031.1	1783	13	0
NG_061028.1	1672	6	0
NG_061027.1	1072	1	0
NG_061026.1	1849	34	0
NG_061024.1	1082	1	0
NG_061023.1	1753	5	0
NG_061022.1	1758	3	0
NG_061020.1	2161	2	0
NG_061018.1	1749	3	0
NG_061014.1	2063	4	0
NG_061011.1	1776	29	0
NG_061010.1	1752	4	0
NG_061009.1	1751	1	0
NG_061008.1	1762	17	0
NG_061007.1	1028	1	0
NG_061006.1	1287	3	0
NG_061005.1	1758	24	0
NG_061004.1	1742	1	0
NG_060998.1	975	1	0
NG_060996.1	1676	71	0
NG_060994.1	991	1	0
NG_060993.1	1335	1	0
NG_060991.1	990	1	0
NG_060988.1	1778	5	0
NG_060986.1	1781	1	0
NG_060984.1	1781	3	0
NG_060983.1	1781	6	0
NG_060982.1	1782	23	0
NG_060981.1	1757	1	0
NG_060979.1	2078	1	0
NG_060977.1	1752	2	0
NG_060975.1	2072	1	0
NG_060972.1	1740	12	0
NG_060970.1	1688	1	0
NG_060969.1	1683	1	0
NG_060968.1	1756	1	0
NG_060587.1	1738	1	0
NG_016506.1	1026	2	0
NG_013175.1	1776	329	0
NG_017192.1	1736	28	0
NG_017187.1	1751	209	0
NG_017185.1	1816	12	0
NG_017179.1	1787	55	0
NG_017174.1	1770	389	0
NG_017173.1	2620	70	0
NG_017172.1	1796	385	0
NG_017168.1	1784	100	0
NG_017166.1	1860	130	0
NG_016527.1	1779	1	0
NG_016502.1	1752	5	0
NG_016494.1	1686	10	0
NG_013154.1	1715	177	0
NG_013193.1	1618	3	0
NG_012432.1	1724	1	0
NG_017176.1	1463	423	0
