3300012181
3300011411
3300012136
3300012087
3300012083
3300012995
3300012131
3300013023
3300012120
3300012058
3300012151
3300012088
3300012130
3300012089
3300012102
3300012144
3300012105
3300011392
3300012998
3300012177
3300012084
3300012148
3300012150
3300012996
3300012068
3300012126
3300012073
3300012156
3300013022
3300012082
3300011393
3300012071
3300012057
3300011418
3300012165
3300012112
3300012101
3300013000
3300011380
3300012132
3300011401
3300012176
3300012078
3300013001
3300011390
3300012081
3300012077
3300012119
3300012997
3300012677
3300012162
3300012125
3300012067
3300012086
3300012069
3300012135
3300013002
3300012155
3300012063
3300012158
3300012999
3300011396
3300012095
3300012099
3300012054
3300012100
3300012070
3300013025
3300012079
3300012065
3300012085
3300012141
3300012062
3300012153
3300012674
3300012090
3300012060
3300012061
3300012056
3300012994
3300012075
3300012169
3300012154
3300012124
